PresOrder,TrialNumber,Far_Close,Hallway,Perspective,Phase,Catch_Trial,Response,Response_Time
1,92,2,2,2,2,1,1,NaN
2,60,1,1,1,1,1,1,NaN
3,104,1,2,2,1,1,1,NaN
4,12,1,2,2,1,1,1,NaN
5,4,2,1,2,2,2,1,0.332301334038675
6,105,2,2,1,2,1,1,NaN
7,30,2,2,1,2,1,1,NaN
8,43,2,2,1,2,1,1,NaN
9,80,2,2,1,2,1,1,NaN
10,13,2,2,1,2,1,1,NaN
11,49,2,2,1,2,2,1,0.296275203453661
12,72,1,1,1,1,1,1,NaN
13,79,1,2,2,1,1,1,NaN
14,75,2,2,2,2,1,1,NaN
15,2,2,1,2,2,1,1,NaN
16,94,2,1,2,2,1,1,NaN
17,67,2,2,2,2,1,1,NaN
18,81,1,1,2,1,1,1,NaN
19,36,2,1,2,2,1,1,NaN
20,58,2,2,1,2,1,1,NaN
21,102,1,1,2,1,1,1,NaN
22,106,1,2,2,1,2,1,0.289229532875652
23,7,2,1,2,2,1,1,NaN
24,110,2,2,2,2,1,1,NaN
25,91,1,2,2,1,1,1,NaN
26,21,1,1,2,1,2,1,0.336652822131327
27,8,1,2,2,1,1,1,NaN
28,86,2,1,1,2,1,1,NaN
29,14,1,1,2,1,1,1,NaN
30,18,1,1,1,1,1,1,NaN
31,10,1,1,1,1,1,1,NaN
32,39,2,1,2,2,2,1,0.448425691368357
33,22,2,2,2,2,1,1,NaN
34,24,2,1,2,2,1,1,NaN
35,66,1,2,1,1,1,1,NaN
36,40,1,1,2,1,1,1,NaN
37,65,2,1,2,2,1,1,NaN
38,16,1,2,1,1,1,1,NaN
39,50,2,1,1,2,1,1,NaN
40,52,1,2,2,1,2,1,0.633230923573137
41,9,2,2,2,2,1,1,NaN
42,17,2,2,1,2,1,1,NaN
43,98,2,1,2,2,1,1,NaN
44,27,1,1,2,1,1,1,NaN
45,70,1,2,1,1,1,1,NaN
46,100,1,2,1,1,1,1,NaN
47,33,1,2,1,1,1,1,NaN
48,38,2,2,2,2,1,1,NaN
49,56,1,2,1,1,1,1,NaN
50,3,1,2,2,1,1,1,NaN
51,6,1,1,2,1,1,1,NaN
52,29,1,2,1,1,1,1,NaN
53,82,2,1,2,2,1,1,NaN
54,108,2,1,2,2,1,1,NaN
55,15,2,1,2,2,1,1,NaN
56,77,1,1,1,1,1,0,0.319217896911141
57,5,2,2,2,2,1,1,NaN
58,64,1,1,2,1,1,1,NaN
59,46,1,2,2,1,1,1,NaN
60,31,1,1,2,1,1,1,NaN
61,62,1,2,1,1,1,1,NaN
62,23,1,1,1,1,1,1,NaN
63,11,2,1,1,2,1,1,NaN
64,20,1,2,2,1,1,1,NaN
65,55,2,1,2,2,1,1,NaN
66,69,2,1,1,2,1,1,NaN
67,97,1,1,2,1,1,1,NaN
68,74,1,2,2,1,1,1,NaN
69,32,2,1,1,2,1,1,NaN
70,51,1,2,2,1,1,1,NaN
71,28,2,1,2,2,1,1,NaN
72,44,1,1,1,1,1,1,NaN
73,26,2,2,1,2,1,1,NaN
74,89,1,1,2,1,1,1,NaN
75,76,2,1,1,2,2,1,0.319745261329444
76,95,1,2,2,1,1,1,NaN
77,63,2,2,2,2,1,1,NaN
78,47,2,2,2,2,1,1,NaN
79,85,1,1,1,1,1,1,NaN
80,41,2,1,2,2,1,1,NaN
81,45,2,1,2,2,1,1,NaN
82,54,1,1,2,1,1,1,NaN
83,101,2,2,1,2,1,1,NaN
84,90,2,1,2,2,1,1,NaN
85,73,2,1,2,2,1,1,NaN
86,57,1,1,1,1,2,1,0.378245251964472
87,19,2,1,1,2,1,1,NaN
88,71,2,2,2,2,1,1,NaN
89,48,1,1,2,1,1,1,NaN
90,59,1,1,1,1,2,1,0.407603822309284
91,107,1,1,1,1,1,1,NaN
92,25,1,2,1,1,1,1,NaN
93,87,1,2,2,1,1,1,NaN
94,84,2,2,2,2,1,1,NaN
95,68,1,1,1,1,1,1,NaN
96,1,1,1,1,1,1,1,NaN
97,96,2,2,1,2,1,1,NaN
98,35,1,1,2,1,1,1,NaN
99,37,1,2,1,1,1,1,NaN
100,93,1,1,2,1,1,1,NaN
101,78,2,1,1,2,1,1,NaN
102,42,1,2,1,1,1,1,NaN
103,109,1,2,1,1,1,1,NaN
104,83,1,2,1,1,1,1,NaN
105,53,2,2,1,2,1,1,NaN
106,34,2,2,1,2,1,1,NaN
107,99,2,2,2,2,2,1,0.439150867195167
108,103,2,1,2,2,1,1,NaN
109,61,2,1,1,2,1,1,NaN
110,88,2,2,1,2,1,1,NaN
111,167,2,1,2,2,1,1,NaN
112,151,1,1,2,1,2,1,0.36613723415212
113,170,1,1,2,1,1,1,NaN
114,149,1,2,2,1,1,1,NaN
115,144,2,1,2,2,1,1,NaN
116,112,2,1,1,2,1,1,NaN
117,182,1,1,2,1,1,1,NaN
118,150,2,2,2,2,1,1,NaN
119,183,2,1,1,2,1,1,NaN
120,157,1,1,1,1,2,1,0.509491681572399
121,142,1,1,1,1,1,1,NaN
122,148,2,1,1,2,1,1,NaN
123,205,1,2,2,1,1,1,NaN
124,209,2,1,2,2,1,1,NaN
125,210,1,2,1,1,1,1,NaN
126,176,1,2,2,1,1,1,NaN
127,121,1,1,1,1,1,1,NaN
128,159,2,1,2,2,1,1,NaN
129,214,2,1,1,2,1,1,NaN
130,154,1,2,1,1,1,1,NaN
131,128,2,2,2,2,1,1,NaN
132,130,2,1,2,2,1,1,NaN
133,169,2,2,2,2,1,1,NaN
134,208,1,1,1,1,1,1,NaN
135,164,1,2,1,1,1,1,NaN
136,192,1,2,1,1,1,1,NaN
137,215,1,2,1,1,1,1,NaN
138,193,2,2,2,2,1,1,NaN
139,147,1,1,2,1,1,1,NaN
140,198,1,1,2,1,1,1,NaN
141,194,1,1,2,1,1,1,NaN
142,124,2,2,1,2,1,1,NaN
143,188,1,2,2,1,1,1,NaN
144,202,1,2,2,1,2,1,0.577396727882842
145,155,1,2,1,1,2,1,0.8117452425995
146,216,2,2,1,2,1,1,NaN
147,153,2,1,1,2,1,1,NaN
148,181,2,2,2,2,1,1,NaN
149,143,2,2,2,2,2,1,0.374773484983052
150,213,1,2,1,1,2,1,0.437731197498579
151,218,2,1,2,2,1,1,NaN
152,135,1,2,2,1,1,1,NaN
153,199,2,1,2,2,1,1,NaN
154,114,2,2,1,2,1,1,NaN
155,145,1,2,1,1,1,1,NaN
156,156,2,2,1,2,1,1,NaN
157,211,2,2,1,2,1,1,NaN
158,189,2,2,1,2,1,1,NaN
159,179,2,1,1,2,1,1,NaN
160,146,2,2,2,2,1,1,NaN
161,125,1,1,2,1,1,1,NaN
162,137,1,1,2,1,1,1,NaN
163,123,1,2,2,1,1,1,NaN
164,204,2,1,2,2,1,1,NaN
165,122,2,1,2,2,1,1,NaN
166,163,2,1,1,2,1,1,NaN
167,174,1,1,1,1,1,1,NaN
168,185,2,2,1,2,1,1,NaN
169,113,1,2,2,1,1,1,NaN
170,160,1,2,2,1,1,1,NaN
171,171,2,1,1,2,1,1,NaN
172,127,1,2,2,1,1,1,NaN
173,116,2,1,1,2,1,1,NaN
174,220,2,2,2,2,1,1,NaN
175,111,1,1,1,1,1,1,NaN
176,140,2,1,2,2,2,1,0.407597091242678
177,195,2,1,1,2,1,1,NaN
178,152,1,1,1,1,1,1,NaN
179,178,1,1,2,1,1,1,NaN
180,191,2,1,1,2,1,1,NaN
181,141,2,2,2,2,1,1,NaN
182,200,1,2,2,1,1,1,NaN
183,131,1,2,2,1,1,1,NaN
184,203,1,1,1,1,1,1,NaN
185,166,1,1,1,1,1,1,NaN
186,119,2,2,1,2,2,1,0.419632237944825
187,217,1,1,1,1,1,1,NaN
188,196,1,2,1,1,1,1,NaN
189,126,2,1,2,2,1,1,NaN
190,136,2,2,1,2,1,1,NaN
191,115,1,1,2,1,1,1,NaN
192,139,1,2,1,1,1,1,NaN
193,162,1,1,1,1,1,1,NaN
194,177,2,2,1,2,1,1,NaN
195,129,1,1,1,1,1,1,NaN
196,138,2,1,2,2,1,1,NaN
197,161,2,2,1,2,1,1,NaN
198,186,1,1,1,1,1,1,NaN
199,190,1,1,2,1,1,1,NaN
200,207,2,1,1,2,2,1,0.384020506925481
201,165,2,2,1,2,1,1,NaN
202,133,1,1,1,1,1,1,NaN
203,212,1,1,2,1,1,1,NaN
204,118,2,2,2,2,2,1,0.298663268746168
205,197,2,2,2,2,1,1,NaN
206,132,2,2,1,2,1,1,NaN
207,187,2,1,2,2,1,1,NaN
208,172,1,2,2,1,1,1,NaN
209,117,1,2,2,1,1,1,NaN
210,180,1,2,2,1,1,1,NaN
211,134,2,1,2,2,1,1,NaN
212,173,2,2,2,2,1,1,NaN
213,219,1,2,2,1,1,1,NaN
214,120,2,2,1,2,1,1,NaN
215,158,1,1,1,1,1,1,NaN
216,206,2,2,1,2,1,1,NaN
217,168,1,2,2,1,1,1,NaN
218,184,1,2,2,1,1,1,NaN
219,201,2,2,1,2,1,1,NaN
220,175,2,1,1,2,1,1,NaN
221,244,2,2,1,2,1,1,NaN
222,301,2,1,2,2,1,1,NaN
223,281,1,2,1,1,1,1,NaN
224,222,2,1,1,2,1,1,NaN
225,295,2,2,1,2,1,1,NaN
226,234,2,1,2,2,1,1,NaN
227,299,2,2,2,2,1,1,NaN
228,233,1,1,1,1,1,1,NaN
229,254,1,1,2,1,1,1,NaN
230,264,1,2,1,1,2,1,0.479256024013011
231,280,2,1,2,2,1,1,NaN
232,298,1,2,1,1,1,1,NaN
233,288,1,1,1,1,1,1,NaN
234,235,1,2,2,1,1,1,NaN
235,231,1,2,1,1,1,1,NaN
236,240,2,2,1,2,1,1,NaN
237,249,2,2,1,2,1,1,NaN
238,284,1,1,1,1,1,1,NaN
239,253,2,2,2,2,1,1,NaN
240,228,2,2,1,2,1,1,NaN
241,258,2,2,1,2,2,1,0.491639137580933
242,238,2,1,1,2,1,1,NaN
243,325,2,2,1,2,1,1,NaN
244,272,2,1,2,2,2,1,0.480908647135948
245,275,2,1,2,2,2,1,0.44018189097369
246,268,2,2,2,2,1,1,NaN
247,321,2,2,2,2,1,1,NaN
248,256,1,1,1,1,2,1,0.348162653001054
249,311,1,1,2,1,2,1,0.329299278429971
250,224,2,2,1,2,1,1,NaN
251,289,2,1,2,2,1,1,NaN
252,286,1,2,1,1,1,1,NaN
253,322,1,1,1,1,1,1,NaN
254,245,1,1,2,1,1,1,NaN
255,251,2,1,2,2,1,1,NaN
256,305,2,1,1,2,1,1,NaN
257,274,1,1,2,1,1,1,NaN
258,320,1,2,1,1,1,1,NaN
259,293,2,1,1,2,1,1,NaN
260,263,2,2,2,2,1,1,NaN
261,273,2,2,2,2,1,1,NaN
262,261,2,1,1,2,1,1,NaN
263,276,2,1,2,2,1,1,NaN
264,237,1,1,1,1,1,1,NaN
265,308,1,1,2,1,1,1,NaN
266,285,2,1,1,2,1,1,NaN
267,319,2,1,1,2,1,1,NaN
268,262,1,2,2,1,1,1,NaN
269,247,2,2,2,2,2,1,0.431582807334053
270,279,1,1,1,1,1,1,NaN
271,260,1,1,1,1,1,1,NaN
272,226,2,1,2,2,1,1,NaN
273,304,1,1,1,1,1,1,NaN
274,250,1,1,1,1,1,1,NaN
275,327,1,2,1,1,2,1,0.431520764461311
276,330,2,2,2,2,1,1,NaN
277,221,1,1,1,1,1,1,NaN
278,294,1,2,2,1,1,1,NaN
279,225,1,1,2,1,1,1,NaN
280,328,2,1,2,2,1,1,NaN
281,278,2,2,1,2,1,1,NaN
282,246,2,1,2,2,1,1,NaN
283,329,1,2,2,1,1,1,NaN
284,312,2,2,1,2,1,1,NaN
285,230,2,1,2,2,1,1,NaN
286,229,1,1,1,1,1,1,NaN
287,306,1,2,2,1,1,1,NaN
288,269,1,1,2,1,1,1,NaN
289,270,2,1,2,2,1,1,NaN
290,257,1,2,2,1,1,1,NaN
291,241,1,1,2,1,1,1,NaN
292,326,1,1,2,1,1,1,NaN
293,255,2,1,1,2,1,1,NaN
294,318,1,1,2,1,1,1,NaN
295,314,1,1,1,1,2,1,0.458778949438056
296,297,2,1,1,2,1,1,NaN
297,309,2,1,1,2,1,1,NaN
298,277,1,2,1,1,1,1,NaN
299,317,2,2,1,2,1,1,NaN
300,227,1,2,1,1,1,1,NaN
301,223,1,2,1,1,1,1,NaN
302,296,1,1,1,1,1,1,NaN
303,252,1,2,1,1,1,1,NaN
304,239,1,2,2,1,1,1,NaN
305,287,2,2,1,2,1,1,NaN
306,324,1,2,1,1,1,1,NaN
307,292,1,1,1,1,1,1,NaN
308,307,2,2,1,2,1,1,NaN
309,236,2,2,1,2,1,1,NaN
310,265,1,1,1,1,1,1,NaN
311,283,2,1,2,2,2,1,0.357330365421149
312,290,1,2,1,1,1,1,NaN
313,291,2,2,1,2,1,1,NaN
314,243,1,2,2,1,1,1,NaN
315,303,2,2,2,2,1,1,NaN
316,248,1,2,1,1,1,1,NaN
317,316,1,2,2,1,1,1,NaN
318,310,1,2,1,1,1,1,NaN
319,302,1,2,2,1,1,1,NaN
320,313,1,1,2,1,1,1,NaN
321,232,2,2,2,2,1,1,NaN
322,267,1,2,2,1,1,1,NaN
323,271,1,2,2,1,1,1,NaN
324,315,2,1,2,2,1,1,NaN
325,323,2,1,2,2,1,1,NaN
326,259,2,2,2,2,1,1,NaN
327,242,2,1,2,2,1,1,NaN
328,300,1,1,2,1,1,1,NaN
329,266,2,1,2,2,1,1,NaN
330,282,2,2,2,2,1,1,NaN
331,414,2,2,1,2,1,1,NaN
332,376,1,2,2,1,2,1,0.407935107838057
333,411,2,1,1,2,1,1,NaN
334,354,1,2,1,1,1,1,NaN
335,367,2,2,2,2,1,1,NaN
336,388,1,1,1,1,1,1,NaN
337,383,1,1,2,1,1,1,NaN
338,418,1,2,1,1,2,1,0.375179397551619
339,349,2,1,1,2,1,1,NaN
340,350,1,2,2,1,1,1,NaN
341,369,2,1,2,2,1,1,NaN
342,333,1,2,2,1,1,1,NaN
343,404,1,2,1,1,1,1,NaN
344,351,2,2,1,2,1,1,NaN
345,381,1,2,1,1,1,1,NaN
346,396,2,2,2,2,1,1,NaN
347,419,2,2,1,2,1,1,NaN
348,415,1,1,2,1,1,1,NaN
349,437,1,1,2,1,1,1,NaN
350,378,1,1,1,1,1,1,NaN
351,413,1,2,2,1,1,1,NaN
352,345,2,1,1,2,1,1,NaN
353,331,1,1,2,1,1,1,NaN
354,391,2,2,2,2,1,1,NaN
355,382,2,2,1,2,1,1,NaN
356,362,1,2,2,1,1,1,NaN
357,395,1,2,1,1,1,1,NaN
358,380,2,1,1,2,1,1,NaN
359,424,1,1,1,1,1,1,NaN
360,400,2,2,2,2,1,1,NaN
361,347,2,2,1,2,1,1,NaN
362,428,1,1,1,1,1,1,NaN
363,336,2,1,1,2,1,1,NaN
364,373,2,1,1,2,1,1,NaN
365,387,2,2,2,2,1,1,NaN
366,377,2,2,1,2,1,1,NaN
367,426,1,2,2,1,1,1,NaN
368,421,2,1,1,2,1,1,NaN
369,359,2,2,2,2,1,1,NaN
370,343,2,2,2,2,1,1,NaN
371,402,1,1,1,1,1,1,NaN
372,412,2,1,1,2,2,1,0.421917873965867
373,386,2,1,2,2,2,1,0.613426077674376
374,390,1,2,1,1,1,1,NaN
375,394,2,1,2,2,1,1,NaN
376,440,2,2,2,2,1,1,NaN
377,393,1,2,2,1,2,1,0.341273260224625
378,360,1,1,1,1,1,1,NaN
379,417,1,2,2,1,1,1,NaN
380,363,2,2,2,2,1,1,NaN
381,353,2,1,1,2,1,1,NaN
382,372,1,1,1,1,1,1,NaN
383,438,2,1,1,2,1,1,NaN
384,352,1,1,1,1,1,1,NaN
385,337,1,2,1,1,1,1,NaN
386,408,1,2,2,1,1,1,NaN
387,385,1,2,2,1,1,1,NaN
388,334,2,2,2,2,1,1,NaN
389,368,1,1,2,1,1,1,NaN
390,416,2,1,2,2,1,1,NaN
391,439,1,2,2,1,1,1,NaN
392,357,2,1,2,2,1,1,NaN
393,342,1,1,2,1,2,1,0.409995106807401
394,420,1,1,1,1,1,1,NaN
395,432,2,2,2,2,1,1,NaN
396,371,2,2,1,2,1,1,NaN
397,374,1,2,1,1,1,1,NaN
398,398,2,1,2,2,1,1,NaN
399,364,1,1,2,1,1,1,NaN
400,429,2,1,1,2,1,1,NaN
401,405,2,2,1,2,1,1,NaN
402,427,2,2,2,2,1,1,NaN
403,346,1,2,2,1,1,1,NaN
404,409,2,2,1,2,1,1,NaN
405,433,1,1,1,1,1,1,NaN
406,435,1,2,2,1,1,1,NaN
407,425,2,1,2,2,1,1,NaN
408,422,1,2,2,1,1,1,NaN
409,379,1,1,1,1,2,1,0.406805751958018
410,335,1,1,2,1,1,1,NaN
411,370,1,2,2,1,1,1,NaN
412,399,1,2,2,1,1,1,NaN
413,403,2,1,2,2,1,1,NaN
414,338,2,2,1,2,1,1,NaN
415,431,2,2,2,2,2,1,0.266852541650223
416,341,1,2,2,1,1,1,NaN
417,423,2,2,1,2,1,1,NaN
418,406,1,1,2,1,1,1,NaN
419,355,2,2,2,2,1,1,NaN
420,340,2,1,1,2,1,1,NaN
421,366,1,2,2,1,1,0,0.524061221096417
422,434,2,1,2,2,1,1,NaN
423,410,1,1,1,1,1,1,NaN
424,401,2,2,1,2,2,1,0.342057868441771
425,375,2,2,1,2,2,1,0.337137751566843
426,397,1,1,1,1,1,1,NaN
427,358,1,2,2,1,1,1,NaN
428,361,2,1,1,2,1,1,NaN
429,436,2,2,2,2,1,1,NaN
430,392,1,1,1,1,1,1,NaN
431,339,1,1,1,1,1,1,NaN
432,356,1,1,1,1,1,1,NaN
433,430,1,2,2,1,1,1,NaN
434,348,1,1,2,1,1,1,NaN
435,365,2,1,2,2,1,1,NaN
436,332,2,1,1,2,1,1,NaN
437,384,2,1,2,2,1,1,NaN
438,344,1,1,1,1,1,1,NaN
439,389,2,1,1,2,1,1,NaN
440,407,2,1,1,2,1,1,NaN
