TrialOrder,TrialNumber,TrialType,SpeedUpTimeCalc,OnsetRelativeToExpStart,OnsetSpeedChange,ResponseTime,Prestim_Interval
1,37,1,1,164.322451339925,1.00198798895326,0.710594696374756,1.64
2,88,1,2,169.334628028333,2.00618257833321,0.594674425472476,1.52
3,142,1,1.5,175.101025425363,1.50609200236067,0.711260188333654,1.33
4,30,1,1,180.570497518161,1.00318815716946,0.577719891098241,1.59
5,56,1,1.5,185.379076101669,1.51106885207901,0.460554676134052,1.38
6,152,1,2.5,191.085122977003,2.5045643559115,0.244999079607624,1.67
7,59,1,2.5,197.639822231119,2.49980699562548,0.495142406206469,1.52
8,124,1,1.5,204.132945041895,1.50607473585933,0.494976472195958,1.57
9,57,1,1,209.307471332486,0.998341537848319,0.545176631925642,1.3
10,34,1,1.5,214.304622359652,1.50074260591282,0.478587342600804,1.59
11,185,2,1,219.683572035407,0,0,1.58
12,120,1,2,224.41631350817,2.00526745372645,0.461691631394388,1.26
13,105,1,2.5,230.18603631643,2.50226527726954,0.578194573577093,1.25
14,53,1,2.5,236.866031844698,2.50522545808144,0.461650074728823,1.66
15,6,1,2,243.580675096818,2.00704795200272,0.428183204024208,1.74
16,47,1,1.5,249.372934787349,1.51500093209779,0.678198641448034,1.37
17,163,1,2,254.610226568699,2.01059373062071,0.444884886572254,1.27
18,155,1,2.5,260.704763008481,2.49886670289743,0.628230262558645,1.55
19,82,1,1.5,267.084805448957,1.5019931103725,0.511648596833766,1.46
20,19,1,2.5,272.433281797215,2.5034115974122,0.528350279380902,1.35
21,143,1,1.5,278.853385448904,1.50006394458796,0.528366375272526,1.5
22,45,1,1,284.233200498329,1.00296398529645,0.844922814345409,1.52
23,91,1,1.5,289.358336398869,1.51156519084907,0.494853850766958,1.72
24,41,1,1.5,294.552509920191,1.50004667808571,0.495180743694618,1.27
25,44,1,1.5,299.972312139726,1.51367316735832,0.511585969181397,1.52
26,197,2,1.5,305.529594345485,0,0,1.7
27,169,1,2,311.162250100307,2.00652498184809,0.611489657218954,1.68
28,132,1,1,316.810353814039,1.00811584125404,0.744950060301562,1.27
29,27,1,2.5,321.9343164704,2.50048009655166,0.561619609595255,1.62
30,8,1,2,328.365714170326,2.00220981960683,0.645469255237913,1.46
31,103,1,2.5,334.584048503068,2.50051580016589,0.394927921133785,1.71
32,3,1,1,341.183943557854,1.00049926529573,0.694713318998765,1.72
33,60,1,2.5,346.349266510215,2.50133405677025,0.495019492124811,1.66
34,76,1,1,352.879813147183,1.00405967654297,0.944970780104086,1.65
35,180,1,2,357.633172871926,2.00047351186913,0.494953937947685,1.29
36,161,1,1.5,363.456973193903,1.50973055184659,0.461585983814985,1.41
37,98,1,2.5,369.091734876666,2.50853155424011,0.611468586233968,1.63
38,22,1,1.5,375.614622795704,1.50189097462317,0.578202767849689,1.59
39,73,1,1,380.983459569023,0.999612820640323,0.677968031217461,1.5
40,144,1,1,385.865740362731,1.00015715443351,0.578280320782142,1.53
41,131,1,1.5,390.976828939594,1.50584705215442,0.561516595887952,1.7
42,18,1,1.5,396.223421512482,1.50884205862349,0.478287666362121,1.33
43,182,2,2,401.722748850534,0,0,1.6
44,40,1,2,407.53644387904,2.01198558627584,0.661728739741193,1.35
45,127,1,1.5,413.365723242556,1.49932441152669,0.611501948627847,1.4
46,33,1,2,418.991321680493,2.00726363695139,0.544727702873388,1.66
47,93,1,2,424.959463813656,2.00493324448416,0.528345304286631,1.49
48,32,1,2,430.75789466907,2.00651825083878,0.64498579318024,1.32
49,187,2,2.5,436.718719609859,0,0,1.5
50,188,2,1.5,442.972494462282,0,0,1.4
51,173,1,2.5,448.275246771969,2.50512829742638,0.745344555974953,1.3
52,14,1,2.5,454.705699204073,2.50793776216233,0.561519522414528,1.4
53,129,1,2,461.059035048365,2.00405587205933,0.51174634279414,1.37
54,117,1,1,466.869006072834,1.01063353137124,0.728265351603113,1.44
55,171,1,1,471.857802746896,1.00529993816235,0.711556352740445,1.61
56,119,1,1.5,476.925075087335,1.5042465352135,0.578421086672279,1.65
57,174,1,2,482.456252683259,2.00609858704411,0.678289949052669,1.56
58,92,1,2,488.328584167321,2.00028182443111,0.495062512053664,1.4
59,71,1,1,494.350154710785,1.01197826996122,0.994888822749999,1.65
60,164,1,1.5,499.261163159373,1.50070104924725,0.678688834514105,1.49
61,126,1,1.5,504.711805985389,1.49974261205898,0.528351449991533,1.53
62,198,2,1.5,510.031714467075,0,0,1.47
63,28,1,1.5,515.520525334788,1.50763603735595,0.994808050637403,1.58
64,133,1,1.5,521.093678967733,1.50095829086149,0.67799993034896,1.65
65,51,1,1,526.530514445185,1.01360454032874,0.87834929899509,1.57
66,7,1,2,531.521220092004,2.00630315119543,0.511495539535645,1.53
67,121,1,2,569.636892486174,2.00639826328279,0.711050941741632,1.67
68,78,1,1,575.532082770344,1.01045179412176,NaN,1.49
69,55,1,2,580.352545974989,2.00671988846443,0.428111796795747,1.34
70,65,1,2,586.198460296265,2.01019045537032,0.444915615093123,1.36
71,149,1,2.5,592.102629746789,2.5058546611217,0.628372491711161,1.37
72,52,1,2.5,598.556852884428,2.501415706839,0.562084049234727,1.41
73,194,2,1.5,604.962284399189,0,0,1.52
74,48,1,1.5,610.410191216268,1.49812160943657,0.611467708275995,1.53
75,154,1,2,615.635034727618,2.00611117110475,0.561533862391116,1.26
76,5,1,1.5,621.791288669283,1.49942566931895,0.661604947701562,1.72
77,178,1,1.5,627.407158750269,1.50001887609142,0.478256352535936,1.7
78,115,1,2.5,632.758995042758,2.49821145377791,0.461496432126296,1.33
79,13,1,1.5,639.111265924324,1.51224853461463,0.611817428104587,1.43
80,100,1,1,644.490657505471,0.99924290778381,0.544922609489731,1.5
81,64,1,2,649.312367410093,2.01080034334063,0.51202728926728,1.36
82,109,1,2.5,655.598002177921,2.50830855297681,0.69492461415939,1.75
83,125,1,1.5,662.031988097235,1.50719735114217,0.628317473026982,1.49
84,77,1,1,667.240405604765,0.998640628781686,0.761661985688988,1.33
85,66,1,1.5,671.964394424266,1.50813588795609,0.761564239727704,1.32
86,29,1,1,677.549956233807,1.00554664428455,0.64497174585722,1.71
87,175,1,1,682.60995645037,1.01187232972825,0.628325667298668,1.69
88,50,1,1.5,687.761447178698,1.51020113718914,0.445060478117739,1.73
89,12,1,2,693.452253000494,2.00263826297851,0.394987622259578,1.71
90,158,1,2,699.398420729636,2.00636285232122,0.445313622597496,1.47
91,102,1,1,705.505172195313,0.999156867926104,0.761640329397778,1.73
92,192,2,1.5,710.208399363071,0,1,1.37
93,1,1,2,715.697892111287,2.00633153849503,0.561598831262017,1.53
94,172,1,2,721.714710854865,2.00569706770966,0.578330071720302,1.54
95,11,1,1.5,727.455679084209,1.49810931802858,0.778031214908879,1.32
96,80,1,2,732.793772119048,2.00973157613043,0.594913815279142,1.38
97,90,1,2.5,738.836450814906,2.50005662827334,0.578739492674686,1.52
98,20,1,2,745.29661245863,2.00629466427017,0.628302840397737,1.49
99,114,1,2.5,751.563378744234,2.50615872714843,0.461542963886131,1.75
100,86,1,2.5,758.196882606224,2.50567263121957,0.511541193338417,1.6
101,186,2,1,764.688445286114,0,0,1.68
102,96,1,1,769.655448122795,1.01331715549895,0.811618073169484,1.62
103,9,1,1.5,774.529792471279,1.50559127380257,0.661674306362329,1.46
104,162,1,1,779.793028196198,1.00874650755668,0.945303233430423,1.4
105,167,1,1.5,784.530545759011,1.50419034591869,0.461715043600634,1.33
106,135,1,2,789.939898818298,2.01175029360365,0.545046108877614,1.45
107,58,1,2,795.946543495051,2.00477726066129,0.828130409499863,1.54
108,191,2,2.5,802.086487323315,0,0,1.7
109,165,1,2.5,808.474255206509,2.50972938123596,0.64538028885454,1.39
110,128,1,2.5,815.113399361609,2.50391057005527,0.494932574310042,1.62
111,193,2,2,821.391027740246,0,0,1.37
112,179,1,2.5,827.272102512687,2.51105568271305,0.645012131912154,1.38
113,181,2,2,833.436323335443,0,0,1.27
114,139,1,1,839.53503885402,0.997865977411493,0.811649972300074,1.74
115,95,1,2.5,844.685612409172,2.51363482987108,NaN,1.65
116,134,1,1.5,851.239133151363,1.51041126173914,0.761461226021311,1.62
117,49,1,1.5,856.839787346932,1.50933576351963,0.411553806664415,1.67
118,110,1,2.5,862.389715778744,2.50888624916206,0.494961839567623,1.54
119,113,1,1.5,868.6041955844,1.51086077609671,0.544995187328823,1.28
120,61,1,1,873.779003699422,1.00275912849247,0.611541749377466,1.31
121,54,1,1,878.511781753756,1.00312816339101,0.628452678517533,1.38
122,99,1,1,883.606794046627,1.00777373039273,0.661572170612089,1.73
123,15,1,2.5,888.626675106768,2.50436798603278,0.461715336253292,1.51
124,141,1,1,895.039249100313,1.00842107789231,0.76152004918913,1.53
125,184,2,1.5,900.095803625439,0,0,1.72
126,31,1,1.5,905.651270799916,1.51247826688814,0.544960654324314,1.65
127,146,1,1.5,911.17125736131,1.50949525917531,0.628147734532831,1.6
128,118,1,1.5,916.355579318945,1.50790498507376,0.478450088541649,1.27
129,81,1,1.5,921.843179482948,1.50363664724318,0.74468228319347,1.57
130,39,1,2.5,927.502933403102,2.5101411434116,0.511417693950534,1.65
131,160,1,1.5,933.876528414663,1.50295623000238,0.711647075039764,1.44
132,84,1,1,939.094970443553,1.00102603993309,0.944960537262887,1.35
133,136,1,2,960.510018814634,2.00228093418173,0.728102051465612,1.42
134,21,1,1,966.504951827923,1.00661014374782,0.844962029790622,1.61
135,70,1,1,971.270458975816,1.0077210529289,0.695281357649947,1.39
136,112,1,1,976.296885796137,0.997753013516558,0.561621365510291,1.65
137,150,1,1,981.042685719521,1.00178254684397,NaN,1.38
138,46,1,1.5,986.089722890202,1.50439139823811,0.478303762253745,1.63
139,153,1,2,991.631211514357,2.01310293381266,0.644768352315623,1.56
140,147,1,1,997.437165589559,1.00692942770911,0.728103222075333,1.41
141,170,1,2,1002.25211170783,2.00809594087968,0.895007376308058,1.35
142,83,1,2,1008.32092574204,2.00576554841246,0.511542656599886,1.58
143,10,1,2,1014.41461231874,2.01202567967812,0.494795027598229,1.61
144,189,2,1,1020.25821234344,0,0,1.53
145,111,1,1,1025.07892869257,1.0138041293867,0.628354932556249,1.47
146,42,1,1,1029.85889492631,1.00033040475955,0.878367150801751,1.4
147,16,1,2.5,1034.78710783457,2.50530447427718,0.561666726660405,1.41
148,145,1,2,1041.14525576518,2.01391884919667,0.561626925909877,1.37
149,176,1,1,1047.16487080413,1.01037277792511,NaN,1.63
150,168,1,2.5,1052.06034262008,2.49836480372778,0.461508430881622,1.36
151,148,1,1,1058.6607416226,1.01430515059747,0.72827208261242,1.72
152,38,1,1.5,1063.82464286875,1.50000043897853,0.478360244201212,1.73
153,108,1,1.5,1069.28008753824,1.51102963663379,0.544983481225245,1.52
154,101,1,2,1074.65530150385,2.00251183706496,0.478258986409855,1.39
155,106,1,1.5,1080.74507355969,1.512418858415,0.578741248590632,1.66
156,74,1,2,1086.2388990293,2.00164002503971,0.594945714410642,1.5
157,177,1,2.5,1092.03027168987,2.51037380220987,0.711472946757567,1.26
158,36,1,2,1098.67399380923,1.99956336235573,0.678220590390993,1.65
159,25,1,1,1104.6799589467,1.00987029345106,0.678344967736848,1.63
160,4,1,2,1109.86814743017,2.00485891072913,0.461671145714718,1.71
161,130,1,1.5,1115.83934924602,1.50023807287107,0.661618117067519,1.54
162,156,1,2,1121.43582611872,2.00371288324004,0.694976706318812,1.63
163,62,1,1,1127.22745514295,1.01159284651749,0.828295758205059,1.41
164,140,1,1,1132.18039221884,1.00906052377195,NaN,1.58
165,23,1,1,1137.24861655811,1.00695957092466,0.611715292356166,1.7
166,2,1,2.5,1142.29214043461,2.51292046493109,0.928365380254036,1.52
167,151,1,1.5,1148.86881058091,1.50274376423204,0.511636305424872,1.64
168,79,1,2.5,1154.53267744038,2.50541919408806,0.578395625897429,1.65
169,24,1,1.5,1161.19097921845,1.51380837284887,0.611810111789964,1.72
170,87,1,2.5,1166.92608210485,2.51149758810334,0.56160995206028,1.71
171,196,2,2.5,1173.48315243014,0,0,1.59
172,26,1,1,1179.63228115953,1.00501079741662,0.744949474995337,1.28
173,159,1,1.5,1184.50671301113,1.51357951853424,0.678274731118108,1.47
174,116,1,1.5,1189.90612056525,1.51417565183237,0.694783848270163,1.47
175,183,2,2,1195.28529499819,0,0,1.48
176,195,2,1,1201.05378690971,0,0,1.49
177,166,1,2.5,1205.7910009918,2.51179784964734,0.56163160835149,1.26
178,157,1,1.5,1212.37858824982,1.5077969962731,0.62815680676249,1.66
179,72,1,2.5,1218.12286872103,2.51294446244265,0.494945743675999,1.73
180,190,2,1,1224.66201378335,0,0,1.72
181,122,1,2,1229.46942673165,1.99918262135361,0.711727554497884,1.36
182,89,1,1,1235.27142648523,1.0137675478145,0.678341455905866,1.44
183,67,1,1,1240.13554262617,0.999575653763713,0.74488011633548,1.5
184,107,1,1.5,1245.27383238207,1.51085287447768,0.89497898900845,1.74
185,68,1,1.5,1250.69183303234,1.50938844098346,0.695037578054325,1.5
186,104,1,2,1256.09817820845,2.00297686200884,0.828473105667399,1.44
187,138,1,1.5,1262.16088985113,1.50704048936223,0.511462177142676,1.65
188,69,1,2,1267.42588061355,2.0080172173366,0.511761560728701,1.3
189,63,1,1.5,1273.26055531997,1.50682334115027,0.694880716272564,1.42
190,35,1,2,1278.88358397563,2.00004740971781,0.444964488072401,1.66
191,75,1,2,1284.61353383547,2.00307958306348,0.444951318707353,1.27
192,85,1,2,1290.38712902262,2.01270521896095,0.528314575766672,1.31
193,137,1,1,1296.34442515864,1.00533798299693,0.994902284767704,1.58
194,123,1,1,1300.98479113825,0.998076101961487,0.82824571461515,1.28
195,94,1,1,1305.74073147341,1.00846643904151,0.445020970019868,1.41
196,17,1,1,1310.56901055042,1.01334817667157,0.495042319025742,1.46
197,97,1,2.5,1315.78666388061,2.51224882726729,0.511715906925929,1.7
198,43,1,1,1322.10130578653,1.01439089780251,0.778321818917902,1.43
