TrialOrder,TrialNumber,TrialType,SpeedUpTimeCalc,OnsetRelativeToExpStart,OnsetSpeedChange,ResponseTime,Prestim_Interval
1,176,1,1.5,246.54608122104,1.50048214512026,0.577207163783896,1.7
2,143,1,1,252.009524963411,1.00331516838742,0.677925011288607,1.62
3,198,2,1,256.665729885768,0,0,1.42
4,47,1,1.5,261.713593214674,1.49859219477912,0.528035385208568,1.71
5,22,1,1.5,267.183331913968,1.51177736396676,0.511468908151073,1.62
6,145,1,2,272.813376622502,2.01585006354981,0.527158012784639,1.72
7,159,1,1.5,278.571682175791,1.50671769356995,0.577956647031897,1.39
8,40,1,1,283.928718026609,0.999229153112537,0.528280335416639,1.55
9,190,2,2,288.817851573051,0,0,1.56
10,127,1,2.5,294.587561797249,2.50680373342584,NaN,1.33
11,115,1,2,301.098033638073,2.01259576689881,0.595018584901482,1.61
12,38,1,1,307.002190797188,1.00828206791994,0.794998040690189,1.59
13,82,1,2,312.133432601087,2.01038887381583,0.544907976860486,1.7
14,52,1,2.5,318.077653605289,2.49906921848014,0.578273882425492,1.5
15,61,1,2.5,324.765167378251,2.51135740751852,0.59497907680452,1.75
16,59,1,1.5,331.296980615571,1.51288007887706,0.661583876715667,1.68
17,178,1,1.5,336.765959003471,1.51038316709128,0.74488275020849,1.61
18,30,1,1.5,341.876620600224,1.49927875772482,0.611591500315626,1.26
19,7,1,2.5,347.174435568291,2.50136741916504,0.611618131701107,1.33
20,77,1,1,353.69100394759,1.00140531767283,0.999986537981385,1.71
21,125,1,2.5,358.402617074931,2.50602088778578,0.494954230598523,1.28
22,32,1,1.5,364.957701459838,1.50074933692304,0.661590315072317,1.71
23,65,1,1.5,370.223022041713,1.50205924985494,0.761677788927045,1.43
24,103,1,2,375.745830944557,2.01236925380181,0.545030890942144,1.64
25,84,1,2.5,381.865379814757,2.50910456798556,0.47827625291211,1.68
26,109,1,2.5,388.410190630962,2.49750674637471,0.494972375061479,1.61
27,24,1,2,394.862700287766,2.01149392994557,0.545057522327625,1.57
28,175,1,1.5,400.538914159439,1.50163226974473,NaN,1.32
29,105,1,2.5,406.13198719001,2.50832991661446,0.528314868419329,1.66
30,181,2,1.5,412.398518182943,0,0,1.48
31,46,1,1,417.441525820297,0.998637702256019,0.578165015667764,1.25
32,17,1,1,422.009682995802,1.01347957767939,0.71160405511182,1.27
33,193,2,2,426.60709986857,0,0,1.26
34,196,2,2.5,432.570448352526,0,0,1.6
35,72,1,2.5,439.214982582782,2.50750961144149,0.561605269618667,1.73
36,37,1,1,445.682741487395,1.0062138921603,0.878216434724891,1.66
37,185,2,1,450.54895828852,0,0,1.63
38,69,1,1,455.423554903526,0.998543760779285,0.961658122674635,1.59
39,106,1,1.5,460.176185045395,1.51230647982629,0.744900016710744,1.41
40,102,1,1.5,465.589627631787,1.49864838407484,0.67826419562698,1.56
41,27,1,1,470.773733904474,0.997860709665474,0.661657332513641,1.38
42,169,1,1,475.524075795847,1.01400693762116,0.995047440446797,1.46
43,152,1,1,480.479420524485,1.00834323230629,0.678323896750953,1.64
44,148,1,1,485.266399884578,1.00450509376424,0.711693314146032,1.49
45,156,1,1.5,490.286537015721,1.50106306048474,0.511604406294282,1.67
46,151,1,2,495.851088711483,2.00303597783022,0.494920575552896,1.68
47,170,1,1.5,501.489228482938,1.49785441763379,0.594900060608779,1.29
48,174,1,2,506.635611545846,2.00122270246538,0.628352883988555,1.27
49,183,2,2,512.570704716183,0,0,1.6
50,23,1,1,518.529622147478,1.00699761575925,NaN,1.68
51,94,1,1.5,523.482610437572,1.50371068834465,0.611501070670784,1.6
52,10,1,1.5,528.57935347778,1.50673496007221,0.545135075259168,1.25
53,101,1,2,533.962436871181,2.00697800803573,0.628249577628594,1.49
54,122,1,2.5,540.079318213146,2.50618360261797,0.445087987460283,1.67
55,51,1,1.5,546.242411152873,1.50975776853556,0.994908723125263,1.32
56,188,2,1.5,551.69835040522,0,0,1.68
57,96,1,2,557.107406714797,2.01123259119595,NaN,1.54
58,42,1,1,563.018639042604,0.999682764606405,NaN,1.61
59,43,1,2.5,568.063609208137,2.50456113673317,0.46159944583269,1.61
60,99,1,1,574.241444521413,1.00996306431807,0.611600865197033,1.38
61,90,1,2,579.250269167207,2.00073426531344,0.678272389897757,1.62
62,71,1,2,584.9963825215,2.00441466411939,0.594886305936598,1.37
63,67,1,2,591.064085646532,2.00338101521811,0.51147563916129,1.68
64,119,1,1.5,596.951993271332,1.49846108642669,NaN,1.54
65,20,1,2,602.529316618189,2.00416532412419,0.511623428712483,1.69
66,126,1,2,608.651564037798,1.99855780810321,0.661650308849858,1.73
67,73,1,2,623.491731833079,2.00769032440803,0.544961824934944,1.42
68,16,1,2,629.564659391908,2.00135234755726,0.511628696458502,1.66
69,114,1,1,635.227240921258,1.00542548611884,0.694828038807827,1.36
70,18,1,1.5,640.022450549763,1.50977181585949,0.594924936078314,1.45
71,177,1,1.5,645.237906937065,1.51080634271784,0.928218176008158,1.37
72,62,1,2.5,650.758421151055,2.50692342833099,0.761676033012918,1.57
73,9,1,2,657.181757735758,2.0001071108436,0.644841222809191,1.53
74,29,1,1.5,663.126145259277,1.50524418784698,0.994933013287664,1.6
75,120,1,2,668.395403774222,2.00254315089114,0.961608664389132,1.37
76,6,1,1.5,674.438616561034,1.50938639241576,NaN,1.7
77,66,1,2,679.960518826194,2.0036318184757,0.678272975203072,1.63
78,182,2,2,685.873858252553,0,0,1.59
79,149,1,2,691.810985650951,2.00297920323101,0.661650894156992,1.56
80,91,1,1.5,697.635608619321,1.5114525196077,0.995004420517944,1.48
81,167,1,1,702.879162873158,1.00087034876378,0.828264737032441,1.44
82,34,1,1.5,707.691615591475,1.50492607449632,0.811678652253249,1.47
83,179,1,1.5,713.05241612504,1.51077239501865,0.694925492118273,1.52
84,93,1,2,718.467858113836,2.0118442350813,0.494836876918271,1.51
85,146,1,1.5,724.280564854591,1.4987001835816,0.511660595590001,1.46
86,128,1,1,729.577563907274,1.00162568506312,0.61164973817904,1.5
87,150,1,1,734.292023080923,1.00376556070296,0.661622799509132,1.4
88,161,1,2.5,739.353505582787,2.50853769994319,0.528253118725843,1.63
89,108,1,1,745.732295177582,1.01297504463764,NaN,1.58
90,180,1,2,750.430309032341,1.99816858017584,0.444965658683941,1.29
91,36,1,2,756.182558725861,2.01243129614886,0.56162516999575,1.37
92,138,1,2.5,762.180283059424,2.49766858324801,0.545002210988969,1.55
93,195,2,1,768.49575141622,0,0,1.6
94,144,1,1,773.508692513156,1.00248666894367,NaN,1.74
95,186,2,1.5,778.44193846043,0,0,1.67
96,160,1,2.5,784.043573920089,2.50024363327066,0.628261283731263,1.68
97,25,1,2.5,790.342109106148,2.50168904434577,0.628263624954343,1.36
98,154,1,2.5,796.929086183549,2.49784329683644,0.844923106998976,1.64
99,172,1,1.5,803.30306603325,1.50677183429798,NaN,1.54
100,166,1,2,808.921875809367,2.00447436524337,0.595055459125433,1.73
101,39,1,1,814.519796337219,1.00656097811589,0.678357259144832,1.29
102,33,1,2.5,819.477057647582,2.49891381996167,0.51157397042698,1.52
103,92,1,1,825.940733756099,1.00170118942879,0.828276735788677,1.67
104,121,1,2,831.025369466561,2.000309041121,0.628321277510622,1.7
105,194,2,1,836.996034850239,0,0,1.74
106,131,1,1,841.849454539495,1.00913076039069,NaN,1.56
107,70,1,2,846.808640333202,1.99970851803482,0.494877555625862,1.56
108,189,2,2,852.872020394372,0,1,1.75
109,3,1,2,858.561667604617,2.01313922273221,0.711528258094404,1.32
110,8,1,1.5,864.362649805196,1.51174546483708,0.728242232049524,1.45
111,49,1,2,869.839395777784,2.00161602752814,0.56156400560576,1.58
112,2,1,1,875.53656884169,1.00434267158562,0.74480724584464,1.39
113,113,1,1,880.097789273172,1.00957676291728,NaN,1.26
114,153,1,1,884.907208940185,0.999729881672465,0.678384475833809,1.51
115,80,1,2.5,889.854698873667,2.50216460478259,0.828382968673395,1.5
116,171,1,1,896.095671346473,1.01105612169158,0.62828967103269,1.43
117,50,1,1.5,900.964375987154,1.50877621179279,0.494783906799057,1.52
118,164,1,2.5,906.386234968997,2.50332087511379,0.611599694588222,1.48
119,57,1,2.5,912.804043346528,2.50217075048749,0.678274145813702,1.48
120,4,1,2.5,919.205427183502,2.50062437427368,0.544707509845466,1.46
121,112,1,2.5,925.484079846157,2.50479496614207,0.67832682327753,1.35
122,14,1,2.5,931.869335306983,2.50288687134162,0.528350279380902,1.44
123,45,1,1.5,938.161687329402,1.51030912598981,0.744905284456763,1.45
124,187,2,2.5,943.380994439309,0,0,1.35
125,53,1,1,949.681409332867,1.0067763704119,0.61163949533875,1.51
126,31,1,2,954.719149809147,2.00232307615261,0.828144456823793,1.65
127,87,1,1,960.337822623858,1.00012057286222,0.861394764620854,1.32
128,41,1,1.5,965.38766984458,1.4999193742151,0.628093301153058,1.71
129,141,1,1.5,970.607269899716,1.51340597555645,0.661763565396541,1.38
130,5,1,1,975.856079315872,0.998031911422004,NaN,1.44
131,19,1,1,980.820925303064,0.999678667471017,0.661408870475498,1.67
132,26,1,2,985.951836994856,2.00165963276231,0.628154758194796,1.74
133,134,1,1,1006.38638275855,0.9997228580105,0.594948348283651,1.57
134,197,2,2,1011.39483983271,0,0,1.68
135,89,1,1.5,1017.03051517682,1.50536827253927,0.495020662734532,1.3
136,54,1,2.5,1022.62201432183,2.51354352226554,0.628228213990951,1.65
137,191,2,2,1029.03274314088,0,0,1.58
138,142,1,1,1034.94407409261,1.00791713015496,NaN,1.63
139,118,1,1,1039.54211636393,1.00970991983922,0.644984622569609,1.3
140,95,1,1.5,1044.57957150395,1.5051985340433,0.761648816323941,1.68
141,117,1,2.5,1049.82511930714,2.50956754436083,0.461595934002617,1.3
142,123,1,2.5,1056.14459202914,2.50660472967502,0.661605533006878,1.37
143,168,1,2.5,1062.37467343631,2.5094607261708,0.678247807081789,1.29
144,137,1,1.5,1068.71669767321,1.50046341535563,0.761796313221566,1.49
145,15,1,2.5,1074.39711198731,2.50348651647073,0.57826890733304,1.74
146,157,1,2.5,1080.64645900625,2.50371449282829,0.79495063097238,1.31
147,155,1,2.5,1087.23081655044,2.50248066956556,0.661622214203817,1.65
148,76,1,1.5,1093.35822811741,1.50840425036949,NaN,1.28
149,78,1,1.5,1098.79587014537,1.50395124876377,0.57812345900129,1.6
150,163,1,1.5,1104.25407599192,1.51199773135704,0.544907976860486,1.61
151,12,1,1,1109.63279827663,0.99971524904322,0.8451282564547,1.57
152,111,1,2,1114.74910075179,2.00011413450557,0.661624262771511,1.73
153,107,1,2,1120.75140626879,1.9973854418804,0.694940417399266,1.62
154,98,1,1.5,1126.52523148087,1.50673934986116,0.461565790787063,1.43
155,35,1,2,1131.88180055083,2.00006935866077,0.361717999392567,1.46
156,1,1,1,1137.85950539959,1.00553259696062,NaN,1.68
157,60,1,2,1142.55918152098,2.00552469534159,0.628254260071117,1.31
158,110,1,2.5,1148.71670352626,2.49779822833989,0.628335910138048,1.72
159,11,1,1,1154.93159011899,0.999529414657445,NaN,1.42
160,129,1,1,1159.83502910869,1.01260981422092,0.544946899652132,1.61
161,104,1,1,1164.40907884382,1.00485861807829,0.678313946564231,1.27
162,55,1,2,1169.28090433158,1.99954697381145,0.495031490880137,1.48
163,116,1,2.5,1174.97654506659,2.50388159744944,0.761460348063338,1.25
164,48,1,1,1181.51409283115,0.999425522992169,0.828140944991901,1.74
165,75,1,2.5,1186.37197752077,2.50787367124758,0.56155259215484,1.43
166,162,1,1,1192.90628064621,1.00688435921256,0.994969887513435,1.73
167,97,1,1.5,1197.88048302893,1.49910053230633,NaN,1.62
168,100,1,1,1203.16072450242,1.00189872991723,0.778246607203982,1.49
169,44,1,1,1207.842209047,1.00359172507342,0.611594426842203,1.38
170,158,1,2.5,1212.74601882751,2.49979528952281,0.594989904948307,1.46
171,58,1,2,1219.28431958715,2.0111705488489,NaN,1.65
172,68,1,2,1225.30594544195,2.00584544256526,0.528299943138336,1.62
173,85,1,2.5,1231.44601862265,2.49895683989052,0.578413477704089,1.71
174,173,1,1.5,1237.66437519699,1.51382651730819,0.811678359601501,1.38
175,79,1,2,1243.19982171605,2.01137950278826,0.744925184832027,1.64
176,147,1,1,1249.14040065894,1.00389666905721,0.578393869982392,1.64
177,133,1,1.5,1253.80649080003,1.50468258755245,NaN,1.31
178,21,1,1.5,1259.33396048781,1.51025059547464,0.861643811962495,1.68
179,88,1,1.5,1264.90539859135,1.50493895120962,0.711593226966215,1.72
180,140,1,2,1270.54647308284,2.01384539339961,0.728314809888616,1.75
181,165,1,2,1276.32978170166,2.01366043697089,0.594982588634593,1.38
182,192,2,2.5,1281.98170248295,0,0,1.27
183,74,1,1,1288.38620950822,1.0067588112579,0.828277028440425,1.61
184,132,1,1.5,1293.46901526212,1.50732377705572,0.711685997832319,1.73
185,136,1,2.5,1298.84865589061,2.51080839128554,0.594899767955212,1.44
186,86,1,1.5,1305.18420167743,1.5081540324154,0.844979881598192,1.48
187,28,1,1.5,1310.55280228012,1.50614204595149,NaN,1.52
188,63,1,1,1315.8659133204,1.00961978284613,0.828279662315254,1.51
189,64,1,1.5,1320.66606614358,1.50927664769915,0.628344982369526,1.45
190,56,1,1,1325.95923993443,0.999085168044985,0.661502226648736,1.49
191,83,1,1,1330.98532464389,1.00622764683067,0.911696474793644,1.72
192,139,1,1,1335.8328377262,1.00865607791093,NaN,1.52
193,13,1,1.5,1340.60330562791,1.50471858381752,0.561589759032358,1.42
194,135,1,1.5,1345.8966877874,1.51091696539152,0.694948319018295,1.45
195,130,1,2.5,1351.58969084474,2.50119416883899,0.461612615199556,1.74
196,81,1,1.5,1358.02839139707,1.51230326064615,0.661700645094243,1.6
197,184,2,2.5,1363.29048431367,0,0,1.38
198,124,1,2,1369.62454196214,1.99891894138091,0.5950314616166,1.47
