TrialOrder,TrialNumber,TrialType,SpeedUpTimeCalc,OnsetRelativeToExpStart,OnsetSpeedChange,ResponseTime,Prestim_Interval
1,119,1,1.5,206.111563912331,1.51449238674559,0.744179179344428,1.33
2,121,1,2,211.697094908664,2.01171378059371,0.561389358680572,1.56
3,115,1,1,217.45819945619,1.00051594951219,0.92804391921436,1.37
4,65,1,1.5,222.198653439083,1.50993312556875,0.611299499180859,1.33
5,181,2,2.5,227.531230748835,0,0,1.37
6,77,1,2.5,233.959002060578,2.49993225053186,0.677319380356494,1.4
7,122,1,1.5,240.260327989368,1.51448946020264,0.878196992041012,1.38
8,185,2,1.5,245.791421190687,0,0,1.68
9,176,1,2,251.067912769121,2.00624553519265,0.711741963201348,1.33
10,19,1,1.5,257.220011934442,1.50408794144369,0.678329037656113,1.73
11,101,1,2.5,262.984900501931,2.50572739077325,0.461428310966767,1.74
12,177,1,1.5,269.598360082423,1.50857199046732,0.89497515511448,1.65
13,64,1,2.5,274.94584695761,2.51118714919903,0.694849664954745,1.33
14,172,1,1,281.299766081426,1.00708398973256,0.994892597338549,1.47
15,33,1,1.5,286.214272983824,1.50892668746656,0.761616692532698,1.5
16,70,1,2.5,291.652082923008,2.50430245703774,0.628322906548419,1.42
17,3,1,2.5,297.985008491364,2.50463666823634,0.794875389266963,1.3
18,69,1,2,304.324508538335,1.99810155162322,0.761664395182379,1.37
19,8,1,1,310.209145680671,1.01336318016911,NaN,1.5
20,82,1,2.5,315.05662216663,2.49925563381385,0.861530622905775,1.33
21,165,1,2.5,321.406295754669,2.49935572158211,0.711524228409871,1.33
22,20,1,2.5,327.917893497836,2.5041119390944,0.71155144525892,1.5
23,133,1,1.5,334.10415185714,1.50097351449404,0.895204010767884,1.25
24,51,1,2.5,339.457166971856,2.49795068833737,0.628310322414109,1.35
25,154,1,1.5,345.692324058436,1.512456390853,0.99487708666129,1.32
26,60,1,1.5,351.264875837028,1.50646136773139,0.894995640915113,1.65
27,112,1,1,356.42409440325,1.0139496593647,0.761583329943278,1.29
28,36,1,2,361.220620655364,2.00062540221643,0.694926340378515,1.33
29,195,2,2.5,367.005096281798,0,0,1.34
30,169,1,1,373.37603793502,1.01144249006666,0.66165418154651,1.52
31,174,1,1,377.984621602393,1.00272841594142,0.995022828497895,1.25
32,40,1,1,382.607425049041,1.0132221208014,0.994769682537481,1.27
33,45,1,2.5,387.658823336604,2.51142068732133,0.744995392157762,1.54
34,24,1,2,394.083560993982,2.00340708123895,NaN,1.45
35,87,1,1,400.17946351201,1.0073356724215,0.611582495878793,1.73
36,116,1,1.5,405.203033888489,1.50004521508799,0.661689007407404,1.62
37,106,1,1,410.559608849982,1.01003160373602,0.678292455869268,1.5
38,194,2,2,415.470819879772,0,0,1.52
39,171,1,1,421.399612408659,1.00333391766617,0.694906439886836,1.58
40,141,1,2,426.449221115241,2.00334942834434,0.811640968205211,1.59
41,149,1,2,432.537255330039,1.99850717046957,0.994952298813587,1.62
42,196,2,1,438.550403116651,0,0,1.72
43,102,1,1.5,443.488569655086,1.5136223255422,0.928205171728223,1.55
44,114,1,1.5,448.998474685843,1.50339288750547,0.861670804310052,1.59
45,136,1,2.5,454.421420128352,2.51384796199909,0.794988646476668,1.41
46,53,1,1,460.927335403179,1.00773221898362,0.994950835543023,1.62
47,164,1,2,466.017847521847,2.00020573596612,0.778332520241747,1.63
48,1,1,1.5,471.822595310918,1.51198814398958,0.994963419676424,1.39
49,79,1,1.5,477.239037097151,1.51219622118879,0.994900499004871,1.5
50,75,1,1,482.706959114147,1.01088264241116,NaN,1.6
51,110,1,1,487.402215861219,0.998632719159104,0.711544421555118,1.33
52,173,1,1.5,492.267071914816,1.50026177926247,NaN,1.47
53,76,1,2.5,497.884077587334,2.49985440449109,NaN,1.61
54,127,1,2,504.384493010099,1.99923266045244,0.878156313094223,1.53
55,150,1,1.5,510.08619634586,1.51400043488411,0.728196157975617,1.29
56,135,1,2.5,515.720365899805,2.51322021854867,0.744771218972346,1.62
57,93,1,2,522.045084856574,2.00491776268154,0.744876574516638,1.34
58,73,1,2.5,527.880833514535,2.50209642900336,0.994979515662635,1.33
59,125,1,1.5,534.079028949654,1.50393224936215,0.928233851847835,1.28
60,162,1,1,539.402077728394,1.01403013929485,0.994895231227929,1.46
61,126,1,1.5,544.548451697849,1.50092903104269,0.994714956185817,1.73
62,109,1,2.5,550.206246939933,2.50945492845949,0.994921570113547,1.65
63,120,1,1.5,556.494597162834,1.50451404608884,0.744976954937556,1.36
64,144,1,1,561.696633392849,1.00222739179753,0.994995026340803,1.34
65,55,1,2,566.533744063873,1.99809862508118,0.995033071398211,1.37
66,61,1,2.5,572.745480027662,2.502954198726,0.744904669329117,1.71
67,118,1,1,595.439103763797,1.00894380774207,0.994630964403768,1.32
68,128,1,2.5,600.606343691442,2.50798112145731,0.795044836099805,1.65
69,98,1,2,607.109792183262,2.00423500022407,0.778264039138776,1.52
70,155,1,2,612.975067903111,2.00555282249024,0.661647743152571,1.4
71,113,1,2,618.863871857222,2.00001609598621,0.828194958093263,1.42
72,57,1,2.5,624.997324554485,2.49951726674863,0.994938251407802,1.62
73,129,1,2.5,631.480563511687,2.49942069083409,0.894990958446215,1.46
74,49,1,1,637.995853381371,1.00086157422811,NaN,1.64
75,59,1,1.5,643.095478169307,1.50099721949118,0.86161227345292,1.69
76,12,1,2.5,648.769362373613,2.5100308721012,0.794987768514147,1.66
77,152,1,1.5,655.10033330397,1.51235396185166,0.64517569646614,1.4
78,91,1,1.5,660.740512806406,1.50546253864104,0.678352157345216,1.72
79,124,1,2,666.033364930241,2.01238893403934,0.64486987273358,1.33
80,26,1,1.5,671.738557583097,1.50699399853784,0.694944192289768,1.28
81,132,1,1,677.297386509398,0.998233538708519,NaN,1.69
82,21,1,1,682.007202807374,1.00489142379593,0.628281934948063,1.35
83,175,1,2,686.952959920117,2.0088012851038,0.994936788136329,1.49
84,97,1,1,692.937389248642,1.00757711221013,0.711631925188158,1.61
85,179,1,1,697.641728814244,1.00327743538855,0.661646279881097,1.34
86,100,1,2,702.548136509178,2.01335030338032,0.994860990675988,1.44
87,48,1,2,708.412978222716,1.9981308170527,0.678254996120813,1.39
88,31,1,1,714.209441846812,1.00163974198495,0.711631632533681,1.43
89,142,1,1,719.313685890054,1.01399619139738,0.944930657027726,1.75
90,81,1,2.5,724.465895386042,2.51152370163254,0.994802752471514,1.63
91,39,1,1,730.802127655215,1.00840005607279,0.994897572461923,1.45
92,187,2,1.5,735.860506625546,0,0,1.7
93,138,1,2,741.114612199412,2.01229616262754,0.645035515060954,1.31
94,90,1,2.5,747.225684159881,2.50099253702319,0.944895245858788,1.59
95,139,1,2.5,753.993760317893,2.49947161268028,0.661655352163507,1.75
96,25,1,2.5,760.419963295299,2.50649209643234,0.994796606732052,1.41
97,68,1,2.5,767.051404140648,2.50801623997177,0.99491952153403,1.61
98,7,1,2.5,773.329190421658,2.51347746166903,NaN,1.26
99,157,1,2.5,779.958592051918,2.50062349996369,0.994961078444248,1.61
100,168,1,1.5,786.280076593481,1.51214793323197,0.878271033576311,1.41
101,67,1,1,791.554056905456,1.00470178381511,0.878264302527896,1.41
102,72,1,1.5,796.221277078936,1.50426616790537,0.77834217783311,1.27
103,78,1,1.5,801.487494150573,1.50443971189998,NaN,1.36
104,83,1,1,806.654402500906,1.00393268834341,0.778280427779464,1.31
105,10,1,1.5,811.497864355322,1.51029923608439,0.728318780122208,1.45
106,46,1,1,816.839796944747,1.00183025992737,0.844936832036183,1.48
107,151,1,2.5,821.899759174785,2.50828167741201,0.794924847841685,1.57
108,6,1,1.5,828.570691960582,1.50369461407718,NaN,1.75
109,74,1,1.5,833.754641570196,1.50293254230746,0.928323404061302,1.28
110,107,1,2.5,839.000969563662,2.50657667352243,NaN,1.25
111,92,1,1,845.346101449781,1.01132806223904,0.728166307237188,1.48
112,99,1,1,850.283091810627,1.00731108946093,NaN,1.58
113,166,1,1,855.268452950409,1.0052549004231,0.745001245244566,1.63
114,47,1,2.5,860.435608886271,2.50457696676131,0.211667775338356,1.67
115,180,1,2,866.856654417134,1.99992976297108,0.744909644450672,1.45
116,22,1,1.5,872.752028752699,1.50440078887914,NaN,1.49
117,159,1,1,878.028295572638,1.01153262758817,0.528252113475901,1.42
118,23,1,2.5,882.776251748244,2.51331416057656,0.77825467420007,1.25
119,117,1,1.5,888.952095126691,1.50396736787479,0.761506947172165,1.25
120,13,1,1.5,894.391112850128,1.49814735202017,0.994918350917942,1.54
121,63,1,2,899.622446701069,2.00000263388756,0.861609932217107,1.28
122,14,1,2,905.62486870797,2.01394936671204,NaN,1.55
123,86,1,1,911.691844983365,1.01346385324541,0.994970443380225,1.69
124,178,1,2,916.671325235198,2.00075885257138,0.694890343900624,1.52
125,95,1,1.5,922.513108717263,1.50876397168213,0.99488791487056,1.44
126,198,2,1,927.610897392187,0,0,1.31
127,84,1,1,932.277823448105,1.01021509797647,0.745003001169607,1.33
128,184,2,1.5,937.116958701505,0,0,1.51
129,71,1,2,942.764511628764,2.00671992779644,0.811560488276882,1.71
130,167,1,1.5,948.719216353757,1.50166534923483,0.861618126538815,1.54
131,88,1,2.5,954.188244311312,2.49923807455707,0.744941251114142,1.46
132,160,1,1,960.740124161508,1.01400584898875,NaN,1.69
133,134,1,1.5,976.127372219089,1.5095509190669,0.661662083211922,1.65
134,56,1,1,981.580284582884,1.00654228664098,0.994928008507486,1.57
135,2,1,1,986.692965556638,1.01028826154834,0.711524521064348,1.74
136,153,1,2.5,991.497369769573,2.50558867263862,0.978326023316185,1.28
137,191,2,1.5,997.712022618665,0,0,1.29
138,94,1,2,1003.29753634839,2.00529499406184,0.694871614026852,1.63
139,11,1,1,1009.0635753399,1.00560023248545,NaN,1.3
140,62,1,2,1014.17515388494,2.01070880576299,0.778225994079548,1.51
141,143,1,1.5,1020.06454900072,1.5044727818331,NaN,1.36
142,96,1,2.5,1025.61386080952,2.50486991370417,0.661497318847978,1.49
143,89,1,1,1032.00619022353,1.01234708447555,0.994895523883315,1.46
144,156,1,2,1037.14049717867,2.01141146871123,0.878224208889151,1.66
145,105,1,1,1043.02116827007,1.01383493888352,0.944855152223681,1.49
146,188,2,1,1047.84851570134,0,0,1.53
147,170,1,1.5,1052.88691926049,1.49765861935703,0.728281027721096,1.64
148,148,1,1,1058.34053048272,1.01081269803581,NaN,1.59
149,104,1,2.5,1063.49555092316,2.50550848536477,0.611534207921068,1.63
150,43,1,2.5,1069.81732255858,2.50009847816727,0.778249991733901,1.29
151,190,2,1.5,1076.353378884,0,0,1.68
152,66,1,2,1082.0058434282,2.01135001131115,0.878285373637482,1.69
153,186,2,1.5,1087.76322804705,0,0,1.4
154,189,2,2.5,1093.3015896103,0,0,1.61
155,16,1,2,1099.87062368434,2.01275182535755,NaN,1.61
156,163,1,2.5,1105.67749380231,2.50552224011517,0.828279827837832,1.27
157,131,1,1,1112.07456743501,1.00830786997176,0.994949372272458,1.52
158,145,1,2.5,1117.34171397667,2.50789859294855,0.528136515031292,1.75
159,54,1,2.5,1123.72724093438,2.50541542130122,0.911664351282525,1.35
160,161,1,1.5,1130.15689869567,1.50877714112539,0.994926252582445,1.5
161,111,1,1,1135.57943764137,1.00292273838932,0.99494117795075,1.55
162,182,2,1,1140.31232299903,0,0,1.45
163,103,1,1,1145.08380682359,0.998269242532842,0.761547333466297,1.43
164,183,2,2.5,1149.99128416995,0,0,1.48
165,37,1,1.5,1156.27599904127,1.50568202935938,0.995057947013265,1.38
166,58,1,1.5,1161.81736177426,1.51414763999128,0.995036290594726,1.63
167,80,1,1,1167.1123292033,1.00254111719551,NaN,1.42
168,15,1,1.5,1172.17558847656,1.50556701622372,0.994870648266442,1.66
169,41,1,1.5,1177.58934311111,1.50854711485408,0.69489970883842,1.5
170,27,1,2.5,1183.19404793853,2.50362554766616,0.944865395122179,1.59
171,192,2,1,1189.36022757968,0,0,1.37
172,17,1,1.5,1194.05120572104,1.51267646687847,0.828302362218892,1.31
173,42,1,2.5,1199.55377010425,2.51000570383258,0.994944397149084,1.48
174,130,1,1,1205.97320310998,1.00701141146783,NaN,1.54
175,28,1,1.5,1210.7697126808,1.51028489602504,0.994997660229274,1.39
176,29,1,1.5,1216.4326943422,1.5139647310607,NaN,1.75
177,38,1,1,1221.74062957547,1.00593707757253,0.728282198337183,1.43
178,146,1,2,1226.86393302197,1.99895756542173,0.778230383895789,1.67
179,9,1,2.5,1233.09166868842,2.50435689073493,NaN,1.72
180,193,2,1.5,1239.45749884182,0,0,1.52
181,140,1,2,1244.85783791108,2.00470149116154,0.728226301367613,1.46
182,32,1,1,1250.82141562148,1.00756101622574,NaN,1.59
183,108,1,1,1255.93644953572,1.00909306142967,0.828227442720163,1.75
184,50,1,1.5,1261.08547348976,1.51000482587006,NaN,1.74
185,44,1,2.5,1266.48544176604,2.50959862171476,NaN,1.38
186,158,1,2.5,1273.02893063245,2.49921085770802,0.628355391176228,1.52
187,4,1,2.5,1279.39752139376,2.51395214692639,0.694992480246583,1.35
188,35,1,2.5,1285.77536588371,2.50257638203766,0.74489179253942,1.35
189,147,1,2,1292.14307107314,2.00116856857858,0.845044236159083,1.4
190,5,1,1,1297.82198893123,1.00571231907816,0.778358566472889,1.32
191,197,2,2,1302.83829679886,0,0,1.64
192,52,1,1,1308.92989056778,1.01398858238463,0.978221253080847,1.73
193,34,1,1.5,1313.69102145419,1.50267793307466,0.794973135800319,1.34
194,18,1,1.5,1319.07088759997,1.50618802862482,0.761420614157032,1.46
195,30,1,2,1324.33915764145,2.00425519336932,0.878301176968307,1.31
196,137,1,1,1330.09019722265,1.00305414016657,0.778285402902839,1.38
197,123,1,2.5,1335.18449306863,2.50866183533435,0.828278071910972,1.6
198,85,1,1.5,1341.7107732775,1.49895537051452,NaN,1.59
