TrialOrder,TrialNumber,TrialType,SpeedUpTimeCalc,OnsetRelativeToExpStart,OnsetSpeedChange,ResponseTime,Prestim_Interval
1,87,1,1,207.378562370921,1.01654725883873,0.710174799480228,1.58
2,96,1,2,212.361395855605,1.99936523284578,0.594733803121926,1.49
3,170,1,1,218.17863325179,1.01532601248891,0.711432627617796,1.44
4,190,2,1,222.778937729313,0,0,1.29
5,160,1,2,227.751716490571,2.00823968152145,0.828022584716564,1.5
6,92,1,1.5,233.941730189718,1.50257082160624,0.626819541463192,1.75
7,196,2,2,239.132707599441,0,0,1.29
8,177,1,1,244.864957604636,1.01176206855052,0.994714663530431,1.37
9,139,1,1.5,249.561861995358,1.5143314268862,0.761663517218949,1.27
10,161,1,1,254.69411188349,0.998761779700544,0.594998655253221,1.25
11,75,1,1.5,259.837539994866,1.50515700756296,0.561639870752515,1.73
12,158,1,1,265.263610692534,1.01218641727064,0.611815448693051,1.55
13,64,1,2,270.114786036059,2.01092536993656,0.728400430670263,1.37
14,89,1,2.5,276.400793854025,2.50808998885259,0.111671316455613,1.72
15,36,1,2,282.702492917034,2.00626163117886,0.611659171302563,1.32
16,20,1,2.5,288.595126545178,2.5133504497071,0.744905839945204,1.37
17,29,1,2,295.204479893333,2.00384781859884,0.694981944693609,1.62
18,84,1,2.5,301.079769657661,2.51182191635235,0.811532393463494,1.35
19,143,1,2,307.389938428464,2.0013081646739,0.678341329135947,1.31
20,31,1,1.5,313.154594921101,1.50329397035512,0.594948318715069,1.35
21,22,1,2,318.668360354592,2.00606408953354,0.644946255502873,1.55
22,13,1,2.5,324.730531246551,2.51035337712801,0.828158668961805,1.54
23,197,2,1.5,331.335934054453,0,0,1.74
24,102,1,1.5,336.803276030648,1.50394512615003,0.695006820308663,1.56
25,112,1,1,342.060291173459,1.01346941367592,0.695002430493332,1.39
26,8,1,1.5,347.100631811345,1.50627260571491,0.661588626986486,1.62
27,110,1,2.5,352.628415677958,2.51173060821475,0.744920472659942,1.51
28,47,1,2.5,359.241507099354,2.49842917810111,0.678253240194863,1.58
29,182,2,2.5,365.546010375765,0,0,1.35
30,195,2,2.5,372.1564368872,0,0,1.66
31,184,2,1.5,378.728697767428,0,0,1.71
32,130,1,2.5,384.259829013805,2.51273470508204,0.97837518923734,1.53
33,194,2,2.5,390.482618237455,0,0,1.27
34,78,1,1,397.062820877137,1.00936288868525,0.711831515413905,1.72
35,43,1,2.5,401.845254654593,2.51015495752017,NaN,1.27
36,169,1,2.5,408.164700273719,2.50711223087092,0.74494593358304,1.29
37,54,1,1.5,414.345519945707,1.5094906322829,0.678400737957418,1.25
38,155,1,2.5,419.62493631111,2.51331620915607,NaN,1.26
39,171,1,1,425.897278929681,1.00749838820593,0.878384290786016,1.38
40,183,2,1,430.85956398608,0,0,1.67
41,105,1,2.5,436.084721660895,2.50305809099882,0.828340992584344,1.72
42,123,1,1,442.29747811019,1.00685776796672,0.744974906357129,1.33
43,118,1,2,447.134779299157,2.00258413737629,0.611621418898721,1.37
44,111,1,1,452.829136719597,1.00823529170702,0.728252347599664,1.32
45,93,1,2.5,457.774149612482,2.51309437720374,0.678237729517605,1.43
46,65,1,1,464.210344685295,1.01009335379149,0.628303591365693,1.54
47,163,1,2,469.323345237534,2.01343780701245,0.66161086871216,1.64
48,141,1,1.5,475.039434580206,1.51394073340907,0.644943328959926,1.28
49,79,1,2,480.278340568235,2.00819110091015,0.711647728519893,1.27
50,17,1,1,486.103444804377,0.999676324356187,0.711593002167319,1.45
51,58,1,2,491.071177035066,1.99837459807623,0.661693689875392,1.52
52,25,1,1,497.081574456665,1.00453175167422,0.845026384247831,1.64
53,2,1,2.5,502.206513840645,2.51271509724484,0.611707751914764,1.61
54,77,1,2,508.441667122719,2.01065671329889,0.728310585803229,1.25
55,95,1,1,514.147157112333,1.00511442636434,0.695014721974076,1.33
56,69,1,2.5,519.292938456852,2.50925680150522,0.844923955245577,1.63
57,74,1,2,525.529631978451,2.00568685815415,0.7116371929651,1.25
58,148,1,2.5,531.306606290135,2.51188425171676,0.69488800266663,1.26
59,18,1,1.5,537.99104273016,1.51064895796026,0.611548547981329,1.75
60,124,1,1.5,543.632221354339,1.50254653130105,0.611688729385605,1.71
61,39,1,1,548.818650623748,0.999263974461428,0.644984300561191,1.32
62,189,2,1.5,553.469921723757,0,0,1.32
63,90,1,1,558.792088442468,1.00902897014112,0.744945055620519,1.48
64,164,1,1.5,563.515329378013,1.50221583195253,0.69502613549048,1.31
65,198,2,2.5,568.717384923211,0,0,1.27
66,122,1,2.5,575.316921183225,2.50027494870483,0.828288900120242,1.61
67,60,1,1.5,612.401291951626,1.51510081501237,0.511132715501844,1.38
68,149,1,1,617.884776738432,1.01459349880224,0.611672340745827,1.6
69,19,1,2,622.768529186851,2.01394907405665,0.695058327462903,1.41
70,166,1,2,628.918128206577,2.01414573773854,0.561622896802874,1.67
71,108,1,1,634.601511091158,1.01406320922979,0.711630461916684,1.3
72,97,1,1.5,639.473211157971,1.50891176209734,0.644954449823672,1.45
73,37,1,1.5,644.985117944068,1.51353569987259,0.644858751870743,1.59
74,140,1,2,650.329689104568,2.00198331812044,0.59497612087398,1.37
75,129,1,1,656.129354366592,1.00231196888762,0.594973779639076,1.43
76,179,1,2,660.902408281414,2.0123915679269,0.544953601125599,1.32
77,136,1,1.5,667.047967208672,1.49989830263439,0.528293377730733,1.72
78,181,2,2,672.523554134166,0,0,1.59
79,9,1,2,678.32248805312,2.0085364329716,0.694950338030139,1.34
80,159,1,1.5,684.378680895908,1.50219856535023,0.678371472527942,1.63
81,10,1,2,689.745697762452,2.00152619211985,0.711622852904839,1.4
82,187,2,1.5,695.37302652238,0,0,1.28
83,83,1,1,700.676727340729,1.0036991502202,0.694903805998365,1.45
84,128,1,1,705.794586832137,1.00235586703093,0.56147978885565,1.75
85,62,1,2,710.748757170396,1.99788791399169,0.578324091798095,1.49
86,27,1,1,716.535072129039,1.01152501857632,0.578244782486763,1.42
87,188,2,1,721.296593123619,0,0,1.47
88,88,1,2.5,726.146909234149,2.49943239700588,0.828127354952812,1.36
89,28,1,1.5,732.506050481109,1.50674407177485,0.661608234822779,1.44
90,53,1,1.5,738.003005266899,1.50964017862498,0.594931344766337,1.58
91,41,1,1.5,743.444447045816,1.50141512981645,0.528230457058271,1.52
92,24,1,2,748.989722274006,2.00586362134527,0.628329637596835,1.59
93,12,1,2,755.052996472637,2.00914632451077,0.561623774766304,1.6
94,119,1,2.5,760.862500479221,2.49945610200302,0.611647172476296,1.29
95,150,1,1,767.407520220217,1.0042993841671,0.778176828160213,1.68
96,152,1,2,772.262504166665,1.99918232391519,0.561589534214363,1.4
97,185,2,1,777.821538243623,0,0,1.27
98,113,1,1,782.630660043705,1.0140769639811,0.578329066921469,1.47
99,16,1,2,787.762168638522,1.99896400381476,0.645006249632388,1.67
100,147,1,1,793.417511437661,1.01028094519188,0.578272877297422,1.29
101,94,1,1.5,798.475344022433,1.50226850972558,0.761691319376041,1.65
102,178,1,2.5,803.771685756018,2.50575080311683,0.644971716425971,1.29
103,186,2,1.5,810.293382998717,0,0,1.68
104,4,1,2,815.785173021605,2.008604621421,0.561634310320187,1.53
105,45,1,2,821.9801431138,2.01342668614961,0.761686051599099,1.73
106,145,1,1.5,828.052722255568,1.50724304733922,0.744947396854513,1.64
107,144,1,2.5,833.410394963303,2.49951404755211,0.678346011604845,1.35
108,44,1,2.5,839.919954076689,2.50649151112339,0.678271384761501,1.5
109,21,1,1,846.355296062248,1.00417383547756,0.661741392525073,1.56
110,126,1,1,851.079436909734,1.01321656036998,0.811646235983062,1.37
111,14,1,1,855.718731718252,1.00730874822693,0.628284861491011,1.28
112,7,1,1.5,860.852234752053,1.50693605298875,0.661644816609623,1.73
113,32,1,2,866.18271929098,2.0096028652024,0.59505016240837,1.37
114,134,1,1.5,871.869199628562,1.50622636633761,0.761717365608092,1.27
115,48,1,2.5,877.143224716645,2.4987947033087,0.92831638035841,1.27
116,137,1,1,883.630868120905,1.01102896955581,0.778296816419243,1.62
117,116,1,2.5,888.600056306685,2.50818890600203,0.728353898637579,1.46
118,55,1,2.5,895.266602204681,2.50820675791419,0.594954464455441,1.65
119,146,1,2.5,901.589043433116,2.50225768151722,0.578358917658989,1.3
120,46,1,1.5,908.153754125327,1.50396766053018,0.644979325436907,1.65
121,30,1,1.5,913.583530704263,1.50752984854262,0.678203488965664,1.52
122,193,2,1,918.984499858208,0,0,1.61
123,56,1,2,923.852845814209,2.00450219359027,0.561663283095186,1.43
124,120,1,1,929.83099741557,1.00945975725517,0.661582188591638,1.61
125,80,1,2,934.946413828969,2.01067017539663,0.64494567019392,1.66
126,172,1,2,940.990973078439,1.99926777896781,0.661585407788152,1.57
127,121,1,1,946.754311163502,1.0024533209089,0.711658264073776,1.4
128,192,2,1.5,951.350474875482,0,0,1.26
129,132,1,2,957.022035404731,2.00101463242208,0.611667072967975,1.73
130,40,1,2,962.773550549151,1.99937430512909,0.611709507839805,1.29
131,86,1,1,968.592570502613,1.01345624423266,0.678329915618633,1.46
132,81,1,1.5,973.383549492669,1.50575724151076,0.595035237039156,1.38
133,76,1,1,1008.97052561588,1.00099912174483,0.561614409829417,1.7
134,114,1,1,1013.84068836971,1.0141486642824,0.561632847048713,1.5
135,109,1,1.5,1018.82242118162,1.49895537051361,0.561660649206715,1.56
136,35,1,1.5,1023.98879602318,1.49914471783904,0.578228393846075,1.25
137,107,1,1,1029.12992357918,1.00766754238612,0.661653888892943,1.28
138,106,1,1.5,1033.91187652564,1.50903379893589,0.644945962848396,1.37
139,67,1,2.5,1039.4276934657,2.50970105071701,0.678341621790423,1.49
140,168,1,2,1046.08132335928,2.00593561430014,0.628321443277855,1.67
141,104,1,1,1052.19259578794,1.01106438072475,0.678312941669901,1.73
142,85,1,1.5,1057.26318019807,1.50709350099714,0.544908239710821,1.65
143,63,1,1,1062.85933132592,1.01074509489445,0.561748152838845,1.72
144,11,1,1,1067.88211534032,1.00456394364483,0.744764487923021,1.65
145,176,1,2.5,1072.73657660621,2.49989566874592,0.778260527286875,1.33
146,71,1,2,1079.14871666704,2.00428972657573,0.694917853404149,1.44
147,117,1,1,1084.92359030624,1.01245946372273,0.578367989942308,1.4
148,82,1,2,1089.70056900773,2.00194585837107,0.611725018517973,1.31
149,5,1,1,1095.34290712821,1.0096248142745,0.594921687174974,1.27
150,138,1,2,1100.38978478496,2.01247351112852,0.645065073143996,1.58
151,180,1,1,1106.09591949198,1.00636171894621,0.661668814261247,1.32
152,154,1,2,1111.10700933362,2.01160374258052,0.695092275360366,1.55
153,156,1,2,1117.34032533207,2.01148902209934,0.578316775441635,1.75
154,131,1,1,1123.13767569866,1.01404652793462,0.59497524291055,1.41
155,135,1,1.5,1128.11732803122,1.50088425493595,0.644763053917814,1.56
156,26,1,1,1133.71547476866,1.00261954854523,0.728406869065111,1.73
157,127,1,2.5,1138.50672504925,2.51121875586159,0.494967955818538,1.28
158,6,1,2.5,1144.95778900855,2.51000863037552,0.61160707883937,1.42
159,133,1,1,1151.23313747933,1.00101112057018,0.544896240884555,1.39
160,23,1,1,1155.87126401192,1.01288059324543,0.578235710202534,1.28
161,50,1,1.5,1160.55666855234,1.5106126688288,0.511664760999338,1.27
162,142,1,2.5,1165.87502520485,2.50876894680459,0.595033773768591,1.3
163,38,1,2,1172.51533874295,2.00156891964616,0.511682905565067,1.66
164,151,1,1.5,1178.39612162829,1.50398902429424,0.495004537604473,1.47
165,15,1,2,1183.86959149266,2.01372694945076,0.528296889582634,1.51
166,3,1,1,1189.7236778684,1.0094026896686,0.494944250821391,1.47
167,66,1,2,1194.59757254973,2.00205911558078,0.628332856794259,1.41
168,174,1,2,1200.60986666378,2.00630845586602,0.528303035322097,1.55
169,72,1,2.5,1206.75783706238,2.5081511535991,0.545046665189147,1.63
170,153,1,2.5,1213.40097442172,2.49818686034996,0.528250064896383,1.62
171,175,1,1,1219.69853388981,1.00044015205185,0.578334627352888,1.43
172,57,1,2.5,1224.63592489437,2.512834500194,0.561722106607704,1.44
173,98,1,2.5,1231.2105943194,2.50455794423215,0.628325833091367,1.55
174,51,1,2,1237.83809281882,2.01030699142302,0.561749616110319,1.66
175,103,1,1,1243.67157721054,1.01005179688218,0.561641919332033,1.46
176,125,1,2,1248.63759916956,2.01032279475476,0.695020575059971,1.5
177,173,1,1,1254.53117836372,1.00012115887603,0.811611410122168,1.52
178,157,1,2.5,1259.60146104727,2.5129421969732,0.595065380431151,1.58
179,61,1,2.5,1266.2974716718,2.50017222704901,NaN,1.67
180,162,1,1.5,1272.72837701833,1.5022948486112,0.528429461975975,1.51
181,191,2,1,1277.76959298519,0,0,1.26
182,68,1,1.5,1282.6295921482,1.50094337110295,0.578283120198648,1.47
183,101,1,1,1288.15407224054,1.00958296471072,0.611695167779544,1.67
184,73,1,1,1293.11481383822,0.998693298596663,0.611667072967975,1.6
185,91,1,1.5,1298.26134847488,1.50208472283157,0.561574901499625,1.75
186,70,1,1,1303.76160352309,1.00174158567643,0.694838544090999,1.64
187,99,1,2.5,1308.76212005791,2.50091000851353,0.694922535873047,1.5
188,165,1,1,1315.34780586836,0.998550190649439,0.594845597060157,1.71
189,33,1,1,1320.21953051813,1.00994234417794,0.644998933275019,1.52
190,100,1,1,1325.33356648125,1.01246531680863,0.661542680262755,1.75
191,115,1,1.5,1330.15857121493,1.50381987011406,0.644959424946137,1.41
192,59,1,1,1335.44656293633,0.999196663975454,0.628267594887802,1.43
193,52,1,1,1340.11849396591,1.01041293227536,0.561659478589718,1.32
194,42,1,2,1345.33340025361,2.01196282939327,0.645053074318639,1.75
195,49,1,2,1351.53803847292,2.00703628708379,0.594973194330123,1.73
196,1,1,2,1357.34424953344,2.00075738930082,0.661618185068619,1.33
197,167,1,1,1363.11400640503,1.01425753167769,0.644950352663727,1.41
198,34,1,2,1368.23295398509,2.01177904249926,0.678168663104771,1.66
