TrialOrder,TrialNumber,TrialType,SpeedUpTimeCalc,OnsetRelativeToExpStart,OnsetSpeedChange,ResponseTime,Prestim_Interval
1,5,1,2.5,217.276663217239,2.51191193892191,NaN,1.59
2,86,1,2.5,224.197069820473,2.50823092357314,0.0132303499685804,1.47
3,33,1,1.5,230.846362531724,1.50970795366266,0.611538745190046,1.41
4,169,1,2.5,237.000814751687,2.51444428316063,0.278135857503003,1.72
5,81,1,1.5,243.553817802323,1.51263918674704,0.952099390340663,1.31
6,99,1,1.5,249.094283510174,1.51411124170045,0.61972050271288,1.32
7,24,1,1,254.640403899102,1.01008050355267,0.936729146571452,1.42
8,100,1,2.5,259.960651941825,2.50736554255855,0.953296056883119,1.42
9,152,1,2,266.619861269795,2.00726984435278,NaN,1.33
10,106,1,1,272.491721080996,1.01088647558936,0.670141457749196,1.25
11,79,1,2,277.857779005628,2.01235735992304,0.586692623219278,1.55
12,94,1,2.5,284.316555028516,2.5126107992055,NaN,1.56
13,141,1,2.5,291.179241859507,2.50924760725138,0.536657972859757,1.46
14,97,1,2.5,298.265098074564,2.50746065545354,0.645042774463946,1.69
15,9,1,2.5,305.159930137383,2.51349725138243,0.428372673977719,1.49
16,170,1,1.5,311.998980975079,1.50844573238828,0.678500856894971,1.61
17,161,1,1,317.431066271152,1.01036174506771,NaN,1.31
18,12,1,2,322.661304445546,2.005926264972,0.219881989773057,1.43
19,72,1,2.5,329.170669407478,2.51411768011167,0.261653231847959,1.61
20,42,1,1,336.046931336099,1.01346622994788,0.995104758803791,1.74
21,190,2,2.5,341.323575530758,0,1,1.5
22,140,1,1.5,348.134621913074,1.51057304202004,0.995045642483092,1.58
23,39,1,1.5,353.998841963925,1.51375771438688,NaN,1.65
24,196,2,2.5,359.773896748953,0,0,1.5
25,66,1,2.5,366.914590961875,2.50804099043853,0.820032063289545,1.74
26,55,1,1.5,373.889612559818,1.50874482585823,0.678419498786752,1.75
27,82,1,1,379.440915577208,1.00807084125518,0.895089599274797,1.43
28,191,2,2,384.525783496127,0,0,1.4
29,129,1,2.5,391.1337269739,2.50850221481232,0.953399949428785,1.72
30,31,1,2,397.720767563986,2.01386365551843,0.553454324739505,1.27
31,45,1,2.5,403.971515882975,2.51400500791351,0.986722239911614,1.35
32,48,1,2.5,410.912865174983,2.5068610052349,NaN,1.54
33,183,2,2.5,417.493488132252,0,0,1.32
34,124,1,2.5,424.55503846658,2.50803425937193,0.436710709302133,1.67
35,123,1,1,431.42642563986,1.01226049109937,0.995098320392572,1.73
36,120,1,1,436.730760563676,1.00846416965578,0.95352227924559,1.68
37,184,2,2,441.960349336492,0,0,1.58
38,111,1,2,448.016697727124,2.00745685093716,0.0199924377939169,1.25
39,38,1,1.5,454.414242409697,1.51056104316376,NaN,1.68
40,13,1,1,459.852591402028,1.00617736301501,0.686785043686541,1.31
41,43,1,2,465.196780969929,2.01276356514791,0.7616865945256,1.55
42,198,2,2.5,471.444985823788,0,0,1.48
43,76,1,1,477.876801584551,1.00918322313919,0.453354002585911,1.31
44,176,1,2.5,483.278075277905,2.5087284371748,0.828466089473295,1.52
45,11,1,1,489.988058210261,1.00774745741364,NaN,1.58
46,84,1,1,495.250020778509,1.01301612646421,0.778362372519041,1.65
47,166,1,2,500.656542947714,2.0073052556163,0.653396320507454,1.6
48,186,2,1,506.664110422265,0,0,1.53
49,58,1,2.5,511.808179825999,2.50708664228659,0.978503900507349,1.26
50,36,1,2.5,518.742895798408,2.50650016154577,0.186747876496156,1.54
51,68,1,2.5,525.404109813542,2.51281331650716,NaN,1.26
52,119,1,1.5,532.157386672254,1.51015571590506,NaN,1.53
53,37,1,1,537.958116671036,1.01019493168133,0.711700524905609,1.68
54,178,1,2,543.277804571973,2.0078074517005,0.570152051863261,1.52
55,78,1,1.5,549.701164357422,1.51026487624222,0.661788204362892,1.71
56,105,1,1,555.080612714341,1.00640124413439,0.886632160683803,1.27
57,108,1,2,560.473190162575,2.00632105664772,0.178295413041269,1.61
58,127,1,2.5,566.951525201112,2.51213230818212,0.403268722900975,1.6
59,64,1,1.5,573.545565514933,1.51040037553503,0.870093930567236,1.37
60,28,1,2,579.419764810687,2.01188296606961,0.753467377155175,1.58
61,73,1,2,585.560015358536,2.00578286399104,0.645072332623386,1.34
62,85,1,1.5,591.953138023149,1.51345627967385,0.836613313696944,1.7
63,49,1,1,597.557689921427,1.0095341165561,1.00016593542023,1.48
64,75,1,2,602.971114945542,2.01336438598628,NaN,1.62
65,77,1,2,609.408684597447,2.00998539065949,0.545112192243323,1.63
66,40,1,1,615.608038005355,1.01135589430669,0.703282302094522,1.58
67,122,1,2.5,669.378933576665,2.51400617853324,0.727922980211588,1.38
68,125,1,2.5,676.289680514323,2.51224907755022,0.603244900778009,1.46
69,87,1,2.5,683.059228116424,2.5101364006714,0.645101890786464,1.33
70,181,2,2.5,690.031718540751,0,0,1.68
71,148,1,1.5,696.831308062763,1.50627657307996,NaN,1.55
72,22,1,1.5,702.513556953016,1.50807054859797,0.870013743082382,1.45
73,195,2,1.5,707.908975203922,0,0,1.31
74,96,1,2,713.90474692361,2.01001494882075,0.603244900778009,1.67
75,51,1,2.5,720.153290379374,2.51231668086984,0.79503346803358,1.3
76,103,1,1.5,726.730278560792,1.51094968908365,0.936651007668843,1.33
77,132,1,1,732.255414411271,1.01146856650485,0.995008182635502,1.39
78,21,1,1.5,737.238431930773,1.51242993837877,0.93662174216297,1.26
79,32,1,2.5,743.418913477117,2.50781798728349,0.628316952454043,1.75
80,62,1,2,750.341126347383,2.01125141645025,0.761630112099738,1.58
81,185,2,2,756.364050603572,0,0,1.31
82,135,1,1,762.462750863917,1.00777935681435,0.995060275236028,1.47
83,121,1,2.5,768.032991882919,2.51339218821704,0.544987813842454,1.65
84,25,1,1.5,775.021718517339,1.5087231693833,0.853257192291494,1.74
85,155,1,2.5,781.186351036233,2.51158972570192,0.995122025455203,1.73
86,164,1,1,787.849776645657,1.00713024789002,0.869966332960757,1.51
87,10,1,2,793.155550847061,2.01041442297901,0.70343301945104,1.48
88,6,1,2.5,799.703756403293,2.51308168119795,0.569980555997972,1.61
89,154,1,1,806.484261888818,1.00824467836173,NaN,1.63
90,63,1,1,811.445078888097,1.00623384544087,0.711752617506136,1.33
91,174,1,2,816.621729872355,2.01380161264569,0.420063904159178,1.36
92,102,1,2,823.197937250072,2.01321483924949,0.653647125893258,1.74
93,90,1,1.5,829.607851876737,1.51254700040226,NaN,1.67
94,113,1,1,835.030661470673,1.00698245708554,0.561580477800817,1.29
95,7,1,2.5,840.564850312789,2.50701172259141,0.811723000815618,1.62
96,29,1,1.5,847.31759453929,1.51310655687848,0.861704095297682,1.52
97,44,1,1.5,852.929367408527,1.51053587482784,0.561686418930549,1.39
98,89,1,1,858.387943548008,1.01082238413255,NaN,1.33
99,147,1,2,863.871319862616,2.01163918440579,0.495043886552594,1.68
100,20,1,1.5,870.041466002847,1.5087591659576,0.728374546970372,1.45
101,171,1,1.5,875.794710962156,1.50626428156647,0.995069054888518,1.54
102,67,1,1.5,881.574168449912,1.51080804403318,0.870121732799817,1.57
103,30,1,1,887.201794736422,1.00863069038496,0.895246755040716,1.51
104,117,1,1.5,892.476816744083,1.50955196851464,0.836661016473954,1.57
105,104,1,2.5,898.238531726149,2.50696665371106,0.736678926961758,1.37
106,168,1,2,904.987143955854,2.009132008503,0.178285462769054,1.44
107,3,1,2.5,911.326980279731,2.51180570513498,0.736681853513801,1.45
108,114,1,1.5,917.985675120106,1.5120685093807,0.911680799954411,1.44
109,101,1,2,923.682842394714,2.00725374832473,0.678471591389098,1.4
110,134,1,2,929.775525081708,2.00705152368027,0.845093286727206,1.3
111,8,1,2.5,936.1734148046,2.51002548440374,0.57002621018728,1.52
112,60,1,1,943.001433131831,1.00761781121946,NaN,1.7
113,192,2,1.5,947.829449410476,0,0,1.28
114,35,1,1.5,953.701104363136,1.50925580159492,0.753472352291283,1.68
115,162,1,1,959.294756616346,1.00782764490032,0.9951015396,1.48
116,180,1,1,964.23046059224,1.00624467367743,NaN,1.32
117,150,1,1.5,969.518589449433,1.51024614631751,0.570219362527496,1.6
118,65,1,2,975.34448163765,2.0103008728147,NaN,1.53
119,130,1,1,981.288033158988,1.00897543804604,0.878480253979433,1.32
120,59,1,2,986.706477802698,2.0080210898941,0.661584516439689,1.63
121,19,1,2,992.874570675025,2.0073681764552,0.778248237045773,1.36
122,93,1,1,998.869388631872,1.01311270263432,0.728386545828471,1.37
123,52,1,1,1004.00294147601,1.01345569436489,NaN,1.52
124,1,1,1,1009.36492271565,1.0104158862523,0.995071396127969,1.75
125,54,1,2,1014.59143217192,2.00979311628544,0.911645974003477,1.43
126,165,1,1,1020.73005146046,1.01339365149215,0.995107392700447,1.52
127,70,1,1.5,1026.17448943398,1.51133014066181,0.678403110105137,1.74
128,175,1,1.5,1031.73114042995,1.51358885241825,0.836923820716038,1.35
129,83,1,1,1037.44221994081,1.01166640132578,NaN,1.59
130,95,1,2.5,1042.60592006069,2.50706264457222,0.478360792181775,1.27
131,107,1,1.5,1049.55754447186,1.5061636082246,NaN,1.73
132,139,1,1,1055.0795749595,1.0097664846744,1.00018408003234,1.4
133,14,1,1.5,1089.89391458921,1.50792275779349,0.461721010760812,1.47
134,56,1,2,1095.82497705584,2.01108694430513,0.770071747314432,1.56
135,118,1,1.5,1102.19954158511,1.51214752624583,0.503406797557545,1.62
136,133,1,1.5,1107.80425737022,1.50814634625931,0.428403110103318,1.36
137,4,1,1.5,1113.62727802699,1.51082677395789,0.5616638844931,1.58
138,26,1,1.5,1119.307356002,1.50638602607251,0.670154334571635,1.43
139,172,1,2,1125.32121760894,2.01002753298781,0.120010523876772,1.67
140,163,1,2.5,1131.57588194529,2.50620721382984,0.503354997612405,1.3
141,115,1,1,1138.14444488017,1.01317913533239,NaN,1.42
142,194,2,1,1142.91938757831,0,0,1.28
143,189,2,1,1147.91226406149,0,0,1.51
144,126,1,2,1153.43669080876,2.00615863309031,NaN,1.69
145,41,1,2,1159.7624747146,2.00627657307814,0.520043945083671,1.48
146,142,1,2.5,1166.09205699048,2.51076092657058,0.461670674090783,1.38
147,136,1,1,1172.93015172409,1.00672638390824,NaN,1.68
148,46,1,2.5,1178.35946265019,2.51159762738644,0.978464392073874,1.49
149,144,1,2.5,1185.3624790459,2.50943812569676,NaN,1.54
150,80,1,2.5,1192.09247607252,2.51356397673771,0.645075259175428,1.28
151,92,1,2.5,1199.1146423521,2.50884666981983,0.4867632116202,1.57
152,69,1,2.5,1205.938491808,2.5109570054592,0.745038326107533,1.37
153,179,1,2.5,1212.64467490705,2.51379517423447,0.736886712054911,1.25
154,71,1,2.5,1219.83321500314,2.50958298995101,0.611673073861311,1.72
155,53,1,1.5,1226.45918017952,1.5091422514306,0.795071220536556,1.37
156,145,1,1,1232.18507593813,1.0090608933242,NaN,1.58
157,98,1,1.5,1237.50857713451,1.51122771139126,NaN,1.58
158,138,1,2.5,1243.59565050196,2.50834564435718,0.761724639682143,1.64
159,88,1,2.5,1250.3298614688,2.50798480066624,0.8285134995931,1.29
160,15,1,2,1257.25990608114,2.01234653168649,0.653366762346195,1.59
161,146,1,2,1263.36945623519,2.01173868712613,0.320166391960811,1.27
162,61,1,2.5,1269.62787972579,2.51254875633276,0.995186116912009,1.33
163,17,1,1.5,1276.5958723345,1.51186277287161,NaN,1.73
164,160,1,2.5,1282.64330323278,2.50707991121999,0.16165533896492,1.62
165,27,1,2,1289.59166424738,2.00935062183271,0.878428161377087,1.62
166,182,2,2,1295.72095398526,0,0,1.45
167,143,1,2,1302.25847587586,2.01085369822249,0.68674202339389,1.73
168,109,1,2.5,1308.74451183965,2.50894587988478,0.720098847174086,1.57
169,116,1,2,1315.59517932731,2.00914605594517,0.853426639570898,1.52
170,187,2,1.5,1321.91349906584,0,0,1.74
171,151,1,2,1327.89894620766,2.00687271143761,0.670054831853122,1.69
172,173,1,1,1334.03472264494,1.01335999615912,0.636659377605611,1.51
173,153,1,2,1339.35747815623,2.00804655088541,0.995129927141534,1.52
174,131,1,2,1345.59839414315,2.00947587819974,0.811804944230971,1.42
175,2,1,1.5,1351.99420338122,1.50598304005507,0.77857045026758,1.69
176,188,2,1,1357.36451007202,0,0,1.4
177,177,1,1,1362.56550673809,1.01087330611153,0.936913226603792,1.6
178,128,1,2.5,1367.87868745376,2.50697748194762,0.870043593899027,1.42
179,16,1,2,1374.91396614332,2.00577847416571,0.995134024311483,1.74
180,91,1,1.5,1380.96304351898,1.50739393010008,0.870156266097183,1.34
181,159,1,1.5,1386.76808403414,1.51136291802686,0.995081346400184,1.61
182,156,1,1,1392.45123342402,1.01231755883418,0.92829131587132,1.57
183,112,1,2,1397.54211745301,2.01362806819452,NaN,1.3
184,23,1,2.5,1404.02869804787,2.511306435601,0.636760928910007,1.59
185,157,1,1.5,1410.50599972139,1.50958181933129,0.99513665820632,1.26
186,149,1,1,1415.94001946741,1.00975302254119,0.878335097067975,1.32
187,50,1,2,1421.481542538,2.01048466019347,0.611698534852621,1.75
188,158,1,1.5,1427.58207394106,1.51075331753782,0.795126239687306,1.38
189,197,2,1.5,1433.0875100088,0,0,1.45
190,57,1,1,1438.56025621365,1.00886188788172,0.71168442887938,1.37
191,18,1,2.5,1443.8016708848,2.50987652297772,0.528332521704215,1.36
192,34,1,1,1450.44337066051,1.01051655959418,0.99527537670474,1.51
193,137,1,1.5,1455.78247827329,1.51372903419178,0.745042423277482,1.64
194,74,1,2,1461.49145505755,2.01385399790161,0.736767016136582,1.4
195,193,2,2,1467.89296521619,0,0,1.73
196,110,1,2.5,1474.10036956481,2.50653615811825,0.686682614415986,1.31
197,167,1,1.5,1480.90795354511,1.50793212275494,NaN,1.59
198,47,1,1,1486.31359540789,1.01118732499162,0.570022698326284,1.29
