TrialOrder,TrialNumber,TrialType,SpeedUpTimeCalc,OnsetRelativeToExpStart,OnsetSpeedChange,ResponseTime,Prestim_Interval
1,66,1,1,6.47657620000018,1.02053749999959,NaN,1.34
2,179,1,2.5,15.1495697999999,2.50778160000027,NaN,1.36
3,42,1,1.5,22.1773662000001,0,NaN,1.71
4,101,1,2,0,0,0,0
5,43,1,2,0,0,0,0
6,163,1,2,0,0,0,0
7,99,1,2.5,0,0,0,0
8,35,1,2.5,0,0,0,0
9,5,1,2,0,0,0,0
10,114,1,2.5,0,0,0,0
11,153,1,2.5,0,0,0,0
12,75,1,2.5,0,0,0,0
13,41,1,2,0,0,0,0
14,172,1,1.5,0,0,0,0
15,53,1,1.5,0,0,0,0
16,104,1,2.5,0,0,0,0
17,192,2,2,0,0,0,0
18,45,1,2.5,0,0,0,0
19,72,1,2,0,0,0,0
20,106,1,1,0,0,0,0
21,9,1,2.5,0,0,0,0
22,11,1,1.5,0,0,0,0
23,155,1,1,0,0,0,0
24,122,1,2.5,0,0,0,0
25,188,2,2,0,0,0,0
26,125,1,2.5,0,0,0,0
27,2,1,1,0,0,0,0
28,190,2,1,0,0,0,0
29,50,1,1,0,0,0,0
30,31,1,1,0,0,0,0
31,158,1,1,0,0,0,0
32,79,1,2,0,0,0,0
33,120,1,2.5,0,0,0,0
34,90,1,1.5,0,0,0,0
35,193,2,1,0,0,0,0
36,124,1,1.5,0,0,0,0
37,165,1,1,0,0,0,0
38,175,1,2,0,0,0,0
39,197,2,2,0,0,0,0
40,169,1,2.5,0,0,0,0
41,150,1,1.5,0,0,0,0
42,174,1,2.5,0,0,0,0
43,3,1,1,0,0,0,0
44,113,1,2.5,0,0,0,0
45,26,1,1,0,0,0,0
46,71,1,1.5,0,0,0,0
47,110,1,2,0,0,0,0
48,123,1,1,0,0,0,0
49,89,1,2,0,0,0,0
50,108,1,1,0,0,0,0
51,40,1,1,0,0,0,0
52,159,1,2,0,0,0,0
53,173,1,2,0,0,0,0
54,136,1,2.5,0,0,0,0
55,133,1,1.5,0,0,0,0
56,22,1,2.5,0,0,0,0
57,6,1,1.5,0,0,0,0
58,15,1,1,0,0,0,0
59,19,1,1,0,0,0,0
60,107,1,1.5,0,0,0,0
61,92,1,2.5,0,0,0,0
62,54,1,1,0,0,0,0
63,134,1,2,0,0,0,0
64,156,1,1.5,0,0,0,0
65,186,2,1,0,0,0,0
66,13,1,2,0,0,0,0
67,4,1,2.5,0,0,0,0
68,109,1,1.5,0,0,0,0
69,167,1,2,0,0,0,0
70,83,1,2,0,0,0,0
71,18,1,1.5,0,0,0,0
72,36,1,1,0,0,0,0
73,63,1,1,0,0,0,0
74,170,1,2,0,0,0,0
75,105,1,1.5,0,0,0,0
76,194,2,1,0,0,0,0
77,12,1,1,0,0,0,0
78,82,1,1,0,0,0,0
79,178,1,1.5,0,0,0,0
80,29,1,1.5,0,0,0,0
81,10,1,1,0,0,0,0
82,88,1,2,0,0,0,0
83,119,1,1,0,0,0,0
84,32,1,1.5,0,0,0,0
85,181,2,2.5,0,0,0,0
86,27,1,2.5,0,0,0,0
87,128,1,2.5,0,0,0,0
88,65,1,2.5,0,0,0,0
89,77,1,2.5,0,0,0,0
90,112,1,2.5,0,0,0,0
91,195,2,1,0,0,0,0
92,62,1,2,0,0,0,0
93,118,1,1.5,0,0,0,0
94,151,1,1.5,0,0,0,0
95,17,1,1,0,0,0,0
96,93,1,1,0,0,0,0
97,140,1,2.5,0,0,0,0
98,47,1,2.5,0,0,0,0
99,147,1,1.5,0,0,0,0
100,185,2,2,0,0,0,0
101,56,1,2,0,0,0,0
102,135,1,2.5,0,0,0,0
103,103,1,2.5,0,0,0,0
104,171,1,1.5,0,0,0,0
105,117,1,2.5,0,0,0,0
106,8,1,1,0,0,0,0
107,25,1,1.5,0,0,0,0
108,37,1,2.5,0,0,0,0
109,39,1,1,0,0,0,0
110,187,2,1,0,0,0,0
111,116,1,2,0,0,0,0
112,87,1,2,0,0,0,0
113,146,1,1.5,0,0,0,0
114,51,1,1,0,0,0,0
115,80,1,1,0,0,0,0
116,157,1,1,0,0,0,0
117,60,1,1.5,0,0,0,0
118,191,2,2,0,0,0,0
119,139,1,2,0,0,0,0
120,69,1,2,0,0,0,0
121,198,2,2.5,0,0,0,0
122,24,1,2.5,0,0,0,0
123,115,1,1.5,0,0,0,0
124,143,1,1.5,0,0,0,0
125,14,1,1.5,0,0,0,0
126,73,1,1.5,0,0,0,0
127,20,1,1.5,0,0,0,0
128,176,1,1.5,0,0,0,0
129,168,1,1,0,0,0,0
130,142,1,1.5,0,0,0,0
131,137,1,2,0,0,0,0
132,76,1,1.5,0,0,0,0
133,44,1,1.5,0,0,0,0
134,30,1,1,0,0,0,0
135,74,1,1.5,0,0,0,0
136,61,1,1,0,0,0,0
137,21,1,2.5,0,0,0,0
138,196,2,2,0,0,0,0
139,98,1,1.5,0,0,0,0
140,132,1,2.5,0,0,0,0
141,78,1,2.5,0,0,0,0
142,84,1,2,0,0,0,0
143,162,1,1,0,0,0,0
144,28,1,1.5,0,0,0,0
145,97,1,2,0,0,0,0
146,91,1,2,0,0,0,0
147,127,1,1,0,0,0,0
148,154,1,2,0,0,0,0
149,184,2,2,0,0,0,0
150,141,1,2.5,0,0,0,0
151,126,1,1,0,0,0,0
152,58,1,2,0,0,0,0
153,177,1,1.5,0,0,0,0
154,48,1,1.5,0,0,0,0
155,183,2,1.5,0,0,0,0
156,152,1,1,0,0,0,0
157,160,1,1,0,0,0,0
158,70,1,1,0,0,0,0
159,144,1,1,0,0,0,0
160,86,1,1,0,0,0,0
161,182,2,2.5,0,0,0,0
162,121,1,1.5,0,0,0,0
163,38,1,1.5,0,0,0,0
164,16,1,2.5,0,0,0,0
165,102,1,2,0,0,0,0
166,33,1,1.5,0,0,0,0
167,94,1,2,0,0,0,0
168,67,1,2.5,0,0,0,0
169,49,1,2,0,0,0,0
170,46,1,2,0,0,0,0
171,7,1,1.5,0,0,0,0
172,55,1,1.5,0,0,0,0
173,52,1,1.5,0,0,0,0
174,164,1,2.5,0,0,0,0
175,1,1,1.5,0,0,0,0
176,68,1,2,0,0,0,0
177,189,2,2,0,0,0,0
178,81,1,1.5,0,0,0,0
179,149,1,2.5,0,0,0,0
180,166,1,2,0,0,0,0
181,23,1,1,0,0,0,0
182,148,1,1,0,0,0,0
183,161,1,1.5,0,0,0,0
184,34,1,2,0,0,0,0
185,100,1,2.5,0,0,0,0
186,130,1,1.5,0,0,0,0
187,85,1,1.5,0,0,0,0
188,111,1,1,0,0,0,0
189,64,1,2,0,0,0,0
190,57,1,1,0,0,0,0
191,95,1,2,0,0,0,0
192,145,1,1,0,0,0,0
193,138,1,2.5,0,0,0,0
194,59,1,1,0,0,0,0
195,96,1,2.5,0,0,0,0
196,129,1,1,0,0,0,0
197,180,1,1,0,0,0,0
198,131,1,1,0,0,0,0
