PresOrder,TrialNumber,Illusory_Fragmented,Fat_Thin,StairNum,StimPresTime,StimPresLength,Response,ReationTime,Accuracy,StepLevel
1,79,2,2,3,58.4980513671162,0.19911671340833,2,0.320364786651226,1,8.5
2,69,2,2,1,60.6856389985282,0.19884074122092,2,0.0207526402459735,1,8.5
3,21,2,2,1,62.5024332669695,0.198428977840649,2,0.0204234051338972,1,7
4,42,2,1,2,64.3009753260967,0.199046769237611,1,0.0395913270399433,1,8.5
5,1,2,1,1,66.1061931026857,0.199438924838432,1,0.0205995825008358,1,5.75
6,71,2,2,3,67.9211102920067,0.198659881399635,2,0.0195524685173041,1,7
7,57,2,1,1,69.7020270054736,0.199152417127152,1,0.0196452396553468,1,4.75
8,7,2,2,3,71.4824699130322,0.198461169718485,2,0.0198579987013545,1,5.75
9,96,2,2,4,73.2824369017253,0.198559501271575,2,0.0964840323899807,1,15
10,48,2,2,4,75.1430548511553,0.198941706655205,2,0.117226429765651,1,15
11,61,2,2,1,77.0142645136352,0.198239338415988,2,0.075188812678789,1,3.75
12,38,2,2,2,78.8512489424238,0.198302844210957,2,0.0185735427835425,1,7
13,91,2,1,3,80.6299411971459,0.198287626232286,1,0.0632912800106169,1,4.75
14,4,2,1,4,82.4440746605733,0.199274746261835,1,0.142325558800167,1,15
15,37,2,2,1,84.3562994090453,0.198394152082074,2,0.0189042411625451,1,3.25
16,17,2,1,1,86.1276273327771,0.198768748476141,1,0.0440039555037401,1,2.75
17,76,2,1,4,87.9228796746634,0.198795672592496,1,0.0187465009621519,1,15
18,53,2,2,1,89.6936375095079,0.199037111674897,2,0.071233601530821,1,2.25
19,93,2,2,1,91.5156524225413,0.215369221813944,1,0.16682328502884,0,1.75
20,114,2,1,2,93.4609988086081,0.198539600838558,1,0.0785218426281062,1,5.75
21,108,2,1,4,95.290644659909,0.198306063398377,1,0.0489328246239893,1,15
22,83,2,1,3,97.0912189044757,0.198339133236459,2,0.153116276183937,0,3.75
23,98,2,1,2,98.9953125699626,0.198217974715135,1,0.0485526678144197,1,4.75
24,70,2,2,2,100.795579528424,0.198322159337749,2,0.105547509211647,1,3.75
25,64,2,2,4,102.650890793152,0.198373666341467,2,0.0191468508587604,1,15
26,33,2,1,1,104.443717623385,0.198897223333461,1,0.0196335335176627,1,2.75
27,113,2,1,1,106.213461999391,0.198676855298345,1,0.123657196304066,1,2.25
28,13,2,2,1,108.090517999503,0.198912441312132,2,0.0807220111378228,1,2.25
29,36,2,1,4,109.921887579525,0.199024527576967,1,0.0196388012795978,1,15
30,72,2,2,4,111.686355706786,0.199347324313749,2,0.0554554843397455,1,15
31,115,2,1,3,113.50565216208,0.198498336704233,1,0.0191904562202581,1,5.75
32,80,2,2,4,115.275981552298,0.199004919797062,2,0.0190356425541722,1,15
33,15,2,2,3,117.036635820019,0.198330938940671,2,0.0517159587720926,1,5.25
34,66,2,1,2,118.835183146909,0.19825016659297,1,0.0188091287968746,1,3.25
35,26,2,1,2,120.610150508734,0.199202460864399,1,0.0269917187856663,1,2.75
36,40,2,2,4,122.403617664679,0.19823436330762,2,0.0192604003909764,1,15
37,89,2,1,1,124.176554596986,0.199188413499542,1,0.0198998481419039,1,2.25
38,95,2,2,3,125.946553874131,0.198896930679894,2,0.062658563288096,1,4.75
39,24,2,2,4,127.769092051504,0.198576475170739,2,0.0190470560378344,1,15
40,10,2,1,2,129.542029569118,0.199252504601191,1,0.166781435587836,1,2.25
41,101,2,2,1,131.457668119886,0.199079839075694,2,0.0192220627909592,1,1.75
42,111,2,2,3,133.242583942516,0.199251919294056,2,0.113941980286654,1,4.25
43,103,2,2,3,135.105462639717,0.198294064608035,2,0.0815025178435462,1,4.25
44,2,2,1,2,136.936797686633,0.198453268075355,2,0.0798062985454635,0,1.75
45,86,2,2,2,138.768412217579,0.198257482928511,2,0.0948542454211747,1,2.75
46,20,2,1,4,140.619793439354,0.199010187558542,1,0.1409073602631,1,15
47,34,2,1,2,142.531333964099,0.198265384571641,1,0.0398804686319636,1,2.25
48,119,2,2,3,144.32926086571,0.199007846331369,2,0.151817772901722,1,3.75
49,85,2,2,1,146.234403108448,0.198898393947275,2,0.0522696590674059,1,1.75
50,82,2,1,2,148.034786835629,0.198673928764038,1,0.100314573175183,1,2.25
51,104,2,2,4,149.891569561819,0.198757042338912,2,0.126699621394437,1,15
52,18,2,1,2,151.770160821841,0.216983498150967,1,0.0850620615501612,1,2.25
53,75,2,1,3,153.618058589803,0.198461462371597,1,0.0191055867244359,1,3.75
54,6,2,2,2,155.392234031439,0.199018381854785,2,0.140359805689968,1,1.75
55,118,2,2,2,157.275012869435,0.198645248727644,2,0.0187505981102731,1,1.75
56,47,2,2,3,159.036882819517,0.198279431936498,2,0.0189247269031512,1,3.25
57,94,2,2,2,160.802195544586,0.19872075331341,2,0.0192779595968204,1,1.75
58,27,2,1,3,162.569150933374,0.199257772363126,1,0.0189791604416314,1,2.75
59,46,2,2,2,164.352418824522,0.19902364961672,2,0.055757502682809,1,1.75
60,105,2,1,1,166.153443462722,0.198662807933488,1,0.0186794833261956,1,1.75
61,49,2,1,1,175.56576376254,0.198232607387126,2,0.0218126309805484,0,1.75
62,62,2,2,2,177.446184106519,0.198312501774126,2,0.0364005266592358,1,1.25
63,110,2,2,2,179.234004221818,0.198383323904636,2,0.0187819120278618,1,1.25
64,117,2,2,1,181.001873859932,0.198930293171543,2,0.158156646261887,1,1.75
65,29,2,2,1,182.906747739472,0.199305182219632,2,0.0950883681675805,1,1.75
66,106,2,1,2,184.763053733219,0.198967460157291,1,0.119708423531392,1,1.25
67,63,2,2,3,186.634870358919,0.198845131022154,2,0.077301185158376,1,2.25
68,5,2,2,1,188.457987697435,0.198796550552743,2,0.0890933625910293,1,1.75
69,109,2,2,1,190.289578523452,0.199060523949356,2,0.129587818125401,1,1.75
70,56,2,2,4,192.16221838326,0.215145927244521,2,0.0189162399537963,1,15
71,58,2,1,2,193.949860857926,0.198495410169926,1,0.0188220055483725,1,0.75
72,41,2,1,1,195.715721722874,0.198412296595052,1,0.09817059412444,1,1.75
73,16,2,2,4,197.561437466839,0.198529065314688,2,0.055956507017072,1,15
74,12,2,1,4,199.369980371735,0.198356399789191,1,0.0961082653816447,1,15
75,74,2,1,2,201.21017403807,0.198201293469992,1,0.16468691496766,1,0.75
76,30,2,2,2,203.145400468421,0.198873518405435,2,0.0805947068947717,1,0.75
77,100,2,1,4,204.978675807599,0.19893058582511,1,0.0955018874683446,1,15
78,52,2,1,4,206.827307550371,0.198814695065266,1,0.133506447593845,1,15
79,77,2,2,1,208.714486725387,0.198850398784089,2,0.018544862746694,1,1.25
80,78,2,2,2,210.482498885722,0.198318354842741,2,0.0184702361211748,1,0.75
81,11,2,1,3,212.248317315923,0.198641736886657,1,0.189088943523984,1,2.25
82,120,2,2,4,214.186296444466,0.198740946400449,2,0.119466984449446,1,15
83,3,2,1,3,216.05007651424,0.215527839974584,1,0.0925118473423936,1,1.75
84,50,2,1,2,217.905650874405,0.199058182721728,1,0.146366224750636,1,0.75
85,107,2,1,3,219.79412826005,0.1983379626231,2,0.0632362611650024,0,1.75
86,35,2,1,3,221.610889751306,0.198697926345631,1,0.0442895852547736,1,2.25
87,99,2,1,3,223.426581886918,0.198425758652775,2,0.0221307452625297,0,2.25
88,97,2,1,1,225.202585534551,0.198875566979495,2,0.0630709119750463,0,1.25
89,55,2,2,3,227.009988554325,0.198893126185339,2,0.0225940156469733,1,3.25
90,60,2,1,4,228.785283980649,0.198713436977869,1,0.128343163074533,1,15
91,65,2,1,1,230.659121670958,0.198355229175377,2,0.0181603161358908,0,1.75
92,92,2,1,4,232.431117429824,0.199358445143844,1,0.0184456532329023,1,15
93,28,2,1,4,234.216508521629,0.198133690526447,1,0.0184251674927509,1,15
94,19,2,1,3,235.981642142797,0.19834118181052,1,0.0405348417084497,1,2.75
95,22,2,2,2,237.770793538563,0.198901905788262,2,0.0964670584903615,1,0.75
96,59,2,1,3,239.610933356668,0.198254849047771,1,0.063000089844536,1,2.75
97,45,2,2,1,241.426775038184,0.215112857406439,2,0.0380876737003746,1,1.75
98,44,2,1,4,243.234447884423,0.198805915462344,1,0.0544306120173133,1,15
99,54,2,2,2,245.034188652012,0.198911856004997,2,0.0625997399483822,1,0.75
100,102,2,2,2,246.848568236977,0.198951364218829,2,0.125743229974887,1,0.75
101,81,2,1,1,248.722126150604,0.198307526665758,1,0.048342249995585,1,1.75
102,87,2,2,3,250.514889767695,0.198881712701677,1,0.195549560712607,0,2.25
103,31,2,2,3,252.465837247817,0.214654854783475,2,0.0204722782573299,1,2.75
104,43,2,1,3,254.250227757535,0.198601643366146,1,0.0862496491818092,1,2.75
105,39,2,2,3,256.082378722223,0.198359618977065,2,0.0690193856557926,1,2.75
106,51,2,1,3,257.897435799885,0.198280895203425,1,0.084251411540663,1,2.25
107,84,2,1,4,259.736771406355,0.19925104133381,1,0.0419799643605074,1,15
108,73,2,1,1,261.530213394104,0.198346742226022,2,0.138994284770888,0,1.75
109,67,2,1,3,263.418423001858,0.199341471245134,1,0.502180707056596,1,2.25
110,90,2,1,2,265.681840356967,0.199293768735515,2,0.203621820357057,0,0.75
111,14,2,2,2,267.635085459192,0.199231140900793,2,0.0781457829666579,1,0.75
112,8,2,2,4,269.465286181402,0.198574719250246,2,0.0698633981569401,1,15
113,9,2,1,1,271.282076352696,0.198695585118458,2,0.133162287156665,0,1.75
114,25,2,1,1,273.168506042269,0.1991003248163,2,0.0241494686438273,0,2.25
115,68,2,1,4,274.96082804533,0.198226169011377,1,0.0182469415517517,1,15
116,116,2,1,4,276.737250772678,0.19900989490543,1,0.0749693226034651,1,15
117,32,2,2,4,278.554019872924,0.199062865176529,2,0.161279258392824,1,15
118,88,2,2,4,280.46499616185,0.198636469124722,2,0.0860524007675849,1,15
119,112,2,2,4,282.304946047876,0.198664563853981,2,0.209604827142812,1,15
120,23,2,2,3,284.257811285946,0.198972727919227,2,0.0190821744499772,1,2.25
121,206,1,2,2,286.049369756199,0.198859178387011,2,0.599004510082068,1,8.5
122,191,1,2,3,288.401725660234,0.198339718543593,1,0.656642018419006,0,8.5
123,215,1,2,3,290.82346969325,0.198285285004658,1,0.496009231459993,0,12
124,171,1,1,3,293.089007029828,0.198490727715125,2,0.357278042125017,0,13.5
125,205,1,2,1,295.199334447563,0.1989712646523,2,0.200183435172221,1,8.5
126,211,1,1,3,297.141521639819,0.198356692442758,2,0.203564460283815,0,14.5
127,199,1,2,3,299.100933242533,0.199318058970221,1,0.124442970771725,0,14.5
128,227,1,1,3,300.973383755569,0.198227046971624,1,0.184589396990759,1,14.5
129,233,1,1,1,302.934399391749,0.199302548338437,2,0.153445218642901,0,7
130,149,1,2,1,304.84009943193,0.198334158128546,2,0.319514921081918,1,10.5
131,204,1,1,4,306.917244047503,0.199128712198672,1,0.178200772546461,1,15
132,184,1,2,4,308.842556550155,0.19860281397996,2,0.159712099258741,1,15
133,156,1,1,4,310.749075141988,0.199086277451443,1,0.0434403049916909,1,15
134,182,1,2,2,312.549995302913,0.19822382778375,1,0.0996841976802898,0,7
135,189,1,2,1,314.394745290548,0.198394152082074,1,0.113542215696725,0,9.5
136,151,1,2,3,316.259296209465,0.198367227966173,2,0.0952902990366056,1,14.5
137,221,1,2,1,318.100509187708,0.199014284706664,2,0.125212941954487,1,12
138,170,1,1,2,319.970750752632,0.198216804101776,1,0.167182370791579,1,10.5
139,163,1,1,3,321.881325521048,0.215117247208127,1,0.110035349608097,1,14.5
140,135,1,2,3,323.753958357172,0.198239923723122,2,0.0188357602592077,1,15
141,240,1,2,4,325.517879515167,0.199337666750125,2,0.275520915794914,1,15
142,226,1,1,2,327.538655275034,0.198239338415988,1,0.0601546205148225,1,9.5
143,238,1,2,2,329.346612287757,0.198717826779102,2,0.260165975468226,1,9
144,124,1,1,4,331.355688056024,0.19842049089084,1,0.05893630427272,1,15
145,198,1,2,2,333.186593780354,0.19905320761336,1,0.11171459500747,0,8.5
146,231,1,2,3,335.035428624608,0.199131931386546,2,0.0389114931149379,1,15
147,140,1,1,4,336.817651450347,0.198953412792889,1,0.113072506936533,1,15
148,200,1,2,4,338.673337311469,0.198278261322685,2,0.0189803310554453,1,15
149,133,1,2,1,340.445516271385,0.198411711287918,2,0.112403208534943,1,11.5
150,152,1,2,4,342.298819933562,0.198978873641408,2,0.0929967740812572,1,15
151,209,1,1,1,344.153844105272,0.198297869102589,1,0.0640764691715958,1,11
152,130,1,1,2,345.955248607628,0.198351717333935,1,0.107775772451078,1,10.5
153,169,1,1,1,347.811007924763,0.19889780864014,1,0.177534693332746,1,10.5
154,166,1,2,2,349.72977318481,0.198676562644778,2,0.109005794830864,1,9.5
155,196,1,1,4,351.585280819992,0.216664505909193,1,0.0462632400071925,1,15
156,186,1,1,2,353.392921181699,0.198545161253605,1,0.0586559422840764,1,9.5
157,183,1,2,3,355.200912434874,0.1989712646523,2,0.0659719854575087,1,15
158,224,1,2,4,357.008720194346,0.198454146035601,2,0.0979835885805187,1,15
159,213,1,2,1,358.857059576338,0.198267725799269,2,0.159911688899683,1,10
160,217,1,1,1,360.76236072989,0.198764358674907,1,0.131879294506234,1,9.5
161,178,1,1,2,362.634666086823,0.198824059975323,1,0.136067457786794,1,9
162,229,1,2,1,364.522483538976,0.198991750392452,2,0.1814088394799,1,9
163,234,1,1,2,366.459733667817,0.198642029539769,1,0.128279364625996,1,8.5
164,153,1,1,1,368.339196742416,0.198476095043588,1,0.125334978436058,1,9
165,181,1,2,1,370.21720591476,0.199197193102464,2,0.103286176134588,1,8.5
166,208,1,2,4,372.057272276852,0.198668661002102,2,0.119216765764122,1,15
167,195,1,1,3,373.939084187906,0.198545161253605,1,0.0930754978544428,1,15
168,187,1,1,3,375.775571983819,0.198277383362438,2,0.0517990723469666,0,15
169,165,1,2,1,377.577008385399,0.198318647496308,2,0.0916728099500688,1,8
170,222,1,2,2,379.41586667412,0.199005505103742,2,0.145916416423461,1,8
171,136,1,2,4,381.304019799761,0.215689677323553,2,0.110013107947452,1,15
172,173,1,2,1,383.17736056454,0.198445073779567,2,0.0919280037437602,1,8
173,174,1,2,2,385.014948444708,0.199396197436727,2,0.121126329414437,1,8
174,142,1,2,2,386.872998652917,0.198899857214201,2,0.0959145288088621,1,8
175,141,1,2,1,388.718153087596,0.198398249230195,2,0.163659994070713,1,7
176,168,1,2,4,390.622949413976,0.199046183930932,2,0.130152931904377,1,15
177,236,1,1,4,392.497683501751,0.199371614548454,1,0.133912650559068,1,15
178,125,1,2,1,394.391272079604,0.198510628148597,2,0.123659830184806,1,6.5
179,157,1,2,1,396.262484668619,0.198344693651507,1,0.0810971928390245,0,5.75
180,164,1,1,4,398.080642116751,0.198571207408804,1,0.17623209290241,1,15
181,212,1,1,4,417.961947444711,0.198355229175377,1,7.17539861592468,1,15
182,154,1,1,2,427.122338207281,0.198292893994221,1,0.209808806585443,1,7.5
183,239,1,2,3,429.168985701246,0.198294649914715,2,0.188342969922815,1,14.5
184,167,1,2,3,431.127845359585,0.198252215166576,2,0.0186481694090617,1,14.5
185,129,1,1,1,432.892075559605,0.198234948614299,1,0.161059475664388,1,7.5
186,137,1,1,1,434.815633897579,0.198368983886667,1,0.129420127708272,1,7.5
187,122,1,1,2,436.688321167243,0.198372495728108,1,0.0186276836684556,1,6.5
188,207,1,2,3,438.452576535457,0.198265969878321,2,0.1779089970737,1,14.5
189,210,1,1,2,440.385916229126,0.1983110385072,1,0.116673314777017,1,6.5
190,190,1,2,2,442.257398351951,0.198462925638978,2,0.330361827925117,1,5.75
191,150,1,2,2,444.354005591437,0.198269774372875,2,0.206166149304408,1,4.75
192,225,1,1,1,446.313491820776,0.19949101714883,1,0.157113629426476,1,7
193,223,1,2,3,448.217220254779,0.198377763490043,2,0.0993236486510796,1,14.5
194,179,1,1,3,450.066312048747,0.198244898831035,1,0.134733836092437,1,14
195,237,1,2,1,451.945049342832,0.198795379938474,2,0.0470750606305046,1,6.5
196,197,1,2,1,453.730144562016,0.199117298715009,2,0.0470194564782105,1,6.5
197,158,1,2,2,455.537640352929,0.198267140492135,1,0.119279100945278,0,4.25
198,235,1,1,3,457.402610058909,0.198374251648602,1,0.156706255847439,1,14
199,155,1,1,3,459.306183093938,0.198260409463273,1,0.296554503336665,1,14
200,172,1,1,4,461.346257591796,0.216455258704173,1,0.131298377441453,1,15
201,161,1,1,1,463.234508756337,0.198342645077446,1,0.0754744424293676,1,6.5
202,159,1,2,3,465.057183895516,0.198847179596214,2,0.0505734397693232,1,14
203,144,1,2,4,466.850087400948,0.198344693651961,2,0.143454908398326,1,15
204,128,1,2,4,468.737707312034,0.198582620892921,2,0.151364745387127,1,15
205,131,1,1,3,470.634911037746,0.198736263945648,1,0.0752280282385982,1,14
206,126,1,2,2,472.458702064465,0.19867422141715,2,0.0828566252789642,1,5.75
207,220,1,1,4,474.288296116109,0.198513262029337,1,0.0572872021775765,1,15
208,192,1,2,4,476.1060792605,0.198264506611395,2,0.0573706084060177,1,15
209,177,1,1,1,477.912801568389,0.19914363752423,1,0.224599803746514,1,5.75
210,194,1,1,2,479.876085853982,0.198467900747346,1,0.0983792560223264,1,5.75
211,214,1,2,2,481.714930387991,0.198831668964431,2,0.19008542846359,1,5.25
212,160,1,2,4,483.642627138163,0.199015455320477,2,0.0344672580799852,1,15
213,132,1,1,4,485.433993335111,0.198246362098416,1,0.0639418485920942,1,15
214,148,1,1,4,487.234411302744,0.19896599688991,1,0.139883658554027,1,15
215,218,1,1,2,489.122056967332,0.198651101796258,1,0.184930045586498,1,4.75
216,202,1,1,2,491.050924331236,0.198993506312945,1,0.0970494388225234,1,4.75
217,127,1,2,3,492.914745372491,0.198426636613021,2,0.126088268372314,1,14
218,134,1,2,2,494.777114560065,0.198591985802523,1,0.295282924169896,0,4.25
219,180,1,1,4,496.809169475896,0.198977703027595,1,0.164665843920375,1,15
220,121,1,1,1,498.714204314824,0.198323622604676,1,0.573553611621264,1,5.75
221,219,1,1,3,501.032792695136,0.198331231593784,1,0.147297155320757,1,14
222,203,1,1,3,502.938227883961,0.19853989349167,1,0.0645543722275761,1,14
223,232,1,2,4,504.752163513668,0.199092130520057,2,0.0187830826416757,1,15
224,228,1,1,4,506.517826837549,0.198484289339831,1,0.0331787050145067,1,15
225,147,1,1,3,508.304140080322,0.198896345373214,2,0.113791556421347,0,14
226,123,1,1,3,510.162787301534,0.199080131729261,1,0.204710198474913,1,14
227,175,1,2,3,512.112933203903,0.198215633487962,2,0.0530475318928438,1,14
228,176,1,2,4,513.922099167957,0.198513262029337,2,0.105514146720452,1,15
229,201,1,1,1,515.769141802587,0.198266262531433,1,0.14365215681164,1,4.75
230,185,1,1,1,517.659155033449,0.198331816900463,1,0.084128204445733,1,4.25
231,162,1,1,2,519.483184280063,0.198269189065741,1,0.218999294997957,1,4.75
232,230,1,2,2,521.450509816913,0.214823130507739,2,0.115413441747933,1,4.75
233,145,1,1,1,523.329551763222,0.19875089661673,1,0.166898789614606,1,3.75
234,138,1,1,2,525.234443494622,0.199052622306681,1,0.140917310479836,1,4.75
235,216,1,2,4,527.123173440179,0.198882298008357,2,0.0654452092780957,1,15
236,143,1,2,3,528.92993174444,0.198906295589495,2,0.0946994317546341,1,14
237,139,1,1,3,530.767972944775,0.19836547204568,1,0.0794867209970107,1,14
238,146,1,1,2,532.595173091337,0.199123737090758,1,0.0610867216992119,1,4.75
239,193,1,1,1,534.409803480293,0.198643785460263,1,0.111054661515482,1,3.25
240,188,1,1,4,536.257657057587,0.19825338578039,2,0.0847814069079504,0,15
