PresOrder,TrialNumber,Illusory_Fragmented,Fat_Thin,StairNum,StimPresTime,StimPresLength,Response,ReationTime,Accuracy,StepLevel
1,119,1,2,3,335.400979683766,0.198885520457679,2,0.454267035525959,1,8.5
2,7,1,2,3,337.621813269512,0.198788945107367,2,0.529212141218977,1,7
3,41,1,1,1,339.897337183471,0.198993801911001,1,0.418170974073632,1,8.5
4,4,1,1,4,342.063220858169,0.198685346095317,1,0.483332704130362,1,15
5,64,1,2,4,344.299289644401,0.199010483107941,1,0.777458493816653,0,15
6,76,1,1,4,346.837544457584,0.19832860260442,1,0.70565296496568,1,15
7,49,1,1,1,349.289138111823,0.198940246489542,1,0.474581514131842,1,7
8,33,1,1,1,351.516657930987,0.199232021108401,1,0.393741800240718,1,5.75
9,35,1,1,3,353.65284995322,0.198989704775045,1,0.474429920097123,1,5.75
10,52,1,1,4,355.867351707818,0.199033895314074,1,0.507451373579556,1,15
11,59,1,1,3,358.114886914655,0.198841915223852,1,0.633854752428988,1,4.75
12,61,1,2,1,360.491614772048,0.198996435784238,2,0.514655309405498,1,4.75
13,53,1,2,1,362.755258162007,0.199041504281126,2,0.496023290462745,1,3.75
14,108,1,1,4,365.004510946816,0.198351722157895,1,0.658540875224389,1,15
15,11,1,1,3,367.405071259439,0.19864613064999,2,0.558392236980694,0,3.75
16,16,1,2,4,369.716401216147,0.199104424585016,2,0.498186285656516,1,15
17,23,1,2,3,371.956940270487,0.199060526698531,2,0.464272241815252,1,5.75
18,99,1,1,3,374.172004503338,0.199839860509996,1,0.358581641728279,1,5.25
19,97,1,1,1,376.282558111291,0.199426342419315,2,0.475117946304636,0,3.25
20,28,1,1,4,378.498444112576,0.198863864167038,1,0.506816610140845,1,15
21,29,1,2,1,380.746135010584,0.199061404656277,2,0.513211361592425,1,4.75
22,69,1,2,1,383.003915398823,0.19831279936534,2,0.546900940907335,1,4.25
23,83,1,1,3,385.290278578914,0.19918080690752,1,0.51508082625196,1,4.75
24,71,1,2,3,387.554812510664,0.198938197921507,2,0.44049041548169,1,4.25
25,10,1,1,2,389.745823042937,0.199135738410746,1,0.37709894086106,1,8.5
26,9,1,1,1,391.870328277175,0.198380987415703,2,0.600250335014039,0,3.75
27,67,1,1,3,394.208620608419,0.199750601474307,2,0.989616393929055,0,4.25
28,77,1,2,1,396.944570431379,0.199237874160076,2,0.561405973214733,1,4.75
29,95,1,2,3,399.249432180838,0.199022774516152,2,0.39724309566725,1,4.75
30,2,1,1,2,401.383977739674,0.199160321227168,1,0.319485306060415,1,7
31,55,1,2,3,403.441398516427,0.198915078368032,2,0.349544237509804,1,4.75
32,112,1,2,4,405.539079215492,0.1990731107594,2,0.713608139955795,1,15
33,113,1,1,1,408.000676320105,0.199212413385794,2,0.702164838904991,0,4.25
34,104,1,2,4,410.442332078146,0.199072818106742,2,0.77348866161492,1,15
35,21,1,2,1,412.961322450169,0.199044430806907,2,0.624641171359485,1,5.25
36,45,1,2,1,415.328814484898,0.19927621164743,2,0.472825598672102,1,4.75
37,1,1,1,1,417.5450317689,0.199121983739587,1,0.42580832836552,1,4.75
38,22,1,2,2,419.712071421276,0.198438054668145,2,0.363325247342573,1,5.75
39,5,1,2,1,421.816971274101,0.199177295076538,2,0.34964520264873,1,4.75
40,30,1,2,2,423.9063985852,0.198864742124783,1,0.539334701191478,0,4.75
41,78,1,2,2,426.193125825097,0.198936442006129,2,0.34391506519853,1,7.5
42,56,1,2,4,428.27996052702,0.198969511747123,2,0.412616720822029,1,15
43,100,1,1,4,430.432012855642,0.199269187985692,1,0.502500862593479,1,15
44,92,1,1,4,432.673022787978,0.199138079631325,1,0.684625584683317,1,15
45,24,1,2,4,435.104880830408,0.198927955081331,2,0.347549517547577,1,15
46,34,1,1,2,437.201711959043,0.19837864619501,1,0.588138908130873,1,6.5
47,101,1,2,1,439.529308131264,0.198882301279468,1,0.738961217973156,0,4.25
48,26,1,1,2,442.008033605881,0.198376012321887,1,0.679676244307529,1,5.75
49,44,1,1,4,444.432696784714,0.199322450754721,1,0.677494812001441,1,15
50,15,1,2,3,446.858444533996,0.198889032288662,2,0.333903420552588,1,4.75
51,109,1,2,1,448.937230119452,0.199002581488344,2,0.434571517119707,1,4.75
52,73,1,1,1,451.119167543893,0.198709050953994,2,0.50716984180076,0,4.75
53,38,1,2,2,453.375849021706,0.199036821839854,2,0.545235455093803,1,5.25
54,114,1,1,2,455.665079611744,0.199261286366095,2,0.532280603484764,0,5.25
55,117,1,2,1,457.936862547816,0.199145103293176,2,0.482592293111452,1,5.25
56,115,1,1,3,460.168610026102,0.198997313741984,2,0.513513379051574,0,4.25
57,3,1,1,3,462.434003771121,0.198364306218764,1,0.363282520066491,1,4.75
58,57,1,1,1,464.537136002383,0.198920638766936,1,0.618707347716054,1,4.75
59,88,1,2,4,466.903547856452,0.198893129424732,1,0.852326046576877,0,15
60,60,1,1,4,469.506432064655,0.199005508014125,1,0.524255777181338,1,15
61,66,1,1,2,482.396178425593,0.199040918975925,2,0.000409420954724737,0,5.75
62,19,1,1,3,484.134795776789,0.198869131913398,2,0.435169406333785,0,4.75
63,62,1,2,2,486.320252641116,0.199024823084187,2,0.460045460651259,1,8
64,118,1,2,2,488.52871024205,0.198460296263875,2,0.228134389575075,1,7
65,98,1,1,2,490.495644305376,0.199162077142546,2,0.389327721427435,0,7
66,89,1,1,1,492.623847204919,0.199090377261427,1,0.592054306953401,1,4.75
67,85,1,2,1,494.959862699117,0.198886983720627,2,0.394842173928623,1,4.75
68,107,1,1,3,497.095153936719,0.199099449491314,1,0.501555594770934,1,5.25
69,6,1,2,2,499.336325120624,0.198987948859553,2,0.563578040638276,1,9
70,20,1,1,4,501.648315008892,0.199116423340683,2,0.708808930351893,0,15
71,93,1,2,1,504.095347087419,0.198872351091723,2,0.525667240558278,1,4.75
72,63,1,2,3,506.359778298114,0.198935856700928,2,0.491135992433101,1,4.75
73,72,1,2,4,508.591675321867,0.199147737166413,2,0.265881596864574,1,15
74,105,1,1,1,510.599714780799,0.198428689785601,2,0.317718269802867,0,4.75
75,31,1,2,3,512.656731696996,0.199179636297231,2,0.487062853871862,1,4.75
76,43,1,1,3,514.887361827744,0.19889986043404,2,0.38988522458601,0,4.75
77,103,1,2,3,517.023732368048,0.199073403411944,2,0.44865659297966,1,5.25
78,42,1,1,2,519.215484481951,0.198343820538412,2,0.46173933376474,0,8
79,82,1,1,2,521.416520413542,0.198695881588037,2,0.392925006899304,0,10
80,86,1,2,2,523.559553189752,0.198896055950513,1,0.515480589671483,0,12.5
81,14,1,2,2,525.815760277739,0.198400009833108,2,0.533424875059382,1,14
82,111,1,2,3,528.087200224991,0.198928540386532,2,0.413963507979588,1,4.75
83,12,1,1,4,530.246591109624,0.199189586484863,1,0.478629777224114,1,15
84,65,1,1,1,532.462119196809,0.199320402186572,2,0.630101483134013,0,4.75
85,120,1,2,4,534.832066294003,0.198486342343131,2,0.612704458064513,1,15
86,58,1,1,2,537.183086963762,0.199114374772648,1,0.402373587987995,1,13.5
87,90,1,1,2,539.335565687188,0.198790701022858,1,0.644422729623216,1,13.5
88,50,1,1,2,541.726547480978,0.198395034739406,1,0.645276982494352,1,13
89,32,1,2,4,544.110018639043,0.198848938885703,2,0.413990724669247,1,15
90,54,1,2,2,546.263887462208,0.198658714710859,2,1.02083891202301,1,13
91,81,1,1,1,549.022742909686,0.198995557826493,1,0.40938905555447,1,5.75
92,74,1,1,2,551.174799628097,0.199152712260229,2,0.643008632373039,0,12
93,37,1,2,1,553.559045144879,0.199061697308821,2,0.771392098556021,1,5.25
94,102,1,2,2,556.070422160121,0.199026286347134,2,0.695669122314484,1,13
95,110,1,2,2,558.511156062547,0.19937600617618,1,0.40422373757724,0,13
96,48,1,2,4,560.65544080648,0.198987363554352,2,0.664336859504147,1,15
97,94,1,2,2,563.065282010266,0.198907176748435,2,0.479585873191922,1,13.5
98,51,1,1,3,565.293557751035,0.198993509258457,1,0.647066260347742,1,4.75
99,18,1,1,2,567.677975640185,0.199318060965879,1,0.566368482956364,1,13.5
100,17,1,1,1,569.982227794327,0.198950489329718,1,0.379295298448596,1,5.25
101,13,1,2,1,572.110721883184,0.199328011153511,2,0.589156461139623,1,4.75
102,39,1,2,3,574.438234064116,0.199509748403671,2,0.432714343868497,1,4.75
103,87,1,2,3,576.614597042277,0.199224119488917,2,0.673571218906773,1,4.75
104,70,1,2,2,579.039026977007,0.198819380975465,1,0.417197904256454,0,13.5
105,84,1,1,4,581.198912444495,0.198864742124783,1,0.578768757932721,1,15
106,106,1,1,2,583.526821169668,0.199123447002535,1,0.574181428794191,1,14
107,40,1,2,4,585.838007141308,0.199028042262626,2,0.449513772376577,1,15
108,46,1,2,2,588.030265251516,0.198305775703489,2,0.54205227301793,1,14
109,8,1,2,4,590.31040224804,0.199311329956686,2,0.501386441581644,1,15
110,47,1,2,3,592.551213761929,0.199152419607572,1,0.580986479158355,0,4.75
111,91,1,1,3,594.878965917974,0.198382450678537,2,0.709374335129951,0,4.75
112,80,1,2,4,597.325365574282,0.199159150616879,2,0.526318685193928,1,15
113,116,1,1,4,599.589343466136,0.198806504262052,1,0.355660383708482,1,15
114,27,1,1,3,601.684696406607,0.198650227786061,1,0.487881695781198,1,5.25
115,79,1,2,3,603.922676214164,0.198987070901808,2,0.470611681929995,1,5.25
116,25,1,1,1,606.134934494111,0.198985607638974,1,0.318039309679421,1,4.75
117,36,1,1,4,608.198450638729,0.198892836772188,1,0.355266765992951,1,15
118,75,1,1,3,610.301735634636,0.199125788223114,1,0.471355019474572,1,4.75
119,68,1,1,4,612.517732551249,0.199022481863608,1,0.558685767515044,1,15
120,96,1,2,4,614.822287600808,0.199816448303977,2,0.401697853188466,1,15
121,124,2,1,4,837.298199513553,0.199200999935329,1,0.300222913467451,1,15
122,169,2,1,1,839.339989423536,0.198903664917452,1,0.138556655051161,1,8.5
123,165,2,2,1,841.222359183628,0.199003459445976,2,0.159195685364693,1,7
124,212,2,1,4,843.1263296304,0.198629449453165,1,0.115596011847629,1,15
125,185,2,1,1,844.980917296089,0.198668957551035,1,0.169077099614015,1,5.75
126,147,2,1,3,846.883752836169,0.199088328693279,1,0.109167312697309,1,8.5
127,230,2,2,2,848.723085108344,0.198983851723369,2,0.0113119000438928,1,8.5
128,160,2,2,4,850.475243786913,0.19918841587446,2,0.109311590417519,1,15
129,236,2,1,4,852.323284229157,0.199090377261427,1,0.011488076895148,1,15
130,215,2,2,3,854.074151431905,0.19884103726622,2,0.00545562933325527,1,7
131,191,2,2,3,855.817312507005,0.19885186541137,2,0.0321121819270047,1,5.75
132,229,2,2,1,857.577173216085,0.19926948063835,2,0.0409543868765923,1,4.75
133,227,2,1,3,859.354392027441,0.198898104518548,1,0.0706864253979802,1,4.75
134,233,2,1,1,861.154601917869,0.198916541630751,1,0.12220966742666,1,3.75
135,159,2,2,3,863.016747043697,0.199048527942978,2,0.136438435701621,1,3.75
136,158,2,2,2,864.880601845877,0.199022774516379,2,0.133681355777526,1,7
137,172,2,1,4,866.745198522339,0.198934686090524,1,0.226990703305773,1,15
138,144,2,2,4,868.704609073225,0.199017506769906,2,0.0684564127641352,1,15
139,203,2,1,3,870.512382276843,0.198958976254517,1,0.0924381208076284,1,3.25
140,152,2,2,4,872.337402082106,0.198397961265073,2,0.000398300156803089,1,15
141,238,2,2,2,874.064675634127,0.199032724703784,2,0.102156527571879,1,5.75
142,157,2,2,1,875.897058578218,0.198896055950399,2,0.0211903877675468,1,3.25
143,235,2,1,3,877.649019716297,0.199248117000025,1,0.206811722842758,1,2.75
144,154,2,1,2,879.583888422108,0.19933679073074,1,0.0647423589143727,1,4.75
145,178,2,1,2,881.375574806242,0.198957512991456,1,0.0740618802167319,1,3.75
146,195,2,1,3,883.183548184222,0.199324791975187,1,0.232886189461624,1,2.25
147,202,2,1,2,885.144032770065,0.198943173015323,1,0.139236779639305,1,3.25
148,205,2,2,1,887.015384160647,0.199051747121302,2,0.112906242016152,1,2.75
149,183,2,2,3,888.856050928572,0.198973901535965,2,0.206944294460072,1,1.75
150,223,2,2,3,890.803433165907,0.198432494269127,2,0.333383376923848,1,1.75
151,198,2,2,2,892.864157990249,0.199083353599462,2,0.142962832244848,1,2.75
152,200,2,2,4,894.737161989932,0.199026871652222,2,0.123474511862923,1,15
153,150,2,2,2,896.599562308806,0.199992039849803,2,0.215117495619779,1,2.25
154,176,2,2,4,898.544815791299,0.199049698553381,2,0.000422297668137617,1,15
155,188,2,1,4,900.276193503054,0.198859767030854,1,0.000442490695832021,1,15
156,211,2,1,3,902.009083350673,0.198985022333773,2,0.16914119052808,0,1.25
157,168,2,2,4,903.911065808492,0.198782799403261,2,0.077051033634234,1,15
158,182,2,2,2,905.72012931732,0.198927955081444,2,0.284432258391007,1,1.75
159,132,2,1,4,907.743125371486,0.199098864185999,1,0.060121082077103,1,15
160,218,2,1,2,909.53670287657,0.198980632545045,1,0.283917775161626,1,1.75
161,186,2,1,2,911.559507828603,0.199061989961365,2,0.219473921875306,0,1.25
162,155,2,1,3,913.511914325373,0.19911466742542,2,0.269286609593564,0,1.75
163,221,2,2,1,915.512718534653,0.199483702324187,2,0.261044635078179,1,2.25
164,163,2,1,3,917.504190053266,0.199245190474358,1,0.221162234589656,1,2.75
165,199,2,2,3,919.463922814639,0.199038285102915,2,0.159458780030945,1,2.25
166,184,2,2,4,921.352408428277,0.198393571476345,2,0.000412932785593512,1,15
167,192,2,2,4,923.082508418883,0.199356691106004,2,0.000431955203112011,1,15
168,237,2,2,1,924.809447761661,0.198869424565828,1,0.12967786852937,0,1.75
169,137,2,1,1,926.671874419268,0.199116130688253,1,0.151125790564265,1,2.75
170,156,2,1,4,928.55933487093,0.198948733414227,1,0.0997635074529626,1,15
171,129,2,1,1,930.391886090252,0.199045016111995,1,0.162578749150271,1,2.25
172,193,2,1,1,932.286936193837,0.199059941393443,1,0.0698192958136588,1,2.25
173,217,2,1,1,934.094094241739,0.199113789467674,1,0.0384349408448088,1,2.25
174,126,2,2,2,935.862921533113,0.199979163136504,2,0.0784516688659096,1,1.75
175,143,2,2,3,937.670720197505,0.199331230332064,1,0.294904245540238,0,2.25
176,135,2,2,3,939.702309116625,0.198899275128952,2,0.28612174171576,1,2.75
177,196,2,1,4,941.726526702645,0.198985022333773,1,0.0293574432232617,1,15
178,204,2,1,4,943.487439205085,0.198599013585181,1,0.0710595574330455,1,15
179,148,2,1,4,945.29487468763,0.198854791937265,1,0.000378107129108685,1,15
180,170,2,1,2,947.02447658355,0.199030676135862,1,0.241429303478071,1,1.75
181,180,2,1,4,969.582704935088,0.198650520438605,1,0.000395666283566243,1,15
182,145,2,1,1,971.311822198342,0.199232899066374,1,0.110519367601228,1,1.75
183,181,2,2,1,973.151899271324,0.199113789467447,2,0.268768614532974,1,1.75
184,166,2,2,2,975.15953925949,0.19909388909241,2,0.436746511069259,1,1.75
185,161,2,1,1,977.327741327899,0.19902745695731,2,0.454071543604869,0,1.75
186,207,2,2,3,979.511239761184,0.199088328693279,1,0.262866690020473,0,2.75
187,189,2,2,1,981.503219032016,0.199017214117248,2,0.255047891130744,1,2.25
188,216,2,2,4,983.494871995226,0.198976535408974,2,0.0315710673128251,1,15
189,139,2,1,3,985.254265338141,0.199063453224426,1,0.105092418220465,1,3.75
190,122,2,1,2,987.094793096092,0.199059648740786,1,0.055837818965756,1,1.75
191,140,2,1,4,988.879236328954,0.19897477949371,1,0.000413810743339127,1,15
192,219,2,1,3,990.606718542262,0.199064916487259,1,0.291068740870969,1,3.25
193,162,2,1,2,992.63088813326,0.199190757095039,2,0.288580608664688,0,1.25
194,234,2,1,2,994.647029093471,0.199362251504908,1,0.176398681775709,1,1.75
195,222,2,2,2,996.551120113104,0.199076037285067,1,0.133107756727213,0,1.75
196,146,2,1,2,998.423921889857,0.199108229068543,1,0.0506745495563337,1,1.75
197,206,2,2,2,1000.20671309892,0.198846012360036,2,0.0912999949371169,1,1.75
198,190,2,2,2,1002.03057078081,0.199088036040848,2,0.161034714156131,1,1.75
199,164,2,1,4,1003.91933587765,0.198913907757515,1,0.00042259032079528,1,15
200,228,2,1,4,1005.65653269324,0.198942295057577,1,0.000397714851715136,1,15
201,125,2,2,1,1007.39049189338,0.198959854212262,2,0.188083713854667,1,2.25
202,213,2,2,1,1009.31130274002,0.199042674891416,2,0.183452486829992,1,1.75
203,134,2,2,2,1011.22192313129,0.199032139398696,2,0.170808139604787,1,1.75
204,239,2,2,3,1013.12630299902,0.199045016111995,2,0.0469195243458671,1,3.25
205,167,2,2,3,1014.90143958729,0.199050576510899,2,0.0794355668285789,1,2.75
206,197,2,2,1,1016.71841642179,0.199016043506845,2,0.190864498637893,1,1.75
207,141,2,2,1,1018.64785232517,0.198927955081444,2,0.0867992909613804,1,1.75
208,177,2,1,1,1020.46313616451,0.199265090849622,1,0.224339270961309,1,1.75
209,174,2,2,2,1022.41519294145,0.198454443212313,2,0.0796020861446323,1,1.75
210,121,2,1,1,1024.22255584616,0.198972730925561,1,0.171257068657269,1,1.75
211,232,2,2,4,1026.12601619949,0.198915956325664,2,0.191274212245162,1,15
212,131,2,1,3,1028.04614019053,0.199292892844369,1,0.137375801904682,1,2.75
213,187,2,1,3,1029.91061336761,0.199074866674664,1,0.319902921287166,1,2.75
214,175,2,2,3,1031.9578053515,0.198438054668031,2,0.142145453598232,1,2.25
215,210,2,1,2,1033.83152313082,0.198364891523852,2,0.303150024538809,0,1.75
216,153,2,1,1,1035.8635960973,0.198846012360036,1,0.278903173261142,1,1.25
217,138,2,1,2,1037.87124866953,0.199228216624761,2,0.273074119240164,0,1.75
218,201,2,1,1,1039.87794280457,0.199338546646459,1,0.0883690793823462,1,1.25
219,173,2,2,1,1041.6942017623,0.198975364798571,2,0.256789759266894,1,1.25
220,194,2,1,2,1043.67869088308,0.199326547890678,1,0.0565855462989475,1,2.25
221,123,2,1,3,1045.46250608352,0.199113496815016,1,0.192910725453658,1,2.25
222,240,2,2,4,1047.38196985035,0.198989704774931,2,0.0450342564474795,1,15
223,149,2,2,1,1049.16567793994,0.198692077104624,1,0.0937158419569641,0,1.25
224,231,2,2,3,1050.99846591519,0.198806796914596,2,0.212408996023214,1,2.25
225,130,2,1,2,1052.95027686397,0.199070769538594,1,0.478527934127442,1,2.25
226,128,2,2,4,1055.16713534977,0.199106180500394,2,0.293745633989374,1,15
227,214,2,2,2,1057.19831192141,0.198885520457907,2,0.420587406398681,1,1.75
228,171,2,1,3,1059.35738001025,0.199108814373631,2,0.454729719249599,0,2.25
229,179,2,1,3,1061.54286994432,0.198834891562001,2,0.383340635015202,0,2.25
230,136,2,2,4,1063.65432053242,0.198636473114902,2,0.000398885461891041,1,15
231,142,2,2,2,1065.38733183085,0.198901323696873,2,0.277393378618399,1,1.75
232,224,2,2,4,1067.39794165737,0.199000532920309,2,0.000408542996865435,1,15
233,127,2,2,3,1069.1378294134,0.198526143093659,2,0.239508624617656,1,2.75
234,133,2,2,1,1071.11018164653,0.199311915261887,2,0.223527452714052,1,1.75
235,209,2,1,1,1073.06319510474,0.198336211571359,1,0.239228556101807,1,1.25
236,151,2,2,3,1075.03057048815,0.198992631300825,2,0.299725111434782,1,2.75
237,208,2,2,4,1077.06918862951,0.199978577831416,2,0.0552033481794751,1,15
238,225,2,1,1,1078.86117205601,0.199063160571541,1,0.489202436859387,1,1.25
239,226,2,1,2,1081.07817920932,0.199426927724517,1,0.599526897844726,1,1.75
240,220,2,1,4,1083.40546195063,0.198805040999105,1,0.101110587263065,1,15
