PresOrder,TrialNumber,Illusory_Fragmented,Fat_Thin,StairNum,StimPresTime,StimPresLength,Response,ReationTime,Accuracy,StepLevel
1,18,2,1,2,285.622673375434,0.218463392528292,1,0.34271314106627,1,8.5
2,57,2,1,1,287.920467272516,0.198502145582324,1,0.389729240762563,1,8.5
3,109,2,2,1,290.085097223576,0.198492780700008,2,0.388666033951722,1,7
4,58,2,1,2,292.253281440178,0.198377768237378,1,0.379472938562458,1,7
5,90,2,1,2,294.411609410653,0.199125788223,1,0.403722423713589,1,5.75
6,8,2,2,4,296.591695222242,0.199208023597066,2,0.429766161811813,1,15
7,110,2,2,2,298.79129861947,0.198316311196322,2,0.405735288135475,1,4.75
8,15,2,2,3,300.978015938445,0.198575601379162,2,0.375177969348215,1,8.5
9,20,2,1,4,303.113132169805,0.198290850421927,1,0.426206628522323,1,15
10,49,2,1,1,305.302887222525,0.198233197864511,1,0.378014943426024,1,5.75
11,94,2,2,2,307.442891044568,0.198379231499985,2,0.39695336961654,1,3.75
12,50,2,1,2,309.60140045964,0.198348210326913,1,0.365522775540285,1,3.25
13,32,2,2,4,311.752306175467,0.198459418306129,2,0.432359063640433,1,15
14,9,2,1,1,313.953307866706,0.19837571966923,1,0.416260830706051,1,4.75
15,6,2,2,2,316.136609930112,0.198365769481825,2,0.520650297437442,1,2.75
16,71,2,2,3,318.424502219916,0.19873480438082,2,0.354474555467959,1,7
17,46,2,2,2,320.553055424594,0.198253683544863,2,0.556790549428797,1,2.25
18,101,2,2,1,322.862599615279,0.198944343625499,2,0.523856306414245,1,3.75
19,92,2,1,4,325.142745976686,0.198400302485652,1,0.521139905198197,1,15
20,83,2,1,3,327.422584174929,0.198356697251938,1,0.597844730834368,1,5.75
21,65,2,1,1,329.781682055802,0.198661348583983,1,0.514031666764595,1,3.25
22,26,2,1,2,332.07059921493,0.198321871595226,2,0.739694897982645,0,1.75
23,33,2,1,1,334.574987979295,0.198330943824885,1,0.503853502802485,1,2.75
24,30,2,2,2,336.839859924771,0.198296410821058,2,0.469224801369364,1,2.75
25,108,2,1,4,339.069747888585,0.198369866617668,1,0.427614872721051,1,15
26,105,2,1,1,341.277643303919,0.198268023520995,1,0.483967467569073,1,2.25
27,34,2,1,2,343.517572470289,0.198375427016572,1,0.434392121090241,1,2.25
28,53,2,2,1,345.711370811008,0.19852380187308,2,0.43471813606061,1,1.75
29,17,2,1,1,347.902157756713,0.198286167980996,1,0.581814978602779,1,1.75
30,74,2,1,2,350.269575750339,0.198244903967634,1,0.468116526061749,1,2.25
31,84,2,1,4,352.502474231209,0.198335626266271,1,0.442921773088528,1,15
32,12,2,1,4,354.701075293362,0.198376890279633,1,0.347171410418696,1,15
33,119,2,2,3,356.807027817505,0.19923845946505,2,0.351301323579719,1,4.75
34,62,2,2,2,358.909114401111,0.198459418306129,2,0.415296540465988,1,2.25
35,67,2,1,3,361.102489273551,0.198481367249542,2,0.547275828857892,0,3.75
36,28,2,1,4,363.406724161192,0.198335333613613,1,0.383405311234583,1,15
37,3,2,1,3,365.543328823557,0.198399717180564,1,0.442138049488221,1,5.75
38,47,2,2,3,367.733760196382,0.198293776947821,2,0.477963992612331,1,5.25
39,86,2,2,2,369.976726803845,0.198347039716737,2,0.400721271540306,1,1.75
40,107,2,1,3,372.127378789887,0.198917126936067,1,0.474650580139723,1,4.75
41,78,2,2,2,374.357062774856,0.199192220357872,2,0.36894564007639,1,1.75
42,96,2,2,4,376.478361122159,0.199292892844369,2,0.323936844403306,1,15
43,75,2,1,3,378.556428245539,0.198702027292256,1,0.518687476606146,1,4.25
44,35,2,1,3,380.85172903532,0.198363135608588,1,0.445771623879409,1,4.25
45,48,2,2,4,383.060958068446,0.198312214060024,2,0.421874199778131,1,15
46,115,2,1,3,385.229840554097,0.199174368550985,2,0.748940378183306,0,3.75
47,60,2,1,4,387.726348184574,0.199547207933392,1,0.376515976928431,1,15
48,13,2,2,1,389.861507435863,0.199296404675351,2,0.44171048407361,1,1.25
49,21,2,2,1,392.071105503888,0.198251049671626,2,0.341055556872561,1,1.25
50,10,2,1,2,394.167581059642,0.198348210326913,2,0.665513615514783,0,1.75
51,61,2,2,1,396.593003086607,0.199632369833353,1,0.508688416020959,0,1.25
52,2,2,1,2,398.863469964042,0.198424299996987,1,0.476820013690258,1,2.25
53,27,2,1,3,401.126931909403,0.198533459408054,1,0.419734909442923,1,4.25
54,23,2,2,3,403.294524967801,0.198963366043245,2,0.452202078945447,1,4.25
55,91,2,1,3,405.495720395046,0.199020140642915,1,0.411446988473244,1,4.25
56,43,2,1,3,407.65888796118,0.198948733414227,1,0.462355952743565,1,4.25
57,39,2,2,3,409.871116683216,0.199232313761058,2,0.339685650161528,1,3.75
58,89,2,1,1,411.983702178008,0.198464978705033,1,0.621301712807735,1,1.75
59,111,2,2,3,414.351159972385,0.198339723402341,2,0.386667216853311,1,3.75
60,66,2,1,2,416.503778876395,0.198410837978372,2,0.52425636248654,0,2.25
61,80,2,2,4,442.632256576708,0.198342649928236,2,0.0236050641772181,1,15
62,82,2,1,2,444.705851383413,0.198350844200377,2,0.293190179398835,0,2.25
63,85,2,2,1,446.74931936327,0.198238758263415,2,0.447462570467223,1,1.75
64,64,2,2,4,448.94062371873,0.199027749609968,2,0.411277542631296,1,15
65,51,2,1,3,451.119612375809,0.198244026009888,1,0.436695589520923,1,3.75
66,70,2,2,2,453.308845921638,0.199133397190053,2,0.460600037283939,1,2.75
67,29,2,2,1,455.517305863792,0.198400302485652,2,0.412941857834767,1,1.25
68,120,2,2,4,457.687104352007,0.199025115736731,2,0.429372544096168,1,15
69,116,2,1,4,459.889576037139,0.198296996126146,1,0.374078766270486,1,15
70,76,2,1,4,462.013251893974,0.198212419531501,1,0.478421701242041,1,15
71,104,2,2,4,464.237378406513,0.198305483050945,2,0.304613287422171,1,15
72,100,2,1,4,466.293485758501,0.198473758282489,1,0.454571979510774,1,15
73,95,2,2,3,468.493111104673,0.199235240286725,2,0.381123499094656,1,3.75
74,63,2,2,3,470.640112835127,0.198465564010121,2,0.464389595498687,1,3.75
75,31,2,2,3,472.852214253292,0.198541653680195,2,0.41577414947119,1,3.25
76,81,2,1,1,475.02125652725,0.199330352374318,2,0.544597765129311,0,1.25
77,87,2,2,3,477.31824387383,0.198302263872392,2,0.453276699206754,1,2.75
78,88,2,2,4,479.528640005432,0.198498341098912,2,0.491944591502261,1,15
79,24,2,2,4,481.796787903849,0.198498341098912,2,0.477831420995017,1,15
80,103,2,2,3,484.020677953106,0.19832362751049,2,0.409238924782812,1,2.25
81,5,2,2,1,486.181232131731,0.198239928873591,2,0.379026350730783,1,1.75
82,113,2,1,1,488.317706271047,0.198326846689042,2,0.393671563622092,0,1.75
83,55,2,2,3,490.485896340701,0.198896641255487,2,0.422029305643719,1,2.25
84,93,2,2,1,492.661592070988,0.198304312440541,2,0.452033218408587,1,2.25
85,54,2,2,2,494.861854521819,0.198310458144761,2,0.435667501019225,1,2.75
86,14,2,2,2,497.045034256447,0.198401180443398,2,0.468341868545849,1,2.75
87,7,2,2,3,499.26114823409,0.217542414869513,2,0.471173282224527,1,1.75
88,98,2,1,2,501.509015894254,0.198930003649366,1,0.669088659390809,1,2.25
89,40,2,2,4,503.924946905506,0.198778702267191,2,0.482350854735841,1,15
90,112,2,2,4,506.157037079959,0.198696174240695,2,0.35679294918009,1,15
91,52,2,1,4,508.261615892908,0.198582917693557,1,0.509148465871249,1,15
92,38,2,2,2,510.523844892964,0.198406740842302,2,0.408960026877139,1,2.25
93,114,2,1,2,512.706322261408,0.198705539123239,1,0.526858336545274,1,2.25
94,36,2,1,4,514.981223118032,0.198314262628173,1,0.523354992550594,1,15
95,77,2,2,1,517.271116566155,0.199203341155908,1,0.630997292671054,0,1.75
96,56,2,2,4,519.669529979476,0.198234661127344,2,0.408275512500495,1,15
97,1,2,1,1,521.835660360296,0.198270657394232,1,0.618067609183527,1,2.25
98,68,2,1,4,524.205581996716,0.199058185477725,1,0.41801147841943,1,15
99,25,2,1,1,526.380242029534,0.198238172958327,1,0.603683149737662,1,2.25
100,99,2,1,3,528.749004469097,0.198431323658724,1,0.508492046141782,1,1.75
101,44,2,1,4,531.036789062754,0.198888446983347,1,0.5609280715571,1,15
102,73,2,1,1,533.355337587916,0.199319816881371,1,0.54695654489683,1,1.75
103,102,2,2,2,535.659671099475,0.198369866617668,1,0.612409171614672,0,2.25
104,72,2,2,4,538.030293638816,0.198438054668031,2,0.333832891281418,1,15
105,11,2,1,3,540.140152196899,0.19842576325982,1,0.66975532196011,1,1.25
106,45,2,2,1,542.556825667738,0.198656080837736,1,0.641914989694214,0,1.75
107,4,2,1,4,544.948695076793,0.19830665366112,1,0.493655731117769,1,15
108,42,2,1,2,547.196655215171,0.19828821654869,1,0.51554087610225,1,2.25
109,41,2,1,1,549.468867472573,0.198834891562001,1,0.440821990851191,1,2.25
110,19,2,1,3,551.678537533132,0.19831660384898,1,0.528208635533701,1,1.25
111,106,2,1,2,553.972266778577,0.199369860472189,1,0.531376599675468,1,2.25
112,16,2,2,4,556.25931271713,0.19836547682894,2,0.35315000990613,1,15
113,118,2,2,2,558.379883530127,0.198315725891007,2,0.385375155727843,1,2.25
114,79,2,2,3,560.540235485822,0.199101205406805,2,0.421502238353241,1,1.25
115,117,2,2,1,562.708326346253,0.199064916487032,2,0.413842642465397,1,2.25
116,22,2,2,2,564.867938476234,0.198444200372251,2,0.43324755686308,1,2.25
117,59,2,1,3,567.059517632464,0.198177008569701,2,0.477731041161405,0,0.75
118,69,2,2,1,569.292066393505,0.198291143074584,2,0.362847930990256,1,1.75
119,37,2,2,1,571.42191078135,0.199013994938923,2,0.402569957866717,1,1.75
120,97,2,1,1,573.580920339676,0.198262755774522,1,0.740990178286893,1,1.75
121,203,1,1,3,779.978744350708,0.198350844200149,1,0.457367396922791,1,8.5
122,207,1,2,3,784.747106617138,0.199127544138719,2,0.529762035410386,1,7
123,137,1,1,1,787.032015606577,0.199239922728111,1,0.381007608674508,1,8.5
124,233,1,1,1,789.165082977248,0.198829038510439,1,0.361733509978421,1,7
125,130,1,1,2,791.295339419922,0.198405570231898,1,0.365067700783811,1,8.5
126,215,1,2,3,793.413069454358,0.198711099522143,2,0.360564655587496,1,5.75
127,236,1,1,4,795.518983933666,0.198331821782858,1,0.39214889226605,1,15
128,147,1,1,3,797.654544996943,0.198329773214709,1,0.382438094468853,1,4.75
129,135,1,2,3,799.790082355362,0.198364598871422,2,0.272727033284355,1,3.75
130,149,1,2,1,801.829959488104,0.198563895276038,2,0.368116262674448,1,5.75
131,196,1,1,4,803.942621365218,0.198289972464408,1,0.427711448071477,1,15
132,160,1,2,4,806.117459623456,0.198199250165544,2,0.289388915081418,1,15
133,144,1,2,4,808.150523218909,0.199021311253318,2,0.314043431398431,1,15
134,194,1,1,2,810.205460838549,0.19824987906145,1,0.376226543530265,1,7
135,204,1,1,4,812.348819922383,0.199289966318702,1,0.441799743109414,1,15
136,178,1,1,2,814.532747676997,0.198702027292029,1,0.352339362269049,1,5.75
137,197,1,2,1,816.629090661134,0.198691784451967,2,0.528072259432975,1,4.75
138,125,1,2,1,818.900386038014,0.198438639973347,2,0.317086432889937,1,3.75
139,237,1,2,1,820.972917637907,0.198390937603108,2,0.376276294468198,1,3.25
140,216,1,2,4,823.116457873686,0.199289673666044,2,0.250824621797619,1,15
141,183,1,2,3,825.107136596468,0.198338845444596,2,0.397529895192292,1,3.25
142,206,1,2,2,827.252814951971,0.198297581431461,1,0.591199468776949,0,4.75
143,177,1,1,1,829.598049294985,0.198811186703324,1,0.478014328855579,1,2.75
144,193,1,1,1,831.838474214821,0.198227637465607,1,0.440243416707062,1,2.25
145,159,1,2,3,834.028025288694,0.198826989942518,2,0.600811350003369,1,2.75
146,238,1,2,2,836.372249687667,0.19820685913237,2,0.2827834537743,1,7.5
147,132,1,1,4,838.40387079857,0.198343235233096,1,0.281354138589904,1,15
148,172,1,1,4,840.43499293683,0.198486927648446,1,0.423691572278585,1,15
149,153,1,1,1,842.627603108087,0.198259536596197,1,0.521266331111292,1,1.75
150,168,1,2,4,844.891671429587,0.198380694763273,2,0.422523595845632,1,15
151,175,1,2,3,847.059121380875,0.198512681075044,2,0.423556366788489,1,2.25
152,156,1,1,4,849.227341301093,0.198360209082693,1,0.241147479046958,1,15
153,192,1,2,4,851.210607426761,0.198983266418054,2,0.311247136028669,1,15
154,188,1,1,4,853.283861000562,0.198295532863085,1,0.403243351445781,1,15
155,163,1,1,3,855.427800121802,0.199314841787782,1,0.359623192248364,1,1.75
156,150,1,2,2,857.535186058265,0.19835611194685,2,0.340586434792385,1,6.5
157,158,1,2,2,859.628572373421,0.199118179255947,2,0.393541625878242,1,5.75
158,128,1,2,4,861.763590273516,0.198827867900036,2,0.418628390050799,1,15
159,148,1,1,4,863.923534564171,0.199014580243784,1,0.451660086373522,1,15
160,176,1,2,4,866.139588840689,0.198337967487078,2,0.309286949070156,1,15
161,239,1,2,3,868.195011092996,0.198318652417129,2,0.389699390199894,1,1.75
162,210,1,1,2,870.346391198649,0.19932654789045,1,0.403401969142124,1,5.25
163,221,1,2,1,872.491256272642,0.198934393438321,1,0.414505500551513,0,1.75
164,222,1,2,2,874.651335476136,0.198424885301847,2,0.376209862332871,1,5.25
165,165,1,2,1,876.779151488972,0.19934059521438,2,0.434252525811644,1,2.25
166,232,1,2,4,878.961599299507,0.199355227843171,2,0.375148411437749,1,15
167,162,1,1,2,881.099192249623,0.1983089948817,1,0.41097991496099,1,4.75
168,182,1,2,2,883.251275306766,0.19849278069978,2,0.488934952404634,1,4.75
169,229,1,2,1,885.497617954353,0.198232319906765,2,0.363679064308144,1,2.25
170,151,1,2,3,887.609956157718,0.198351722157895,2,0.434551616744557,1,1.25
171,145,1,1,1,889.792283980696,0.198311043449849,1,0.346721018103381,1,2.25
172,199,1,2,3,891.904896399525,0.198882301279355,1,0.325978388777912,0,1.25
173,228,1,1,4,893.978252987032,0.198728073371512,1,0.300202135134896,1,15
174,213,1,2,1,896.019647816036,0.198454735864743,2,0.634169353948892,1,1.75
175,189,1,2,1,898.408794970824,0.199226460709724,1,0.448902421143885,0,1.75
176,226,1,1,2,900.625838413051,0.198837818087668,1,0.361567868620114,1,3.75
177,211,1,1,3,902.737179841739,0.198214760752307,1,0.405900929493782,1,1.75
178,240,1,2,4,904.898844636893,0.19827768105597,2,0.303427751834079,1,15
179,187,1,1,3,906.960072238362,0.198386547814607,1,0.413133837925216,1,1.75
180,217,1,1,1,909.120247724553,0.199046772027486,1,0.389729240762335,1,2.25
181,225,1,1,1,919.998103025998,0.199073696064261,1,0.290311648655461,1,2.25
182,131,1,1,3,922.137139923928,0.216061300179263,1,0.164963574997273,1,1.75
183,164,1,1,4,924.065352246884,0.199005215361467,1,0.1675579400885,1,15
184,146,1,1,2,925.969554767149,0.198444493024454,1,0.325213394942693,1,3.25
185,134,1,2,2,928.042281566312,0.198382743330967,2,0.278300894258336,1,2.75
186,171,1,1,3,930.081041058864,0.198834891562001,1,0.373589743815046,1,1.25
187,129,1,1,1,932.194738926099,0.199430732207929,1,0.377687757845251,1,1.75
188,140,1,1,4,934.313739072718,0.198286753286084,1,0.179526845167402,1,15
189,154,1,1,2,936.233155722485,0.198354356030904,1,0.350910047085108,1,2.25
190,173,1,2,1,938.320967884013,0.199170271414914,1,0.39613394240223,0,1.75
191,200,1,2,4,940.482071371525,0.19837337844865,2,0.136648267598957,1,15
192,201,1,1,1,942.36974224039,0.19831279936534,1,0.501450239843507,1,2.25
193,138,1,1,2,944.618421718801,0.1983625503035,1,0.443304562658795,1,2.25
194,136,1,2,4,946.809966049374,0.199124032307736,2,0.155112596615709,1,15
195,142,1,2,2,948.705925131862,0.198504486802904,2,0.384594651305633,1,1.75
196,169,1,1,1,950.8349679443,0.198497755793596,1,0.362207899805071,1,2.25
197,166,1,2,2,952.961446534862,0.199034773271705,2,0.427947033395412,1,1.75
198,121,1,1,1,955.129012961875,0.198290557769269,1,0.48367159581403,1,2.25
199,141,1,2,1,957.354064549208,0.19875324149325,2,0.686165229888957,1,1.75
200,179,1,1,3,959.785371819488,0.199451803193369,1,0.265680544544466,1,1.25
201,220,1,1,4,961.817955757369,0.198387718425238,1,0.1640095275975,1,15
202,219,1,1,3,963.729194230881,0.198957220338798,1,0.263291914214278,1,1.25
203,212,1,1,4,965.729607748972,0.19894609954099,1,0.324838799644567,1,15
204,155,1,1,3,967.794274896174,0.199059648740786,1,0.499727686777078,1,1.25
205,157,1,2,1,970.034802244411,0.199118471908605,1,0.480448320335199,0,1.75
206,152,1,2,4,972.281928615598,0.198260121901512,2,0.129274300626093,1,15
207,190,1,2,2,974.16097267181,0.199012239023432,2,0.262836839457577,1,1.25
208,208,1,2,4,976.161513201119,0.199095059702813,2,0.0370784961519348,1,15
209,127,1,2,3,977.937907902819,0.199121398434727,1,0.383362876611045,0,0.75
210,224,1,2,4,980.066105827269,0.198319530374647,2,0.178175668221229,1,15
211,235,1,1,3,981.992592963286,0.218637813463829,2,0.360842382882311,0,1.25
212,126,1,2,2,984.113238695343,0.198229393381098,1,0.412929273773898,0,1.25
213,209,1,1,1,986.265518122364,0.198287045938287,1,0.274405103158642,1,2.25
214,191,1,2,3,988.289029245065,0.198373085795993,1,0.552334621297177,0,1.25
215,205,1,2,1,990.600685802048,0.198891373509468,2,0.828244251352316,1,2.25
216,161,1,1,1,993.177435549855,0.198327724646788,1,0.437854493724444,1,1.75
217,133,1,2,1,995.36926404608,0.198995557826493,1,0.27040951752997,0,1.75
218,218,1,1,2,997.3845428518,0.198751778230417,1,0.333617206332747,1,1.75
219,234,1,1,2,999.465014701402,0.198516192906027,1,0.0781651619931836,1,1.75
220,227,1,1,3,1001.31304226693,0.199443023616368,1,0.295623292920936,1,1.75
221,230,1,2,2,1003.34416030806,0.199148615124159,1,0.205473129957227,0,1.25
222,170,1,1,2,1005.28829234588,0.19836518417651,1,0.242335648507833,1,1.75
223,181,1,2,1,1007.27270625495,0.198422544081495,2,0.458990448112218,1,2.25
224,186,1,1,2,1009.47411883041,0.198525265135686,1,0.246377473243683,1,1.75
225,180,1,1,4,1011.48029497038,0.198330943825113,1,0.574389212123606,1,15
226,184,1,2,4,1013.79231324595,0.198240514178906,2,0.130458372951125,1,15
227,185,1,1,1,1015.66518672259,0.198338845444596,1,0.323103369865294,1,2.25
228,202,1,1,2,1017.73686260635,0.198543116943256,1,0.144446873460765,1,1.75
229,139,1,1,3,1019.62591859986,0.199142762072825,1,0.333110624722394,1,1.75
230,223,1,2,3,1021.71392771657,0.198352014810553,1,0.193330974553646,0,1.75
231,143,1,2,3,1023.65742001586,0.198250464366538,1,0.275820078366905,0,1.75
232,231,1,2,3,1025.67364379675,0.198407326147844,1,0.387230865715992,0,2.25
233,123,1,1,3,1027.80103897518,0.198630620063341,1,0.278141398604021,1,3.25
234,198,1,2,2,1029.8307876949,0.198236709695266,2,0.452696661800019,1,1.75
235,124,1,1,4,1032.04331989765,0.198385084551774,1,0.28031405133288,1,15
236,167,1,2,3,1034.07148478163,0.19865754410057,2,0.539457029968617,1,2.75
237,195,1,1,3,1036.35915085099,0.198350844200377,1,0.131926025623216,1,2.75
238,174,1,2,2,1038.27181132337,0.199332108289582,2,0.48833091748611,1,1.25
239,122,1,1,2,1040.5269104287,0.198456199128032,1,0.408816627114447,1,1.25
240,214,1,2,2,1042.68774760237,0.198396790654897,2,0.363267009480296,1,1.25
