PresOrder,TrialNumber,Illusory_Fragmented,Fat_Thin,StairNum,StimPresTime,StimPresLength,Response,ReationTime,Accuracy,StepLevel
1,16,2,2,4,335.615799936845,0.217682406297172,2,0.359451460505852,1,20
2,10,2,1,2,338.038785472992,0.198923851646441,1,0.260849499312371,1,11.5
3,17,2,1,1,340.157764367058,0.198710799323635,1,0.277018941463439,1,11.5
4,76,2,1,4,342.306461133608,0.199156804460927,1,0.21624986354982,1,20
5,79,2,2,3,344.398949839347,0.198387708988093,2,0.20949774378164,1,11.5
6,85,2,2,1,346.481670915519,0.198745625184301,2,0.162310458791353,1,9.5
7,45,2,2,1,348.50022958729,0.198204214748557,2,0.184519992824335,1,7.5
8,67,2,1,3,350.529113687704,0.198214164994397,1,0.173649641893689,1,9.5
9,88,2,2,4,352.574342530189,0.198986479664427,2,0.200819080825568,1,20
10,69,2,2,1,354.621487087654,0.198720164260976,2,0.206755865743162,1,5.75
11,98,2,1,2,356.689695144953,0.198919461832247,1,0.196274159708992,1,9.5
12,58,2,1,2,358.74522951559,0.199083055580104,1,0.298084489878647,1,7.5
13,27,2,1,3,360.893991836701,0.198354931707627,1,0.231261565331579,1,7.5
14,101,2,2,1,362.987504832454,0.199031548424955,2,0.207880243523277,1,4.75
15,40,2,2,4,365.054612509625,0.198723383458173,2,0.189653149062451,1,20
16,106,2,1,2,367.103363446484,0.19841580379989,1,0.195903074069975,1,5.75
17,86,2,2,2,369.158908937984,0.198228212400181,2,0.149924158640715,1,4.75
18,34,2,1,2,371.171611012113,0.198600176002401,1,0.200884050077775,1,4.25
19,87,2,2,3,373.229243714005,0.199271817596809,2,0.157521756651477,1,5.75
20,41,2,1,1,375.237565924037,0.19832420300736,1,0.830332797678466,1,4.25
21,51,2,1,3,377.915607282526,0.198250746780559,1,0.295773398954225,1,4.75
22,50,2,1,2,380.093169419617,0.198993210713297,1,0.37263582890364,1,3.25
23,48,2,2,4,382.317531660073,0.198401463739856,2,0.0434509676761081,1,20
24,38,2,2,2,384.223315123408,0.198835762705357,1,0.231322144769592,0,2.75
25,15,2,2,3,386.299526104909,0.198325958933083,2,0.180346157346548,1,4.25
26,39,2,2,3,388.33088518265,0.199458238379293,2,0.230284100004837,1,3.25
27,96,2,2,4,390.42768029626,0.198552766007424,2,0.18366105248424,1,20
28,112,2,2,4,392.462028544914,0.199287328274067,2,0.164627695455692,1,20
29,6,2,2,2,394.476674428834,0.19899321071307,1,0.189625346905132,0,4.25
30,44,2,1,4,396.516767481192,0.198429265897175,1,0.251717807516115,1,20
31,116,2,1,4,398.620907924815,0.19858583594214,1,0.120014597596082,1,20
32,64,2,2,4,400.595331695835,0.217674211977055,2,0.0372461114291127,1,20
33,62,2,2,2,402.49106628883,0.198960433432831,2,0.221039150998195,1,6.5
34,22,2,2,2,404.559708059787,0.198517647492508,2,0.378740012075014,1,5.75
35,105,2,1,1,406.788181507702,0.198321569118662,1,0.11346323867042,1,3.25
36,37,2,2,1,408.749143766712,0.198196313082917,1,0.216133094488441,0,2.75
37,30,2,2,2,410.812710912288,0.198303717206954,2,0.151731884187257,1,5.25
38,36,2,1,4,412.834391034711,0.198291133072644,1,0.143292319785587,1,20
39,99,2,1,3,414.836309676234,0.198769330181676,2,0.487286073372616,0,2.75
40,82,2,1,2,417.170483415135,0.198934972509505,1,0.0815981616626686,1,4.75
41,117,2,2,1,419.110260137471,0.198714896483807,1,0.388878727281735,0,4.25
42,97,2,1,1,421.341808504007,0.198457360708971,1,0.214436870226336,1,6.5
43,9,2,1,1,423.419411641963,0.199049107682413,1,0.168300214135343,1,5.75
44,102,2,2,2,425.434904174743,0.198387416333844,2,0.143889041882176,1,4.25
45,74,2,1,2,427.436779210776,0.198541059835861,1,0.160003172372626,1,4.25
46,4,2,1,4,429.442434462267,0.199174656372634,1,0.189047939991951,1,20
47,28,2,1,4,431.499637547662,0.198299034738284,1,0.213322735346082,1,20
48,49,2,1,1,433.561358044671,0.199279133954178,1,0.178005800993333,1,5.25
49,46,2,2,2,435.588884521836,0.199042961942496,2,0.217767861349785,1,3.75
50,75,2,1,3,437.660983417915,0.199289084199791,1,0.166471710134147,1,4.25
51,1,2,1,1,439.66723656212,0.198302839244207,1,0.381938138150872,1,4.75
52,3,2,1,3,441.913321359871,0.198428973242926,1,0.18069587922264,1,3.75
53,77,2,2,1,443.955161850992,0.198996429910267,2,0.115335640814919,1,4.25
54,84,2,1,4,445.922845501069,0.19845501947475,1,0.132757935979498,1,20
55,7,2,2,3,447.897671086429,0.198191045305521,2,0.281614199117939,1,3.25
56,65,2,1,1,450.034077836091,0.198348785967482,1,0.360253625913629,1,4.25
57,113,2,1,1,452.240560362727,0.198903365846263,1,0.208558616166556,1,3.75
58,90,2,1,2,454.300140971571,0.198234358140326,1,0.221673332843693,1,3.75
59,118,2,2,2,456.378736500223,0.199000527070211,2,0.14386094707038,1,3.25
60,66,2,1,2,458.371945750089,0.198949897878492,1,0.211119633854423,1,3.25
61,119,2,2,3,476.738070313705,0.198357565596325,1,0.304884897604552,0,3.25
62,8,2,2,4,479.092260728048,0.217278543377688,2,0.121975088681666,1,20
63,71,2,2,3,481.083156838409,0.1983812705937,2,0.415480416892024,1,3.75
64,12,2,1,4,483.345562965887,0.198304009861431,1,0.0846045991793289,1,20
65,53,2,2,1,485.291604245945,0.198752063578695,2,0.255092989437344,1,3.75
66,25,2,1,1,487.38598379105,0.198602517236623,1,0.25934291502972,1,3.25
67,107,2,1,3,489.498667398693,0.198272695852211,1,0.390707816591203,1,3.75
68,61,2,2,1,491.747081724588,0.198210360488474,2,0.220931161565431,1,3.25
69,92,2,1,4,493.825954104198,0.199273866176782,1,0.120570933400359,1,20
70,81,2,1,1,495.785263159127,0.198870588565796,1,0.691256162933541,1,3.25
71,91,2,1,3,498.33054336244,0.19824547900339,1,0.10873394535156,1,3.75
72,78,2,2,2,500.315349337036,0.198384197136647,2,0.17425455830994,1,3.25
73,13,2,2,1,502.337063407356,0.198766988947455,2,0.117775499626759,1,2.75
74,11,2,1,3,504.299089172055,0.198286450603973,1,0.174930882373246,1,3.25
75,60,2,1,4,506.330174325381,0.198290547763918,1,0.125868268695058,1,20
76,68,2,1,4,508.304949574203,0.198524085886902,1,0.151316900404709,1,20
77,52,2,1,4,510.32688518382,0.199031255770933,1,0.13327066629472,1,20
78,80,2,2,4,512.29849801039,0.198259819063651,2,0.0231135431331495,1,20
79,93,2,2,1,514.178310161454,0.199064033051172,2,0.355028283573802,1,2.75
80,73,2,1,1,516.368498867867,0.19899789318174,1,0.172787482356625,1,2.75
81,108,2,1,4,518.39533819276,0.198375710162054,1,0.122874122658914,1,20
82,94,2,2,2,520.384788005622,0.198828446347989,1,0.892055635921679,0,2.75
83,55,2,2,3,523.132510057796,0.19842546139148,2,0.165745634841869,1,3.25
84,115,2,1,3,525.146373384146,0.198357272942076,1,0.133531713921002,1,3.25
85,21,2,2,1,527.139559806977,0.198475505274928,2,0.334387669187208,1,2.25
86,83,2,1,3,529.314750859013,0.198400878430903,1,0.190277088007861,1,3.25
87,103,2,2,3,531.369897170062,0.198317471958717,1,0.372872293569571,0,2.75
88,109,2,2,1,533.585681420637,0.198689435560709,2,0.964529422145461,1,1.75
89,33,2,1,1,536.39322932595,0.198259233754925,1,0.243801216329757,1,1.75
90,42,2,1,2,538.489259148593,0.19894609337257,1,0.176292895436518,1,3.25
91,104,2,2,4,540.504801432601,0.198935850472481,2,0.0478794123853277,1,20
92,57,2,1,1,542.422652495565,0.198406731516798,2,0.763251166739337,0,1.25
93,29,2,2,1,545.026206898974,0.198342347573316,2,0.346834548775405,1,1.75
94,111,2,2,3,547.235694107201,0.198291133072416,2,0.666684030821216,1,3.25
95,26,2,1,2,549.745410375941,0.198377466087777,2,0.619336371279815,0,3.25
96,120,2,2,4,552.225805026103,0.198232309560353,2,0.138873532667958,1,20
97,19,2,1,3,554.216039152461,0.198937606398204,1,0.211713722062086,1,3.25
98,100,2,1,4,556.273929097475,0.199364881660813,1,0.128222965108762,1,20
99,2,2,1,2,558.242040022815,0.199236406427872,1,0.257465830417004,1,3.75
100,31,2,2,3,560.336312163795,0.199032719042179,2,0.779039280351526,1,3.25
101,56,2,2,4,562.976419087966,0.198321861772911,2,0.0290040886729912,1,20
102,47,2,2,3,564.856901417354,0.198832250853911,2,0.54666504341094,1,2.75
103,95,2,2,3,567.242007830843,0.198361955410746,2,0.170398838045458,1,2.75
104,5,2,2,1,569.26901250541,0.198404682936825,2,0.346083305214279,1,1.75
105,59,2,1,3,571.475363337617,0.198215042957372,1,0.0219915065872556,1,2.75
106,63,2,2,3,573.336802652384,0.198977114727086,2,0.487106090984526,1,2.75
107,114,2,1,2,575.665409228736,0.198720456915225,1,0.153820557851532,1,3.25
108,32,2,2,4,577.665774461289,0.198760550553061,2,0.0580994854844903,1,20
109,72,2,2,4,579.578548557639,0.198449459043104,2,0.100863300888705,1,20
110,89,2,1,1,581.571206154169,0.198897220106346,1,0.213991743051793,1,1.75
111,70,2,2,2,583.627426799114,0.198356980287826,2,0.251513534821925,1,3.25
112,43,2,1,3,585.740667913179,0.19938273357252,1,0.596372959797236,1,2.75
113,110,2,2,2,588.186956632439,0.199534328494565,2,0.379132461477184,1,3.25
114,14,2,2,2,590.418578455201,0.198768452218701,2,0.548379412239001,1,3.25
115,18,2,1,2,592.818707398681,0.199321861480257,1,0.203177874399216,1,3.25
116,23,2,2,3,594.907189374542,0.199072812680015,2,0.447689947998242,1,2.75
117,35,2,1,3,597.202272694682,0.198937021089705,1,0.148485762807695,1,2.25
118,20,2,1,4,599.20378103489,0.21698647439689,1,0.114850127348518,1,20
119,54,2,2,2,601.179439807012,0.198371320348087,2,0.206227624750682,1,3.25
120,24,2,2,4,603.243042949066,0.198362833373494,2,0.0877965795152704,1,20
121,195,1,1,3,945.075429594548,0.198332397327249,1,0.210750596795606,1,11.5
122,145,1,1,1,951.300713403361,0.198514428295312,1,0.441555621435327,1,11.5
123,166,1,2,2,953.596168101794,0.198335031216175,2,0.249862379320348,1,11.5
124,159,1,2,3,955.690703338981,0.198596078842002,2,0.154016636225606,1,9.5
125,173,1,2,1,957.691612908513,0.198310448255597,2,0.0823098968949125,1,9.5
126,134,1,2,2,959.62055352047,0.198806204622088,2,0.196755283360744,1,9.5
127,239,1,2,3,961.666516339913,0.198364881953694,2,0.207436872274684,1,7.5
128,196,1,1,4,963.713564321462,0.198716945064007,1,0.271846569550235,1,20
129,135,1,2,3,965.823881233865,0.198723676112877,2,0.0451907974270398,1,5.75
130,131,1,1,3,967.710833271632,0.198264501532321,1,0.545830686031422,1,4.75
131,121,1,1,1,970.094904859553,0.198204214748785,1,0.478658332262512,1,7.5
132,183,1,2,3,972.415389694062,0.198495405766607,2,0.181160614234614,1,4.25
133,182,1,2,2,974.446347542772,0.1990640330514,2,0.299388850046853,1,7.5
134,221,1,2,1,976.582948907536,0.198283231406549,2,0.270615665608148,1,5.75
135,146,1,1,2,978.703566665623,0.198373954236104,1,0.362134515032267,1,5.75
136,172,1,1,4,980.911403596312,0.19900316095891,1,0.214968037761537,1,20
137,213,1,2,1,982.966331879914,0.198330348747731,1,0.655351578767295,0,4.75
138,152,1,2,4,985.469719499643,0.198216798883095,2,0.179509166078788,1,20
139,233,1,1,1,987.493054289419,0.198269476655241,2,0.91518937220053,0,8
140,154,1,1,2,990.256555090268,0.198156512099558,1,0.3043996767924,1,4.75
141,190,1,2,2,992.406945154537,0.198272110543712,2,0.582330236368307,1,4.25
142,231,1,2,3,994.830162180227,0.198211823760175,2,0.685079694153046,1,3.25
143,228,1,1,4,997.366149146576,0.198229675671428,1,0.328002245243624,1,20
144,179,1,1,3,999.550591878668,0.198284987332499,1,0.27261478706032,1,2.75
145,191,1,2,3,1001.669012681,0.198659292168941,1,1.78794679896237,0,2.25
146,180,1,1,4,1005.30222203622,0.1983584435593,1,0.41014269530524,1,20
147,227,1,1,3,1007.57506011851,0.199180216804507,1,0.238918572163129,1,3.25
148,206,1,2,2,1009.65421081235,0.198306936404606,1,0.237007539652495,0,3.25
149,238,1,2,2,1011.73351046722,0.198420193614311,1,0.61766648590401,0,5.25
150,234,1,1,2,1014.1967883533,0.198215042957145,1,0.254998754755889,1,8
151,160,1,2,4,1016.30209180507,0.198506526629444,2,0.0588606792912287,1,20
152,240,1,2,4,1018.20550184211,0.198799180919195,2,0.166766413003643,1,20
153,208,1,2,4,1020.21225981497,0.199248697907933,2,0.300585806091476,1,20
154,129,1,1,1,1022.3485489176,0.198277378320654,1,0.0730181232024734,1,12
155,198,1,2,2,1024.26748514267,0.198348493313006,1,0.268241654011945,0,7
156,214,1,2,2,1026.38161358454,0.198306643750129,1,0.208067249614487,0,10
157,141,1,2,1,1028.43634900897,0.198292011035392,1,0.22215767569287,0,10.5
158,220,1,1,4,1030.50061150114,0.198258941100903,1,0.387590755753536,1,20
159,175,1,2,3,1032.73280019526,0.198207433945754,1,1.01807374361306,0,2.75
160,153,1,1,1,1035.59565946864,0.198351127201931,1,0.311541904728529,1,14
161,150,1,2,2,1037.75630735841,0.199056716694031,2,0.248923251705037,1,14
162,224,1,2,4,1039.84327338505,0.199036523547875,2,0.268799160433446,1,20
163,122,1,1,2,1041.94642670576,0.198358150904824,1,0.225758201416738,1,13
164,171,1,1,3,1044.01957652339,0.198467310955039,1,0.446960360854519,1,3.75
165,138,1,1,2,1046.30778802816,0.199328299874651,1,0.224649626968585,1,12
166,232,1,2,4,1048.3705512524,0.198246356966138,2,0.193297572930533,1,20
167,170,1,1,2,1050.4031219189,0.198285279986521,1,0.16797068540518,1,11
168,207,1,2,3,1052.41066888772,0.199001697687436,1,0.863052717865685,0,3.25
169,230,1,2,2,1055.107386565,0.198222944623012,2,0.227471984936528,1,10.5
170,204,1,1,4,1057.18840439321,0.198437752871541,1,0.0887310246616835,1,20
171,205,1,2,1,1059.11719897068,0.198810887090531,2,0.123275059036132,1,13
172,165,1,2,1,1061.08744685764,0.198777231847089,2,0.172667786751845,1,12
173,210,1,1,2,1063.10047992377,0.198423998119779,1,0.0920002657298937,1,9.5
174,176,1,2,4,1065.03608310328,0.198859760357209,2,0.158472883092145,1,20
175,209,1,1,1,1067.03513461073,0.198687679634986,1,0.0787834127058886,1,11.5
176,149,1,2,1,1068.95515629056,0.198457068054722,2,0.322526098178059,1,11
177,212,1,1,4,1071.11675267288,0.198311033564551,1,0.155584092600748,1,20
178,123,1,1,3,1073.11783461579,0.198328592821781,1,0.235577630794069,1,4.75
179,194,1,1,2,1075.19610061572,0.198273281160709,1,0.240554216987221,1,9.5
180,128,1,2,4,1077.28489251247,0.198552473353175,2,0.0771106007869093,1,20
181,148,1,1,4,1155.23099729851,0.199048229719665,2,0.701003306700841,0,20
182,192,1,2,4,1158.68596907054,0.198837811285557,2,0.315215008716677,1,20
183,184,1,2,4,1160.84189703193,0.198346152079012,2,0.365014525895276,1,20
184,157,1,2,1,1163.0428144446,0.198378051396503,2,0.288641999226456,1,10
185,126,1,2,2,1165.17980269833,0.198687094326488,2,0.115067862139767,1,8.5
186,181,1,2,1,1167.13831163643,0.198127831979036,2,0.221584365939634,1,10
187,219,1,1,3,1169.19568914378,0.198345566770513,1,0.0183438635222046,1,4.25
188,132,1,1,4,1171.05803480889,0.1990391574368,1,0.04795520984635,1,20
189,223,1,2,3,1172.93811707986,0.198575007733325,2,0.18946965482337,1,3.75
190,226,1,1,2,1174.96291075127,0.198307814367126,1,0.0183099156247408,1,8.5
191,169,1,1,1,1176.82307438599,0.199045303176717,1,0.0500637840023046,1,10
192,125,1,2,1,1178.70533224895,0.198910389548928,2,0.0947863345663791,1,9.5
193,202,1,1,2,1180.63336592527,0.198395025345235,1,0.153611895343147,1,8
194,237,1,2,1,1182.62549206161,0.19823348017735,2,0.262629130047117,1,9
195,225,1,1,1,1184.72198398537,0.199031841079432,1,0.100704974918244,1,8.5
196,155,1,1,3,1186.65752219563,0.198997600527491,2,0.287968016397826,0,3.75
197,211,1,1,3,1188.77774691901,0.1983092776386,2,0.820050096561317,0,4.25
198,216,1,2,4,1191.44292612147,0.198351419855953,2,0.105519137980991,1,20
199,185,1,1,1,1193.39510816649,0.198246649620614,1,0.0272165562728333,1,7.5
200,139,1,1,3,1195.26698148464,0.198337372450624,1,0.160877623389752,1,5.75
201,140,1,1,4,1197.26763820087,0.198308692330102,1,0.0405574947153582,1,20
202,217,1,1,1,1199.14634382606,0.198945508063844,1,0.0295191602226623,1,7.5
203,197,1,2,1,1201.01874275132,0.198752941541443,2,0.0993938837009409,1,7
204,161,1,1,1,1202.95372550374,0.198430436514627,1,0.125503621450207,1,5.75
205,236,1,1,4,1204.91273312475,0.198968042444449,1,0.0173289384460986,1,20
206,235,1,1,3,1206.7726570756,0.199317471665836,1,0.0763005337134928,1,5.25
207,193,1,1,1,1208.68185435123,0.19822089604304,1,0.336645204376509,1,5.75
208,218,1,1,2,1210.85854876835,0.198296108195336,1,0.105045330686153,1,7.5
209,199,1,2,3,1212.8086383352,0.198126661361584,2,0.0168150375138794,1,4.75
210,130,1,1,2,1214.65971066441,0.19826333091487,1,0.0619069177914753,1,7
211,151,1,2,3,1216.55784824178,0.198784548204912,2,0.283563861994935,1,4.75
212,203,1,1,3,1218.67534425656,0.198296400849358,1,0.384549199722187,1,4.25
213,177,1,1,1,1220.90537696653,0.198262452951894,1,0.0440201802689444,1,5.25
214,167,1,2,3,1222.78466936357,0.19839590330821,2,0.188808548783072,1,4.25
215,143,1,2,3,1224.80913760341,0.198323617698861,2,0.243318044098032,1,4.25
216,188,1,1,4,1226.89700529792,0.198691191486432,1,0.0168879084321816,1,20
217,200,1,2,4,1228.75407323557,0.198444483920412,2,0.0221597828035556,1,20
218,144,1,2,4,1230.61002030728,0.198469652189033,2,0.0173813235642228,1,20
219,127,1,2,3,1232.45804669065,0.198736845555686,2,0.0634512544775134,1,4.25
220,178,1,1,2,1234.35384800882,0.198870881220046,2,0.550156701739525,0,6.5
221,189,1,2,1,1236.73781219262,0.198297278812333,2,0.0506087062894949,1,5.25
222,142,1,2,2,1238.62497435617,0.198241381843673,2,0.0718679918445559,1,7.5
223,174,1,2,2,1240.52977772029,0.198870881220046,2,0.191009894349008,1,7.5
224,222,1,2,2,1242.56156963372,0.198645244762702,2,0.165774022308142,1,7.5
225,147,1,1,3,1244.56878502523,0.199000819724461,1,0.101812671403877,1,3.75
226,158,1,2,2,1246.50554389653,0.199049107682185,2,0.127592880423435,1,7.5
227,163,1,1,3,1248.46579090846,0.198230553634858,1,0.393917941492873,1,3.75
228,156,1,1,4,1250.69750638059,0.19827181788969,1,0.216776641271281,1,20
229,137,1,1,1,1252.75415020364,0.199083933543079,1,0.413806727009614,1,4.75
230,164,1,1,4,1255.00063593777,0.199184899272495,1,0.0674919322527785,1,20
231,136,1,2,4,1256.90502109891,0.199119344712017,2,0.127293202431247,1,20
232,187,1,1,3,1258.86515192708,0.199191337667344,1,0.938019040673225,1,3.75
233,229,1,2,1,1261.64309492447,0.198866784060101,2,0.426379740596985,1,4.75
234,186,1,1,2,1263.91216537543,0.198313082144068,2,0.720208744451611,0,6.5
235,133,1,2,1,1266.47287080103,0.198354053744424,2,0.0738527732360126,1,4.25
236,124,1,1,4,1268.39405461105,0.198286157949497,1,0.0292200675385175,1,20
237,168,1,2,4,1270.26551118949,0.198296400849813,2,0.0507327917084694,1,20
238,162,1,1,2,1272.15392415747,0.199036816202351,1,0.366766939781428,1,7.5
239,215,1,2,3,1274.35385795907,0.198193679193992,2,0.307251592844295,1,3.75
240,201,1,1,1,1276.49749648888,0.198486626138219,2,0.297258326819247,0,3.75
