PresOrder,TrialNumber,Illusory_Fragmented,Fat_Thin,StairNum,StimPresTime,StimPresLength,Response,ReationTime,Accuracy,StepLevel
1,90,2,1,2,199.94685193244,0.217055540809042,1,0.47573208202175,1,11.5
2,29,2,2,1,202.46587753413,0.198328592821554,2,0.44526091739499,1,11.5
3,94,2,2,2,204.818780562253,0.198281768135303,2,0.426488607992724,1,9.5
4,116,2,1,4,207.103404710739,0.198344981461787,1,0.357423366279363,1,20
5,11,2,1,3,209.336903618114,0.198810594436281,1,0.428071282390647,1,11.5
6,74,2,1,2,211.644432939879,0.198913316092103,1,0.534034669582979,1,7.5
7,7,2,2,3,214.046644996592,0.198347322696236,2,0.369148853043953,1,9.5
8,71,2,2,3,216.276323887526,0.199275622102505,2,0.503152325679594,1,7.5
9,83,2,1,3,218.635841487901,0.19898326046723,1,0.44222375117829,1,5.75
10,26,2,1,2,220.938225361948,0.198305473132677,1,0.445961531764397,1,5.75
11,77,2,2,1,223.236469933723,0.198272110543712,2,0.434668880694062,1,9.5
12,119,2,2,3,225.530012721682,0.198240796534719,2,0.517665051897893,1,4.75
13,95,2,2,3,227.910074653183,0.198693240066405,2,0.540350441805458,1,4.25
14,43,2,1,3,230.304852705633,0.198939654978176,1,0.526871370537947,1,3.25
15,91,2,1,3,232.687041355856,0.198874393071719,2,0.662458102880237,0,2.75
16,36,2,1,4,235.225280004308,0.19829464492409,1,0.583059238203532,1,20
17,54,2,2,2,237.654598871935,0.199087738048775,2,0.62551957110918,1,4.75
18,109,2,2,1,240.126318370993,0.198359614176297,2,0.65896907844035,1,7.5
19,28,2,1,4,242.640145847192,0.19896540855575,1,0.582324675936661,1,20
20,114,2,1,2,245.094507727683,0.198233480177578,1,0.716113632978022,1,4.25
21,120,2,2,4,247.663904107725,0.198288499183946,2,0.577300679748078,1,20
22,2,2,1,2,250.094099182295,0.198339128376119,1,0.615848810111629,1,3.25
23,24,2,2,4,252.568223128995,0.198930875349333,2,0.524715386387015,1,20
24,57,2,1,1,254.940640637799,0.199038864782324,1,0.452547716550271,1,5.75
25,102,2,2,2,257.23659870161,0.198591396373558,1,0.786465675602585,0,2.75
26,42,2,1,2,259.869144609557,0.198886099243055,1,0.632638972010909,1,4.25
27,25,2,1,1,262.367884879167,0.198347908004735,1,0.576526316498075,1,4.75
28,112,2,2,4,264.812120921241,0.198469359534784,2,0.419568797316742,1,20
29,80,2,2,4,267.085078406474,0.198360784793522,2,0.496986099799187,1,20
30,44,2,1,4,269.432627617024,0.198446239846135,1,0.434867885610856,1,20
31,78,2,2,2,271.726041929751,0.198621247111078,1,0.652082630353334,0,3.75
32,12,2,1,4,274.22094989144,0.199281182533923,1,0.594115131953458,1,20
33,60,2,1,4,276.68945955825,0.199023939413564,1,0.583172788067714,1,20
34,111,2,2,3,279.126568297756,0.198381855902198,2,0.37536863465948,1,4.25
35,59,2,1,3,281.36740404817,0.198235236103301,1,0.502186566524188,1,3.75
36,93,2,2,1,283.726319658672,0.198265379495069,2,0.406741759806209,1,4.25
37,3,2,1,3,286.003450979382,0.198379514667977,1,0.484603896808949,1,3.25
38,62,2,2,2,288.334543653923,0.198879075540162,2,0.375410484222812,1,5.25
39,100,2,1,4,290.566490030293,0.19823348017735,1,0.414086211856556,1,20
40,19,2,1,3,292.838195247821,0.198819374065124,1,0.379623242720754,1,3.25
41,61,2,2,1,295.06400612701,0.198367515842165,2,0.463498840064631,1,3.25
42,53,2,2,1,297.395937548745,0.19837132034786,1,0.740979004688825,0,2.75
43,45,2,2,1,299.988823532683,0.198626514888247,2,0.570114261014169,1,4.25
44,72,2,2,4,302.403732395747,0.198623003036801,2,0.554561734105391,1,20
45,115,2,1,3,304.820125894022,0.198519403418459,1,0.436396711619409,1,2.75
46,48,2,2,4,307.100818232128,0.198592566990783,2,0.353212656361393,1,20
47,51,2,1,3,309.300614193557,0.198428973242926,1,0.537044618950858,1,2.75
48,92,2,1,4,311.683163393865,0.198947849298293,1,0.370198896634975,1,20
49,34,2,1,2,313.899066462082,0.198236699374775,1,0.504614426510216,1,4.25
50,108,2,1,4,316.268246921789,0.199230553341749,1,0.536615002454027,1,20
51,32,2,2,4,318.651704521011,0.198910389549383,2,0.443557084121494,1,20
52,96,2,2,4,320.949147220033,0.198438923488766,2,0.471535419509564,1,20
53,63,2,2,3,323.269631761887,0.198285279986749,2,0.474907674888073,1,2.75
54,46,2,2,2,325.618719163383,0.198377758742254,2,0.469229011053812,1,4.25
55,37,2,2,1,327.940265747654,0.198973310221618,2,0.462418360427819,1,3.75
56,16,2,2,4,330.243773414172,0.198325080970108,2,0.563631675846864,1,20
57,58,2,1,2,332.661630769204,0.198296986158311,2,0.65505658324355,0,4.25
58,64,2,2,4,335.198568861993,0.198239625917722,2,0.5099272724824,1,20
59,89,2,1,1,337.555647774174,0.199000234415962,1,0.462134193112661,1,3.25
60,103,2,2,3,339.859374931409,0.198393269419739,2,0.475274956021394,1,2.25
61,88,2,2,4,353.291633511374,0.199011647933503,2,0.0483675597401998,1,20
62,69,2,2,1,355.333356355471,0.198925022263666,2,0.28866511891556,1,3.25
63,70,2,2,2,357.468501179836,0.198730992469791,2,0.387374484233533,1,5.25
64,17,2,1,1,359.708771814816,0.198277963629607,2,0.526457850026873,0,2.75
65,4,2,1,4,362.085993829092,0.198503892740973,1,0.491257392081707,1,20
66,33,2,1,1,364.429063965741,0.198315130724495,1,0.492550924041325,1,3.25
67,84,2,1,4,366.799132631217,0.198344981461787,1,0.342617400463041,1,20
68,10,2,1,2,368.997677788212,0.198944922755345,1,0.334408154987386,1,4.75
69,31,2,2,3,371.180357570864,0.198221481351766,2,0.527231335314355,1,1.75
70,39,2,2,3,373.565786782035,0.198879660848661,2,0.599098156541459,1,1.75
71,75,2,1,3,376.011025457704,0.198338250413144,1,0.706741672009912,1,1.25
72,99,2,1,3,378.597915833212,0.199044717867991,1,0.781953531766703,1,1.25
73,13,2,2,1,381.227526711289,0.198389757568293,2,0.357554182746753,1,3.25
74,66,2,1,2,383.446983187889,0.217709330491971,1,0.436232825217303,1,4.25
75,40,2,2,4,385.75773521869,0.198193971848468,2,0.333707540618207,1,20
76,18,2,1,2,387.930846962,0.198389757568066,1,0.425656006538929,1,4.25
77,55,2,2,3,390.213701722651,0.198506819283921,1,0.478137700281422,0,1.25
78,47,2,2,3,392.548326149158,0.198985601701679,1,0.600402224055415,0,1.75
79,117,2,2,1,395.005188760554,0.198368101150663,2,0.405915011438537,1,3.25
80,20,2,1,4,397.293904216007,0.198368686459162,1,0.36313480739409,1,20
81,67,2,1,3,399.517884249961,0.198648463960126,1,0.419075089530224,1,2.25
82,105,2,1,1,401.789283643757,0.199095054405916,1,0.516822792852508,1,3.25
83,35,2,1,3,404.158313679159,0.198439801451741,1,0.424102304916005,1,2.25
84,85,2,2,1,406.460457284034,0.198282353443801,2,0.660784998306781,1,2.75
85,113,2,1,1,408.971599364472,0.198376880779506,1,0.356920293555731,1,2.75
86,98,2,1,2,411.182473461377,0.198983553121707,1,0.424073917449732,1,4.25
87,86,2,2,2,413.451154682132,0.19864495210868,2,0.277641709791624,1,3.75
88,107,2,1,3,415.581718003594,0.198974188184366,2,0.46081402961272,0,2.25
89,30,2,2,2,417.916508657738,0.198868539985824,2,0.482838313480215,1,3.75
90,8,2,2,4,420.253433054307,0.199059935891228,2,0.436366275573164,1,20
91,5,2,2,1,422.541067152161,0.198296986158311,2,0.346012482875949,1,2.75
92,1,2,1,1,424.757345695831,0.198234358140326,1,0.478567316778708,1,2.75
93,82,2,1,2,427.085486951862,0.199358735920669,1,0.482998395376399,1,3.75
94,87,2,2,3,429.42177336208,0.198692362103657,2,0.587892131140734,1,2.75
95,23,2,2,3,431.860809522737,0.198323032390135,2,0.725395749079325,1,2.25
96,50,2,1,2,434.444802620778,0.198253965977756,1,0.389506470732613,1,3.25
97,22,2,2,2,436.699283377441,0.198735089629736,2,0.395948962262537,1,3.25
98,104,2,2,4,438.947519769529,0.199018378981918,2,0.330267389444771,1,20
99,49,2,1,1,441.122811201987,0.198953409729711,1,0.487862602322821,1,2.75
100,6,2,2,2,443.452445287549,0.198991162133325,2,0.325324458494606,1,3.25
101,79,2,2,3,445.62171945516,0.198680655931867,1,1.22155949032503,0,2.25
102,101,2,2,1,448.692393124848,0.19918021680428,2,0.345906249368909,1,2.75
103,73,2,1,1,450.916103916856,0.198859760357209,1,0.323522878688209,1,2.25
104,14,2,2,2,453.092030116468,0.198441264723215,1,0.491771293013926,0,2.75
105,52,2,1,4,455.461886900238,0.198236406720298,1,0.357939901100281,1,20
106,118,2,2,2,457.675777970214,0.198367223187915,1,0.365317715739593,0,3.25
107,9,2,1,1,459.89030146611,0.198397659233933,1,0.520993701786892,1,1.75
108,15,2,2,3,462.262211219722,0.198289084492444,2,0.294030350005642,1,2.75
109,76,2,1,4,464.432348424832,0.198426924662954,1,0.567718300345859,1,20
110,81,2,1,1,466.852484093508,0.198956336272659,2,0.724592120400303,0,1.75
111,38,2,2,2,469.420743511635,0.198230260980381,2,0.343345524335518,1,3.75
112,41,2,1,1,471.620429435051,0.199029792499459,1,0.37460158776662,1,2.25
113,56,2,2,4,473.835029899025,0.199275914756754,2,0.115771403052122,1,20
114,27,2,1,3,475.811825340408,0.198895171526146,1,0.136244619184936,1,2.75
115,110,2,2,2,477.804359729482,0.199262745313717,2,0.47203205383903,1,3.75
116,106,2,1,2,480.11594114254,0.198906877697709,1,0.3642670868403,1,3.25
117,68,2,1,4,482.332356063109,0.198456190091747,1,0.244423106694967,1,20
118,65,2,1,1,484.420277606006,0.199053497496834,2,0.358172268606268,0,2.25
119,21,2,2,1,486.635809588584,0.199078373111433,2,0.223087731024862,1,2.75
120,97,2,1,1,488.699579543582,0.198722798149447,2,0.461444992260795,0,2.75
121,236,1,1,4,677.863418243073,0.19836634522494,1,1.12344157932648,1,20
122,216,1,2,4,683.00309130726,0.19850213681525,2,0.436105813255608,1,20
123,206,1,2,2,685.29664843528,0.198930290040835,2,0.328120477576704,1,11.5
124,166,1,2,2,687.47078563922,0.198265964803568,2,0.417865256697269,1,9.5
125,227,1,1,3,689.759015873861,0.198751770924218,1,0.406510562917674,1,11.5
126,160,1,2,4,692.002912788144,0.198226456474686,2,0.525143246958351,1,20
127,175,1,2,3,694.371619440556,0.198200410242634,2,0.595545626120611,1,9.5
128,152,1,2,4,696.835097502166,0.19833707979592,2,0.851825328702034,1,20
129,127,1,2,3,699.538749037533,0.198718700989502,2,0.495198274744553,1,7.5
130,193,1,1,1,701.883344195685,0.198405268245551,1,0.450271158832038,1,11.5
131,204,1,1,4,704.187352593692,0.198324495661609,1,0.557480960643488,1,20
132,138,1,1,2,706.608472458744,0.19831922788444,1,0.749280728919757,1,7.5
133,124,1,1,4,709.190622127415,0.199035060276628,1,0.709507840354718,1,20
134,131,1,1,3,711.735073826434,0.198243137768941,1,0.632237450325647,1,5.75
135,209,1,1,1,714.209634998644,0.199234065193423,1,0.68160149792152,1,9.5
136,174,1,2,2,716.742953835834,0.199362540426591,2,0.630198527890343,1,5.75
137,240,1,2,4,719.216298444162,0.198408780096997,2,0.668925177370284,1,20
138,182,1,2,2,721.735554072123,0.19836137010202,2,0.640402797657771,1,4.75
139,238,1,2,2,724.225769029626,0.19824547900339,2,0.888019933268879,1,4.25
140,229,1,2,1,726.976242324775,0.198646415380153,2,0.619152291732007,1,7.5
141,201,1,1,1,729.440452607418,0.198904829117737,1,0.627892412088841,1,5.75
142,222,1,2,2,731.911028998821,0.199215920627466,2,0.527236017782798,1,3.25
143,157,1,2,1,734.280255112597,0.198355224361876,2,0.670943906659659,1,4.75
144,202,1,1,2,736.790925434321,0.198922388374967,1,0.43841427029156,1,2.75
145,145,1,1,1,739.071689765382,0.198817032830902,1,0.491408401694798,1,4.25
146,136,1,2,4,741.40703470675,0.198578519584999,2,0.50996678081151,1,20
147,211,1,1,3,743.760549089684,0.198479602434873,1,0.58702177728378,1,4.75
148,151,1,2,3,746.200851272797,0.198375124853555,2,0.518591888032688,1,4.25
149,146,1,1,2,748.568072704691,0.198534328787218,1,0.599734386966702,1,2.25
150,177,1,1,1,751.015421125133,0.19821592092012,1,0.517816061511212,1,3.25
151,208,1,2,4,753.382526665927,0.198323325044385,2,0.431127178482029,1,20
152,228,1,1,4,755.665274315108,0.198394147382487,1,0.495154376601022,1,20
153,179,1,1,3,758.015112374857,0.198350249238956,1,0.518094961049201,1,3.25
154,126,1,2,2,760.383306296955,0.198373954236558,2,0.455243647865473,1,1.75
155,169,1,1,1,762.686871616368,0.198214457648646,1,0.36324396744385,1,2.75
156,189,1,2,1,764.884421748779,0.19840380497385,2,0.459120439238859,1,2.25
157,130,1,1,2,767.207105880273,0.198299034738511,1,0.446729163965756,1,1.75
158,139,1,1,3,769.494819872748,0.199063740396923,1,0.449566447302686,1,2.75
159,159,1,2,3,771.783278085081,0.198266842766543,2,0.719431454658661,1,2.25
160,128,1,2,4,774.350602180099,0.198346444733261,2,0.568455203846952,1,20
161,150,1,2,2,776.785422948369,0.198283524061026,1,0.519853813329291,0,1.25
162,149,1,2,1,779.151782513379,0.198345859424762,2,0.497043460040004,1,1.75
163,212,1,1,4,781.485074484906,0.198362248064768,1,0.547950966359167,1,20
164,194,1,1,2,783.870413265902,0.198557741130344,1,0.548768349789725,1,1.75
165,192,1,2,4,786.256516459901,0.198323032390135,2,0.507667103404401,1,20
166,239,1,2,3,788.612217848341,0.198288206529696,2,0.570868723772719,1,1.75
167,140,1,1,4,791.012528822789,0.198397073925435,1,0.53463344025954,1,20
168,134,1,2,2,793.388671528044,0.198938777015201,2,0.407188350252227,1,1.75
169,196,1,1,4,795.629060102704,0.198609540939515,1,0.624509913810471,1,20
170,122,1,1,2,798.10197480188,0.198273866469435,1,0.811355044964785,1,1.75
171,198,1,2,2,800.74799948844,0.198380685285201,1,1.08952850760056,0,1.75
172,221,1,2,1,803.679303869094,0.198280890172327,2,0.400844775871974,1,1.75
173,156,1,1,4,805.951235893697,0.198380685284974,1,0.601799940942556,1,20
174,168,1,2,4,808.39743681667,0.198222066660037,2,0.407820190863276,1,20
175,163,1,1,3,810.654294218819,0.198846590913945,1,1.0377433310673,1,1.75
176,195,1,1,3,813.525192998188,0.198305473132905,1,0.59046836685161,1,1.25
177,129,1,1,1,815.979191694705,0.198350249238956,1,0.608695168658187,1,1.25
178,178,1,1,2,818.426923199613,0.198381563248176,1,0.5708880389559,1,2.25
179,153,1,1,1,820.827072628893,0.198284109369752,1,0.562430915296773,1,1.25
180,172,1,1,4,823.220037688019,0.217116998209804,1,0.564422720391349,1,20
181,232,1,2,4,840.25145675989,0.198240211226221,2,0.356003700320798,1,20
182,226,1,1,2,842.627250035923,0.199260989388222,1,0.397631724427356,1,1.75
183,225,1,1,1,844.851053014032,0.198308984984124,1,0.326605698974163,1,1.25
184,237,1,2,1,847.029480822511,0.198231724251855,2,0.43556791467131,1,0.75
185,121,1,1,1,849.291768132348,0.199245771364986,1,0.499850599985166,1,0.75
186,125,1,2,1,851.619594492363,0.198668949760304,2,0.359827813922266,1,0.75
187,132,1,1,4,853.811576876916,0.198361955410519,1,0.349165540191507,1,20
188,154,1,1,2,855.987081361697,0.199267135128139,1,0.415318286415641,1,1.75
189,181,1,2,1,858.252978269541,0.198627100196973,1,0.806837340697257,0,0.75
190,224,1,2,4,860.891396578462,0.198360492139273,2,0.565157282657992,1,20
191,203,1,1,3,863.300750863111,0.198510623789844,1,0.690924292969157,1,1.25
192,233,1,1,1,865.843472097316,0.198450044351603,1,0.543209381560018,1,1.25
193,210,1,1,2,868.228334729782,0.198250746780786,1,0.567939254334533,1,1.75
194,155,1,1,3,870.63578822482,0.198989113553125,1,0.534971748618091,1,1.25
195,176,1,2,4,873.002169153594,0.216136898994364,2,0.479828656766585,1,20
196,188,1,1,4,875.332560921112,0.198293181652616,1,0.915806287443274,1,20
197,234,1,1,2,878.084477001909,0.19884746887692,1,0.461134778713813,1,1.75
198,199,1,2,3,880.379772496408,0.198379222013727,2,0.489851480874677,1,0.75
199,223,1,2,3,882.707709187091,0.198906877697709,2,1.07638364753188,1,0.75
200,191,1,2,3,885.611371199482,0.198350249238956,2,0.557301563564124,1,0.75
201,170,1,1,2,888.027887905213,0.198267720729518,1,0.456161119063154,1,1.25
202,141,1,2,1,890.324208275034,0.199164120818068,2,0.451453189507447,1,0.75
203,217,1,1,1,892.603878664361,0.198782206970463,2,0.577484173987614,0,0.75
204,186,1,1,2,895.010771433781,0.198363711336469,1,0.469686722362667,1,1.25
205,162,1,1,2,897.340233145966,0.199352882835001,1,0.482871090760455,1,1.25
206,167,1,2,3,899.656871039839,0.198956628927135,2,0.573746978710233,1,0.75
207,144,1,2,4,902.058680696903,0.198416974417114,2,0.567195912439047,1,20
208,133,1,2,1,904.48667735245,0.198293766961115,2,0.430816672280798,1,1.25
209,184,1,2,4,906.748364428339,0.198452678240301,2,0.420140058489778,1,20
210,137,1,1,1,909.003675152568,0.198347322696236,2,0.545978769101794,0,1.25
211,158,1,2,2,911.380289323884,0.198245186349141,2,0.458764278968602,1,1.25
212,185,1,1,1,913.675424151178,0.198291133072416,1,0.430165809140817,1,1.25
213,218,1,1,2,915.964082539045,0.198311033564323,1,0.555608851153465,1,1.25
214,235,1,1,3,918.355778941827,0.199057594656779,1,0.514327037071553,1,0.75
215,135,1,2,3,920.699133831099,0.199007550773331,1,0.605439974995534,0,0.75
216,187,1,1,3,923.139379824589,0.199396780978304,1,0.570222250447159,1,0.75
217,200,1,2,4,925.541474234277,0.198474627311953,2,0.523905611967848,1,20
218,171,1,1,3,927.924792530058,0.198203044131333,1,0.618531279329318,1,0.75
219,190,1,2,2,930.372502671202,0.198979455961535,1,0.528874589150064,0,1.25
220,164,1,1,4,932.732816583899,0.215942869200262,1,1.15561452864654,1,20
221,231,1,2,3,935.740112455337,0.198321861772911,1,1.0045478476593,0,0.75
222,219,1,1,3,938.588554407798,0.198366930533439,2,0.498456980258425,0,0.75
223,142,1,2,2,940.932682489704,0.198948434606791,2,0.637350998726561,1,1.25
224,123,1,1,3,943.40359748212,0.199476382945249,1,1.15195196021318,1,1.25
225,147,1,1,3,946.388035004965,0.198371905656359,1,0.7275113469384,1,1.25
226,180,1,1,4,948.980931817111,0.198273573815186,1,0.683667051897146,1,20
227,215,1,2,3,951.499838601159,0.198874685725741,2,0.470256812918706,1,1.25
228,220,1,1,4,953.805415333504,0.199069593482818,1,0.409002514192935,1,20
229,173,1,2,1,956.04744306484,0.198251332089285,2,0.376144168526935,1,1.25
230,214,1,2,2,958.285791839101,0.198266550112294,2,0.519580181568472,1,1.25
231,148,1,1,4,960.648668525412,0.198964530592775,1,0.496626135023007,1,20
232,197,1,2,1,962.989540243038,0.19896072608708,2,0.238811460693114,1,1.25
233,230,1,2,2,965.077363161439,0.198464384412091,2,0.63668725879802,1,1.25
234,207,1,2,3,967.550623777985,0.198365759916214,2,0.525448778036434,1,1.25
235,183,1,2,3,969.919737512515,0.199321568826008,2,0.652570485053957,1,0.75
236,143,1,2,3,972.414267072208,0.198948434606791,2,0.577855844935357,1,0.75
237,213,1,2,1,974.83692278697,0.199507989608492,2,0.383075392720002,1,1.25
238,161,1,1,1,977.062240543681,0.198309570292622,2,0.184306940501301,0,1.25
239,165,1,2,1,979.111246675081,0.198350834547682,2,0.454863489943364,1,1.25
240,205,1,2,1,981.403654549706,0.199313959814617,2,0.554181868837532,1,1.25
