PresOrder,TrialNumber,Illusory_Fragmented,Fat_Thin,StairNum,StimPresTime,StimPresLength,Response,ReationTime,Accuracy,StepLevel
1,2,2,1,2,342.598058760454,0.198309799964136,2,1.85907576020099,0,11.5
2,41,2,1,1,346.487150394265,0.198302776243054,1,0.367375750367501,1,11.5
3,10,2,1,2,348.766630123805,0.199077141532598,1,0.431981696181992,1,16
4,72,2,2,4,351.069915001265,0.198479539899381,2,0.296745792790716,1,20
5,39,2,2,3,353.230591409053,0.198322091477166,2,0.0193702531350937,1,11.5
6,73,2,1,1,355.114924178927,0.198605381575362,1,0.0279760678399725,1,9.5
7,113,2,1,1,357.013773810416,0.198418374991888,1,0.343667178618034,1,7.5
8,60,2,1,4,359.209382111518,0.198310970584771,1,0.431486816474717,1,20
9,63,2,2,3,361.492735130782,0.19861035671147,2,0.163872493702002,1,9.5
10,83,2,1,3,363.50654493777,0.198363355840684,1,0.199740590554484,1,7.5
11,43,2,1,3,365.558566715989,0.198335553609468,1,0.0331226997309386,1,5.75
12,64,2,2,4,367.45861418464,0.198336431574717,2,0.142202849757723,1,20
13,5,2,2,1,369.462770764462,0.198372428147195,2,0.285396044240315,1,5.75
14,56,2,2,4,371.593788045158,0.198350771672722,2,0.360241405306169,1,20
15,76,2,1,4,373.802404863693,0.198336431575171,1,0.196687027654662,1,20
16,51,2,1,3,375.853007850179,0.199442667702897,1,0.0995990040360084,1,4.75
17,26,2,1,2,377.794137943548,0.198322384132098,1,0.188695203266434,1,15
18,82,2,1,2,379.848685334938,0.198664497897425,1,0.38253294125343,1,14
19,29,2,2,1,382.082483950797,0.199265318736252,2,0.26808579007502,1,4.75
20,105,2,1,1,384.195089131025,0.198420130922386,1,0.336751446886865,1,4.25
21,31,2,2,3,386.388843754975,0.198400230377956,2,0.232070780382401,1,4.25
22,118,2,2,2,388.491864481977,0.198399059757776,1,0.380837590489136,0,13.5
23,12,2,1,4,390.73341874959,0.198908279563057,1,0.114701468426119,1,20
24,69,2,2,1,392.691675895057,0.198502074339103,1,0.74914398394867,0,3.25
25,50,2,1,2,395.288977556869,0.198230783098097,1,0.0182830395856399,1,16
26,80,2,2,4,397.177514609341,0.198700201814972,2,0.201204743821108,1,20
27,117,2,2,1,399.235271548778,0.198974712261588,2,0.222169674380439,1,5.25
28,49,2,1,1,401.296371779624,0.198659815416704,1,0.372534673771497,1,4.25
29,37,2,2,1,403.522391623978,0.198375647353259,2,0.132090739457453,1,3.75
30,34,2,1,2,405.50744309615,0.198298093761878,1,0.143316402262371,1,15
31,116,2,1,4,407.531978418445,0.198635817701415,1,0.052440274955643,1,20
32,91,2,1,3,409.435130664632,0.198852675101534,1,0.0799390223914997,1,3.25
33,30,2,2,2,411.362951976475,0.198319750236351,2,0.29031323456411,1,14.5
34,6,2,2,2,413.510153374664,0.198852089791671,2,0.0773621945854757,1,14.5
35,35,2,1,3,415.442677653328,0.216833694665183,1,0.149162772403088,1,2.75
36,48,2,2,4,417.466570890421,0.198801167810871,2,0.0470501540535224,1,20
37,66,2,1,2,419.362585864995,0.198377110628371,1,0.0908746640320715,1,14
38,114,2,1,2,421.307713626488,0.198332627059244,1,0.0183207920886161,1,13.5
39,112,2,2,4,423.1748201342,0.198723321564557,2,0.16197813749659,1,20
40,59,2,1,3,425.195581962147,0.217514117679912,1,0.294774175649309,1,2.25
41,36,2,1,4,427.353197198004,0.198308336689479,1,0.119309615006387,1,20
42,100,2,1,4,429.321755216284,0.198280241802877,1,0.072868476133408,1,20
43,120,2,2,4,431.232646432886,0.198320628202055,2,0.104659595340308,1,20
44,9,2,1,1,433.177676154934,0.1983613072548,1,0.450687037019634,1,3.75
45,53,2,2,1,435.483167066238,0.19862791601463,2,0.483239352038709,1,3.75
46,84,2,1,4,437.81928725616,0.198228441857736,1,0.0647818315060249,1,20
47,92,2,1,4,439.752731349678,0.198635525046484,1,0.0980871479946472,1,20
48,87,2,2,3,441.687196809358,0.198305702793732,2,0.227217096206004,1,1.75
49,1,2,1,1,443.752579169047,0.198345503881683,1,0.17545519568057,1,3.25
50,54,2,2,2,445.778832961857,0.198624696809475,2,0.258744533203753,1,13
51,79,2,2,3,447.883551088209,0.19951290491781,2,0.397181497644397,1,1.75
52,44,2,1,4,450.162780597672,0.198241026025244,1,0.107742423746004,1,20
53,94,2,2,2,452.112025430554,0.198371842836877,2,0.149837342317369,1,13
54,65,2,1,1,454.106515613733,0.198240148059995,1,0.525426164299006,1,3.25
55,67,2,1,3,456.500611941731,0.198201224937293,1,0.557698115769654,1,1.25
56,101,2,2,1,458.921370901659,0.198205029452765,2,0.421264375216651,1,2.75
57,7,2,2,3,461.202733866512,0.198357795394259,2,0.265910192356387,1,1.25
58,96,2,2,4,463.328625001171,0.198801167810871,2,0.116875017559323,1,20
59,45,2,2,1,465.298570497092,0.199190399041072,2,0.350265379609027,1,2.25
60,85,2,2,1,467.489747707926,0.198352820258151,1,0.73869561298352,0,2.25
61,40,2,2,4,493.465055815173,0.198761659377396,2,0.0728927665031733,1,20
62,58,2,1,2,495.681387021099,0.198716883153338,1,0.0181832442103769,1,13
63,93,2,2,1,497.557034374093,0.198792973469153,2,0.212368071098808,1,3.25
64,107,2,1,3,499.615752978058,0.199001051216783,2,0.297430020322281,0,1.25
65,109,2,2,1,501.751683351908,0.198423935437859,1,0.285022909038162,0,2.75
66,16,2,2,4,503.888796930166,0.198312141204951,2,0.0171727062866012,1,20
67,61,2,2,1,505.764166553507,0.198687324992534,2,0.0932987258966023,1,3.25
68,104,2,2,4,507.695664490874,0.198541875427509,2,0.0173181558516262,1,20
69,18,2,1,2,509.552843260974,0.198400230377956,1,0.128540833575244,1,12
70,4,2,1,4,511.535814540976,0.198213223794482,1,0.0174100495405582,1,20
71,3,2,1,3,513.389538225434,0.198328822543317,1,0.188148230958632,1,1.75
72,78,2,2,2,515.42285319954,0.217484852174039,2,0.0177796728821704,1,11
73,27,2,1,3,517.305497057061,0.198518463022083,1,0.0240044460160789,1,1.75
74,110,2,2,2,519.176123327184,0.198952470476797,2,0.0691093218829337,1,10
75,13,2,2,1,521.088693213212,0.198323554752278,1,0.208160569296069,0,3.25
76,46,2,2,2,523.155436418932,0.198684983751718,2,0.0176912910533247,1,9
77,38,2,2,2,525.021499904009,0.198307751378707,2,0.0865530267556096,1,8
78,103,2,2,3,526.984910119778,0.198269120910936,2,0.209284072072478,1,1.25
79,74,2,1,2,529.031190591023,0.19916347477556,2,0.290053649525817,0,5.75
80,11,2,1,3,531.159103386839,0.198287265524868,1,0.269979560970569,1,1.25
81,23,2,2,3,533.282885649132,0.198245123196102,1,0.325994910142981,0,1.25
82,25,2,1,1,535.44678448179,0.199304241859409,1,0.29342269458084,1,3.75
83,42,2,1,2,537.59896130866,0.198552996319904,1,0.0179997494869895,1,9.5
84,102,2,2,2,539.455584034145,0.198768390444002,1,0.105416108670852,0,8.5
85,97,2,1,1,541.406651815398,0.198589285546859,1,0.140368780494555,1,3.75
86,89,2,1,1,543.39075888969,0.198631135220694,1,0.0927306824246443,1,3.25
87,119,2,2,3,545.327128363192,0.198739124937674,1,0.12750980979763,0,1.75
88,81,2,1,1,547.324334970641,0.198351942293357,1,0.0167542095505269,1,3.25
89,111,2,2,3,549.183521939765,0.199239857746306,1,0.0281033727910653,0,2.25
90,22,2,2,2,551.047275205795,0.198244830540716,2,0.178476859179227,1,11
91,71,2,2,3,553.114776680777,0.19889247618994,2,0.383449536902845,1,3.25
92,8,2,2,4,555.33596566805,0.198497391857927,2,0.133693611222952,1,20
93,99,2,1,3,557.326376532342,0.198664497897425,2,0.19157990419626,0,2.75
94,55,2,2,3,559.358106193986,0.198990808289636,1,0.221944329983671,0,3.75
95,21,2,2,1,561.423666195297,0.19844178739686,1,0.379545225742731,0,3.25
96,75,2,1,3,563.657126501906,0.198835408452851,1,0.162510184396069,1,5.25
97,32,2,2,4,565.66252832901,0.198274681356907,2,0.185178367406479,1,20
98,106,2,1,2,567.730018683099,0.19929575486276,1,0.08711170526567,1,10.5
99,15,2,2,3,569.669480057314,0.198296923141697,2,0.16215987628857,1,4.25
100,88,2,2,4,571.688577263277,0.198300727657625,2,0.153061523117231,1,20
101,19,2,1,3,573.696714829886,0.198898914601159,1,0.15267141392178,1,4.25
102,33,2,1,1,575.697472513837,0.199037047789261,1,0.269062672666678,1,3.75
103,28,2,1,4,577.832609207162,0.198342577331459,1,0.0720812340209704,1,20
104,70,2,2,2,579.75302693129,0.198342577331005,2,0.0550533919895315,1,10
105,68,2,1,4,581.655616401795,0.198533973740268,1,0.0675295698674745,1,20
106,17,2,1,1,583.57808534524,0.198618843708118,1,0.126612236727397,1,3.25
107,95,2,2,3,585.542782657964,0.198460809975586,1,0.232030101328746,0,3.75
108,14,2,2,2,587.61646676375,0.198304239518166,2,0.232358460306841,1,9.5
109,98,2,1,2,589.733696771898,0.198288143490117,1,0.127933281669812,1,9
110,57,2,1,1,591.711383286821,0.198291655350658,1,0.0980037413023638,1,3.25
111,47,2,2,3,593.647219542803,0.199011879454247,1,0.017703289910969,0,4.25
112,20,2,1,4,595.510298238919,0.198304824828483,1,0.12933890392469,1,20
113,90,2,1,2,597.488078110806,0.199473689139722,1,0.19841105861542,1,8
114,86,2,2,2,599.550169856997,0.198351064328108,1,0.607422844419943,0,8
115,115,2,1,3,602.016249964882,0.198210004588873,2,0.532751027804807,0,5.75
116,108,2,1,4,604.399472401457,0.198304239518166,1,0.0173957094425532,1,20
117,24,2,2,4,606.277678144988,0.198730637941026,2,0.138879458892461,1,20
118,52,2,1,4,608.284723815567,0.198313311825132,1,0.0178610309885698,1,20
119,77,2,2,1,610.151607612778,0.198373013457513,2,0.180443208529596,1,3.25
120,62,2,2,2,612.168689595996,0.198269413566322,2,0.326807320590888,1,9.5
121,238,1,2,2,953.03069015087,0.198280827113649,2,0.203726259821451,1,11.5
122,218,1,1,2,959.189422158437,0.198328822543317,1,1.20629401532096,1,9.5
123,128,1,2,4,962.254126729006,0.198537192946333,2,1.32368995888783,1,20
124,236,1,1,4,965.435977901031,0.19817956846282,1,1.25940212912383,1,20
125,191,1,2,3,968.572330576133,0.198679423305293,2,1.00597630898756,1,11.5
126,141,1,2,1,971.433451409895,0.198314189790381,2,0.44467268287417,1,11.5
127,230,1,2,2,973.734574444424,0.198567629072841,2,0.654621667244555,1,7.5
128,201,1,1,1,976.230632966071,0.199279951489643,1,0.227237874715684,1,9.5
129,194,1,1,2,978.303641038668,0.198724199529806,1,0.439439132429925,1,5.75
130,196,1,1,4,980.581159393993,0.19924395491671,1,0.277780281604464,1,20
131,190,1,2,2,982.720240492223,0.198302483588122,2,0.461808221968113,1,4.75
132,232,1,2,4,985.022766807765,0.198328822543317,2,0.609867099483836,1,20
133,125,1,2,1,987.500311970295,0.198314189789926,2,0.502167403376916,1,7.5
134,229,1,2,1,989.844987638251,0.198350186362404,2,0.404987193414399,1,5.75
135,203,1,1,3,992.093029483241,0.198324432717527,1,0.579240747417771,1,9.5
136,217,1,1,1,994.517103054382,0.198164350399111,1,0.806252399771438,1,4.75
137,216,1,2,4,997.164329620907,0.198295459866131,2,0.494644705050632,1,20
138,193,1,1,1,999.525298566693,0.198598650508757,2,0.409911992770049,0,4.25
139,237,1,2,1,1001.78032111284,0.198299264382058,2,1.23959172277819,1,6.5
140,140,1,1,4,1004.8599692361,0.198384134349908,1,0.374725196898453,1,20
141,174,1,2,2,1007.08561418932,0.198232831683526,2,0.424085569998624,1,4.25
142,124,1,1,4,1009.34956886057,0.198684105786924,2,0.557271132036476,0,20
143,171,1,1,3,1011.76464445922,0.198958908888471,1,0.590528745750817,1,7.5
144,173,1,2,1,1014.19593490415,0.199044656820661,1,0.374070527528147,0,5.75
145,179,1,1,3,1016.41148325779,0.198329993163497,1,0.439084434496635,1,5.75
146,155,1,1,3,1018.69329339957,0.19879326612454,1,0.451575830437832,1,4.75
147,199,1,2,3,1020.98807811081,0.198219662205702,1,0.398728472293897,0,4.25
148,186,1,1,2,1023.2519458635,0.198276437287404,1,0.153831205926053,1,3.25
149,209,1,1,1,1025.24473659874,0.198574360138537,1,0.315127164476962,1,8.5
150,228,1,1,4,1027.42105366357,0.19838237841941,2,0.630646779389735,0,20
151,156,1,1,4,1029.90046567273,0.198277022597722,1,0.266851371030498,1,20
152,187,1,1,3,1032.01985225602,0.198468711662372,1,0.387206935222366,1,6.5
153,175,1,2,3,1034.24357124629,0.198433885710074,1,0.470373064964861,0,5.75
154,150,1,2,2,1036.55469079237,0.198439738810976,1,0.413113053820325,0,2.75
155,153,1,1,1,1038.83526212528,0.198303068897985,1,0.206069548889445,1,7.5
156,206,1,2,2,1040.89233191064,0.19888925698433,1,0.524333097648196,0,4.25
157,192,1,2,4,1043.26047383196,0.198898621945773,2,0.357180526029879,1,20
158,204,1,1,4,1045.46100605445,0.19863259849626,1,0.301813407815644,1,20
159,163,1,1,3,1047.62346824341,0.198327944578068,1,0.231488982122301,1,8.5
160,138,1,1,2,1049.69971600753,0.199122210411588,1,0.163302108989683,1,6.5
161,131,1,1,3,1051.69903324327,0.198826043490953,1,0.14755024302076,1,7.5
162,183,1,2,3,1053.6831915322,0.198928765416895,1,0.252242030417619,0,7
163,202,1,1,2,1055.77070183366,0.198201517592224,1,0.120968676543725,1,5.75
164,130,1,1,2,1057.75676267313,0.198605381575362,1,0.202416335771431,1,5.25
165,166,1,2,2,1059.80504461234,0.198264731085146,1,0.168122137833507,0,4.75
166,189,1,2,1,1061.81985003184,0.198305410138346,1,0.227704952191743,0,7
167,122,1,1,2,1063.88205093837,0.199254197844311,1,0.0919530979294905,1,5.75
168,240,1,2,4,1065.81164632519,0.1988286773867,2,0.0947628791636816,1,20
169,169,1,1,1,1067.76354114964,0.198797363294943,1,0.15482418454576,1,9
170,134,1,2,2,1069.7561852647,0.198403156928634,1,0.602355522049947,0,5.25
171,168,1,2,4,1072.19353337672,0.198482466449605,2,0.169272564875882,1,20
172,207,1,2,3,1074.19385646791,0.198294874556268,2,0.432784449012161,1,9
173,142,1,2,2,1076.45744151581,0.198367453011087,2,0.446856767589907,1,6.5
174,164,1,1,4,1078.75854611307,0.198337894849828,1,0.394852256019476,1,20
175,223,1,2,3,1080.98965844813,0.198916181249388,2,0.360783695132795,1,8
176,145,1,1,1,1083.18569812279,0.198337894850283,1,0.361268917223242,1,8
177,176,1,2,4,1085.38607143359,0.198281412423512,2,0.196249800994337,1,20
178,214,1,2,2,1087.44375257536,0.198281705078898,2,0.663528916661107,1,5.75
179,208,1,2,4,1089.939307145,0.198637280976982,2,0.306587489815684,1,20
180,222,1,2,2,1092.08057613246,0.198905353011924,2,0.35778456607477,1,5.75
181,210,1,1,2,1117.62743693869,0.198355746809284,1,0.37890138460989,1,5.25
182,181,1,2,1,1120.12378606681,0.198900085220885,2,0.27629534982816,1,8
183,160,1,2,4,1122.2446821649,0.198856772271938,2,0.0406173031719845,1,20
184,225,1,1,1,1124.1425809601,0.198230197788234,1,0.268422050739446,1,7.5
185,215,1,2,3,1126.25189347824,0.198271169496365,2,0.207215878761417,1,8
186,143,1,2,3,1128.32368000862,0.1983206282016,2,0.164763335706084,1,7.5
187,226,1,1,2,1130.33058315618,0.199104943763359,1,0.500415277530919,1,5.25
188,167,1,2,3,1132.65746188461,0.198265901705327,2,0.144018481752482,1,7
189,195,1,1,3,1134.64401058007,0.198315653065492,1,0.112775505473564,1,6.5
190,154,1,1,2,1136.58689484787,0.198204444142903,1,0.106301682883895,1,5.25
191,147,1,1,3,1138.55458631451,0.198925838866671,1,0.075899504593508,1,6.5
192,213,1,2,1,1140.47466719267,0.198549191803977,2,0.319136831458763,1,7
193,159,1,2,3,1142.63590959534,0.198312726514814,2,0.344488368717521,1,6.5
194,182,1,2,2,1144.82617460035,0.198689080922577,2,0.233213598392922,1,5.25
195,135,1,2,3,1146.88970357554,0.198917644524954,2,0.270955272942047,1,5.75
196,129,1,1,1,1149.00361224141,0.198351356983039,1,0.497808891563182,1,6.5
197,231,1,2,3,1151.36291773583,0.198414570475961,2,0.376333043800059,1,5.75
198,121,1,1,1,1153.56933671487,0.198308044034093,1,0.459972982084764,1,6.5
199,144,1,2,4,1155.87480743297,0.198380622488912,2,0.368168552925908,1,20
200,137,1,1,1,1158.10187176324,0.198219954860633,1,0.270711198621484,1,6.5
201,132,1,1,4,1160.20884391886,0.198595138648216,2,0.378876216274421,0,20
202,139,1,1,3,1162.42761381941,0.199326190988813,1,0.448516121782177,1,5.75
203,188,1,1,4,1164.71573331164,0.198300435002693,1,0.44561678809896,1,20
204,172,1,1,4,1167.0008355302,0.198314482445312,1,0.270589454116362,1,20
205,151,1,2,3,1169.14185107838,0.198695226678865,2,0.301317064833711,1,5.25
206,200,1,2,4,1171.28297871344,0.198274096047044,1,0.583733002593817,0,20
207,158,1,2,2,1173.70505140194,0.198472223522913,2,0.903164245043627,1,5.25
208,180,1,1,4,1176.45122142516,0.198365697081044,2,0.707174321742968,0,20
209,133,1,2,1,1179.02721721327,0.198277022597722,1,0.285703917363662,0,5.75
210,212,1,1,4,1181.1556137679,0.198761659377851,1,0.269358254277449,1,20
211,235,1,1,3,1183.2682549447,0.198309507309204,1,0.376302900328483,1,4.75
212,165,1,2,1,1185.48894202854,0.198558264110943,2,0.0878462694672635,1,6.5
213,234,1,1,2,1187.41881338909,0.1983791592138,1,0.233961039416954,1,4.75
214,157,1,2,1,1189.50521657645,0.198593090063241,2,0.255308762794812,1,6.5
215,136,1,2,4,1191.60449570851,0.198586944306498,2,0.315325584607763,1,20
216,239,1,2,3,1193.76264182064,0.198669180378602,2,0.475467311600369,1,4.75
217,233,1,1,1,1196.07392964338,0.198606259540611,1,0.614234098294673,1,6.5
218,184,1,2,4,1198.53720640844,0.198973834296339,2,0.253820026502581,1,20
219,227,1,1,3,1200.63546973478,0.198481295829879,1,0.274348901021767,1,4.75
220,146,1,1,2,1202.75557420093,0.1990016365271,2,1.34184657148717,0,4.75
221,177,1,1,1,1205.93925680833,0.198330578473815,1,0.484608977721109,1,6.5
222,220,1,1,4,1208.29839022158,0.198302776243054,2,0.439880456261108,0,20
223,127,1,2,3,1210.57735400024,0.199184838594647,2,0.490620112660508,1,4.25
224,162,1,1,2,1212.90644637155,0.198323262096892,1,0.0959610089807938,1,5.25
225,224,1,2,4,1214.84352114374,0.198339358125395,2,0.410796981672775,1,20
226,221,1,2,1,1217.09167858748,0.199273220423038,2,0.23963884024306,1,5.75
227,148,1,1,4,1219.17018242946,0.198946032065578,1,0.107428990176231,1,20
228,197,1,2,1,1221.13954407853,0.198699031194792,2,0.382774674333632,1,5.75
229,205,1,2,1,1223.36305850292,0.198291362695272,1,0.337409335462326,0,5.75
230,161,1,1,1,1225.54002262809,0.217052893305208,2,0.24400964356937,0,6.5
231,170,1,1,2,1227.63410947406,0.19835691742901,1,0.122590863543337,1,5.25
232,152,1,2,4,1229.60315271443,0.198221710791131,2,0.396466833987233,1,20
233,149,1,2,1,1231.84436457563,0.198849455895925,1,0.664304159916355,0,6.5
234,178,1,1,2,1234.34665928396,0.198269706221254,1,0.238687711297189,1,4.75
235,211,1,1,3,1236.43446545968,0.198489490171596,2,0.490235563911028,0,4.25
236,185,1,1,1,1238.77884466806,0.198225222652127,1,0.529402761259007,1,7
237,123,1,1,3,1241.14794152284,0.198229027167599,1,0.0226269186464378,1,4.75
238,219,1,1,3,1243.01816451429,0.198669180378602,1,0.275979867673414,1,4.75
239,198,1,2,2,1245.13790403958,0.198623233533908,1,0.175646592090288,0,4.75
240,126,1,2,2,1247.15456898933,0.19890681628749,1,0.054736153903832,0,5.25
