PresOrder,TrialNumber,Illusory_Fragmented,Fat_Thin,StairNum,StimPresTime,StimPresLength,Response,ReationTime,Accuracy,StepLevel
1,36,1,1,4,279.525381318992,0.199240508032744,1,8.9857106526415,1,20
2,68,1,1,4,290.498117219649,0.198206566479712,1,0.409831838902392,1,20
3,69,1,2,1,292.882767767596,0.198197494250053,1,2.11527263075186,0,11.5
4,119,1,2,3,296.886478016962,0.198276510445794,1,0.0973666828504065,0,11.5
5,35,1,1,3,298.858646756928,0.198296703474625,1,0.562099852473693,1,16
6,74,1,1,2,301.302640516404,0.19832948056137,1,0.219624052646395,1,11.5
7,41,1,1,1,303.381692415704,0.199003166793773,1,0.162839795249965,1,16
8,82,1,1,2,305.417166005125,0.198570918939367,1,0.0173578096237179,1,9.5
9,15,1,2,3,307.286749774146,0.19930225772805,1,0.0561711502505204,0,15
10,37,1,2,1,309.198325090774,0.198670713465617,2,0.652657387825457,1,15
11,49,1,1,1,311.695837104893,0.198540775721995,2,0.0728040594422055,0,14
12,61,1,2,1,313.615732826927,0.198194275071728,1,0.0960374548485561,0,16
13,20,1,1,4,315.574117045227,0.198182861622627,2,0.0745705103945511,0,20
14,14,1,2,2,317.483574435159,0.19901253167518,1,0.281046268079081,0,7.5
15,27,1,1,3,319.616361444661,0.198985900291518,2,0.0351946915179724,0,17
16,45,1,2,1,321.503330239995,0.198920346114392,1,0.017332934154183,0,18
17,100,1,1,4,323.366368541487,0.198590819312813,2,0.0180385195180861,0,20
18,47,1,2,3,325.241885548845,0.198361672346437,1,5.25088812740614,0,19
19,110,1,2,2,332.340746808404,0.198285290021886,2,3.01292909818221,1,12
20,56,1,2,4,337.263059255416,0.198227637465607,1,0.241114701957486,0,20
21,70,1,2,2,339.389282360278,0.198299044694068,2,5.2922756400967,1,10.5
22,107,1,1,3,346.546460498779,0.199202463198162,1,0.301521705601772,1,19
23,96,1,2,4,348.759057377758,0.198393571477936,2,0.43077113075924,1,20
24,73,1,1,1,351.045884704836,0.198214175446992,1,1.39987053050027,1,19
25,54,1,2,2,354.327127342794,0.198238172959464,2,0.61565264012097,1,9.5
26,12,1,1,4,356.803867462331,0.198237295000581,1,0.261062194233091,1,20
27,91,1,1,3,358.925482459721,0.198221199108957,1,0.815961037405941,1,19
28,108,1,1,4,361.598190353527,0.198294654905112,1,0.488524946144025,1,20
29,90,1,1,2,363.930854975722,0.198974194187031,1,0.11948887642211,1,9
30,115,1,1,3,365.921306892758,0.198481074598021,1,0.109794467167376,1,19
31,118,1,2,2,367.877143570378,0.199056136911167,2,0.186168888047177,1,8.5
32,111,1,2,3,369.917250728047,0.199452388498685,2,0.248370729943417,1,19
33,87,1,2,3,372.013023039659,0.198584966261478,2,0.0905165639906045,1,19
34,88,1,2,4,373.974315053962,0.19853755654367,2,0.0864495711321069,1,20
35,43,1,1,3,375.91680355491,0.198406448189417,1,0.0891261715969449,1,18
36,60,1,1,4,377.852832042881,0.199001996183142,1,0.0177666452746053,1,20
37,33,1,1,1,379.708015256565,0.198359916430491,1,0.0177681085369841,1,19
38,34,1,1,2,381.572290307844,0.198495121921951,1,0.017605101051231,1,8
39,44,1,1,4,383.434927382654,0.19929728263196,1,0.0175854933295341,1,20
40,86,1,2,2,385.318577497768,0.199299038547906,2,0.096284453622502,1,7
41,31,1,2,3,387.261520780821,0.198852158062437,2,0.0176899702983064,1,18
42,6,1,2,2,389.122251224093,0.198285290021886,2,0.0174593600677326,1,7
43,71,1,2,3,390.974821342919,0.198270950048027,2,0.0176779715438897,1,18
44,53,1,2,1,392.848024346353,0.198313677323313,2,2.61907052956303,1,19
45,77,1,2,1,397.323509571641,0.198857718462023,2,0.213081511645214,1,18
46,10,1,1,2,399.412069460504,0.198905420833398,1,0.373786991651286,1,5.75
47,28,1,1,4,401.636281134943,0.198431031007203,1,0.168674702321368,1,20
48,26,1,1,2,403.642718906323,0.198827575248288,1,0.0175714460056042,1,5.25
49,104,1,2,4,405.536373057117,0.199031554093381,2,0.0174985755147645,1,20
50,32,1,2,4,407.398386781937,0.198975950104796,2,0.0173563463613391,1,20
51,113,1,1,1,409.25383689477,0.198944928930359,1,0.0583376572740235,1,18
52,19,1,1,3,411.14755894096,0.198174667350031,1,0.0174877473691595,1,18
53,64,1,2,4,413.00371873629,0.219152881998525,2,0.0179495531338034,1,20
54,16,1,2,4,414.888403085612,0.198178764485419,2,0.0563034292154043,1,20
55,63,1,2,3,416.793226321992,0.198345283801245,2,0.0174982828611974,1,18
56,80,1,2,4,418.663519188205,0.19882347811108,2,0.0174286315468635,1,20
57,25,1,1,1,420.531131064165,0.199123739654169,1,0.0173993662901921,1,18
58,102,1,2,2,422.386988842036,0.198786311233562,1,0.316491762854639,0,4.25
59,57,1,1,1,424.548166077997,0.199310159347078,1,0.0182340114388353,1,18
60,112,1,2,4,426.424627475219,0.198862693556293,2,0.017486869412096,1,20
61,3,1,1,3,439.176036085233,0.198482830512148,1,2.56032813377351,1,17
62,99,1,1,3,443.715800985712,0.198333577698577,1,2.18510070614138,1,17
63,59,1,1,3,447.769402353688,0.198411423283687,1,0.0171857299083058,1,17
64,46,1,2,2,449.651290407639,0.199128129444944,1,0.016699048674127,0,5.75
65,30,1,2,2,451.502304200063,0.199093303786867,1,0.177676402925499,0,7.5
66,40,1,2,4,453.514403335537,0.217613529444861,1,0.199779281427254,0,20
67,17,1,1,1,455.568598202937,0.198133695988872,1,0.0777174035520147,1,17
68,105,1,1,1,457.49293697639,0.198712270132091,1,0.0163794720610895,1,17
69,65,1,1,1,459.349247487797,0.198971267664092,1,2.48955303464754,1,17
70,95,1,2,3,463.673384506563,0.198384499246458,1,0.314567279510811,0,16
71,98,1,1,2,465.848180915482,0.198453565253658,1,0.0335016963617818,1,8.5
72,109,1,2,1,467.738373278948,0.198348210326003,1,0.0261912349978957,0,17
73,50,1,1,2,469.61892244736,0.198917419587815,1,2.24391480181112,1,8.5
74,55,1,2,3,473.706604378493,0.198404984927038,1,0.0937451072149997,0,17
75,62,1,2,2,475.690766899004,0.198426933869996,1,0.0165211159073806,0,8.5
76,52,1,1,4,477.558666159794,0.198335040962775,1,0.0171166639011062,1,20
77,22,1,2,2,479.415536222927,0.199084231557208,1,0.0163736190079362,0,9
78,117,1,2,1,481.267046061468,0.19908013442182,1,0.0168377659938415,0,18
79,9,1,1,1,483.118024442929,0.199050869163329,1,0.129054225890286,1,18
80,1,1,1,1,485.080000971608,0.199034773271705,1,0.0162188057947787,1,18
81,76,1,1,4,486.932438518816,0.198330651172,1,0.0164760474126524,1,20
82,89,1,1,1,488.812578851579,0.198935564048952,1,0.559482367829332,1,18
83,114,1,1,2,491.218009488382,0.19829231368567,1,0.559089335418321,1,10.5
84,4,1,1,4,493.64755264893,0.198233490516941,1,0.314168979353781,1,20
85,42,1,1,2,495.810888490296,0.198772849214947,1,0.567915151823399,1,10
86,7,1,2,3,498.216362439682,0.198238758264779,1,0.567084018504829,0,18
87,39,1,2,3,500.632188973963,0.19831543323744,1,0.822430707918102,0,18
88,120,1,2,4,503.30405315039,0.218634886938162,1,0.586593117221128,0,20
89,101,1,2,1,505.752817732171,0.198274754529848,1,0.545812565975211,0,18
90,11,1,1,3,508.14317120088,0.199222070919859,1,0.34516469170012,1,19
91,93,1,2,1,510.328071440006,0.198679493043528,1,0.427428453029279,0,19
92,83,1,1,3,512.601186530606,0.198360209082239,1,0.516707974577002,1,19
93,67,1,1,3,514.983676717235,0.198258658638224,1,4.53703942703396,1,19
94,94,1,2,2,521.377536163811,0.198219735844759,1,0.3275926603892,0,9.5
95,79,1,2,3,523.603875422481,0.198930003649366,1,0.212540104377695,0,19
96,23,1,2,3,525.689521369637,0.198710806869713,1,5.18884226933369,0,19
97,2,1,1,2,532.7211890123,0.198402643705776,1,0.345324480007548,1,10.5
98,116,1,1,4,534.970778640225,0.199014287591126,1,0.463894427337436,1,20
99,5,1,2,1,537.29507222812,0.199394735940587,1,4.72259754915103,0,19
100,51,1,1,3,543.872998146631,0.198336796875083,1,1.68399755225255,1,19
101,21,1,2,1,547.447011885499,0.199195439536197,2,2.81966426311192,1,19
102,78,1,2,2,552.128654169817,0.198377182930926,2,2.72699699533587,1,10
103,8,1,2,4,556.754861910418,0.199138372283414,2,1.60435273883377,1,20
104,48,1,2,4,560.223138810092,0.198300800608195,2,0.615815062301408,1,20
105,24,1,2,4,562.704903189064,0.198941709752035,2,0.380434594930193,1,20
106,81,1,1,1,564.928150573263,0.198371915184907,1,0.599483292611694,1,19
107,13,1,2,1,567.385060261555,0.198315433239259,2,0.274136155439919,1,19
108,38,1,2,2,569.514664381635,0.198381865373449,2,1.06499842991798,1,10
109,106,1,1,2,572.416093726086,0.198347039715372,1,0.0810653490279947,1,10
110,72,1,2,4,574.354052550452,0.199040918976607,2,0.138324874211321,1,20
111,92,1,1,4,576.351956572698,0.198570918939367,1,0.016785088531833,1,20
112,58,1,1,2,578.222826842446,0.198853328674886,1,0.360983441423741,1,9
113,103,1,2,3,580.422820052907,0.199068720970899,2,0.0169094658776885,1,19
114,84,1,1,4,582.288889357133,0.19876728881718,1,4.41220525129938,1,20
115,85,1,2,1,588.569924797068,0.198326554036612,2,0.392084508699554,1,19
116,97,1,1,1,590.858423755664,0.199357861716635,1,0.0541822833401966,1,19
117,75,1,1,3,592.762481412903,0.198208322395658,1,0.687099962218781,1,19
118,66,1,1,2,595.312487690302,0.198296996126373,1,0.14925105815928,1,9
119,18,1,1,2,597.311186264293,0.199254848008422,1,0.0207718945839588,1,9
120,29,1,2,1,599.167918488063,0.198881715974494,2,0.099371060347039,1,19
121,222,2,2,2,788.11526355852,0.199320694839116,2,1.62523701200553,1,11.5
122,238,2,2,2,793.737218471881,0.198944636278611,2,0.753159257728839,1,9.5
123,138,2,1,2,796.372708859559,0.198386840465901,1,0.0391092123809358,1,7.5
124,142,2,2,2,798.258023875183,0.198960732170235,2,0.0731561204920581,1,5.75
125,170,2,1,2,800.171673220621,0.199240800686312,1,0.0704537665988028,1,4.75
126,207,2,2,3,802.07318772697,0.19901897003183,2,0.0983148771974811,1,11.5
127,178,2,1,2,804.000171787062,0.19901487289826,1,0.131439344388127,1,4.25
128,158,2,2,2,805.993715871222,0.198315433239259,2,0.0866927654242318,1,3.25
129,190,2,2,2,807.919294028337,0.198495707227266,2,0.169849409763629,1,2.75
130,159,2,2,3,809.928663007924,0.198363428260564,2,0.0414916970075865,1,9.5
131,195,2,1,3,811.80710098065,0.198700564029423,1,0.0168202068398386,1,7.5
132,183,2,2,3,813.661828241618,0.198315433239259,2,0.0167335816786363,1,5.75
133,128,2,2,4,815.515546436502,0.198307238966663,2,0.0164810225032852,1,20
134,226,2,1,2,817.36435743298,0.198447712202324,1,0.332196378072695,1,2.25
135,230,2,2,2,819.559954123783,0.198239050916527,2,0.0167967946345016,1,1.75
136,215,2,2,3,821.413314111913,0.198652569006299,2,0.102380699447167,1,4.75
137,219,2,1,3,823.349026827755,0.198905713486965,2,0.792852019347265,0,4.25
138,127,2,2,3,825.992169202354,0.198239928873591,2,0.167070673547641,1,6.5
139,213,2,2,1,828.007058487496,0.19836635478714,2,0.370927775978998,1,11.5
140,121,2,1,1,830.202201566804,0.199414343664102,1,0.0163832765447296,1,9.5
141,131,2,1,3,832.057152999645,0.198991753342852,1,0.146403841241408,1,5.75
142,214,2,2,2,834.025897119158,0.198277973708173,1,1.29768444501678,0,1.75
143,211,2,1,3,837.178036658248,0.198241099484221,1,0.491361627569859,1,5.25
144,231,2,2,3,839.516256411653,0.199353179275931,1,0.624774035628434,0,4.75
145,167,2,2,3,841.979327314641,0.198961024821983,2,0.341632082447177,1,5.75
146,203,2,1,3,844.169484764654,0.199039163060661,1,0.63848276027602,1,5.25
147,181,2,2,1,846.644451702228,0.198860352335032,2,0.685629968325884,1,7.5
148,172,2,1,4,849.170595673835,0.198429860396573,1,0.312254738850243,1,20
149,180,2,1,4,851.33096811521,0.19871490400692,1,0.650209641673428,1,20
150,124,2,1,4,853.837656250869,0.198361672346437,1,0.525649388750026,1,20
151,168,2,2,4,856.210069823979,0.198343235233551,2,0.11921056382198,1,20
152,154,2,1,2,858.170952709977,0.199363422116221,1,0.35921494190552,1,2.75
153,185,2,1,1,860.362387588488,0.198878789449736,1,0.472954951110296,1,5.75
154,150,2,2,2,862.675134568972,0.198228222770922,2,1.32116483919708,1,2.25
155,240,2,2,4,865.84903370509,0.198379816805755,2,0.78135077308616,1,20
156,137,2,1,1,868.473672242577,0.198306068356032,1,0.652820687962958,1,4.75
157,228,2,1,4,870.963663085477,0.199247239042961,1,0.4798864273871,1,20
158,184,2,2,4,873.272361510217,0.198500974971466,2,0.41277007077224,1,20
159,235,2,1,3,875.519390428095,0.198230856643931,1,0.271405121595308,1,5.25
160,198,2,2,2,877.627502728254,0.198796261422103,1,0.707542915304657,0,2.25
161,191,2,2,3,880.184001503065,0.198373671100853,1,1.68428201055758,0,5.25
162,129,2,1,1,883.728527860965,0.198288801853778,1,0.490638190400205,1,4.25
163,208,2,2,4,886.064156761109,0.199313671177151,2,0.532038872457633,1,20
164,134,2,2,2,888.424334529989,0.198301678567077,2,0.90339479915383,1,2.75
165,196,2,1,4,891.160677970665,0.199109399678491,1,0.783173998637722,1,20
166,229,2,2,1,893.78722343234,0.198291435726787,1,0.61614166257641,0,3.25
167,186,2,1,2,896.255349323284,0.198384499246458,1,0.574153041494355,1,2.75
168,157,2,2,1,898.675046480546,0.198793334897346,2,0.973081816002377,1,5.25
169,161,2,1,1,901.490327978669,0.198356697252166,1,0.484618912205406,1,4.25
170,123,2,1,3,903.808295588467,0.19893966118434,1,0.591452027949344,1,5.75
171,217,2,1,1,906.25001046233,0.198368403354834,1,0.554024982580813,1,3.75
172,164,2,1,4,908.634490686478,0.198335918919838,1,0.783019770729879,1,20
173,205,2,2,1,911.256115780383,0.198392693519054,1,0.518074662111758,0,3.75
174,169,2,1,1,913.60901937682,0.198536385933039,1,0.749251760524203,1,4.75
175,175,2,2,3,916.220963816144,0.198453857907225,2,0.927885722680003,1,5.75
176,166,2,2,2,918.984445515553,0.19834089401229,2,0.497262674125523,1,2.25
177,239,2,2,3,921.319190312264,0.19829231368567,2,0.42783172828058,1,5.25
178,135,2,2,3,923.584104107058,0.217663865689246,2,0.496329112405874,1,5.25
179,237,2,2,1,925.935023226371,0.198392986170802,2,0.307090884134595,1,4.25
180,126,2,2,2,928.089606414476,0.198350551547264,2,0.701366190023691,1,2.25
181,152,2,2,4,940.478014328855,0.199018970033649,2,0.369403641359895,1,20
182,149,2,2,1,942.800728470795,0.198358160514545,2,0.0189390114956041,1,4.25
183,212,2,1,4,944.67240851022,0.198324505467099,1,0.142367869557347,1,20
184,155,2,1,3,946.657217207621,0.198836062172632,1,0.206932881010289,1,5.25
185,122,2,1,2,948.703479726932,0.198335040962775,1,0.301099700585837,1,2.25
186,145,2,1,1,950.848308219352,0.199078085854126,1,0.125986641580312,1,3.75
187,204,2,1,4,952.807368757758,0.19845444321254,1,0.0164549764249386,1,20
188,173,2,2,1,954.662948223029,0.198517363516657,1,0.228398069546529,0,3.75
189,151,2,2,3,956.743729113752,0.198394742086748,2,0.571865083651574,1,5.25
190,189,2,2,1,959.151103548969,0.198247245187304,2,0.35527349700169,1,4.25
191,188,2,1,4,961.352538073368,0.198286167980768,1,0.0673598435605527,1,20
192,162,2,1,2,963.263948041291,0.198802699778753,1,0.127398397609795,1,2.25
193,182,2,2,2,965.225486176409,0.199025408390298,1,0.208731231092315,0,1.75
194,148,2,1,4,967.272151678319,0.198263926384243,1,0.102565070568744,1,20
195,171,2,1,3,969.21417369106,0.198472880325426,1,0.261550924036783,1,4.75
196,179,2,1,3,971.326456583089,0.198766996165432,1,0.0165395530202659,1,4.75
197,143,2,2,3,973.179707704459,0.217112800886753,1,0.728505034063346,0,4.75
198,174,2,2,2,975.759623075188,0.199017214117703,1,0.234078163406593,0,2.25
199,146,2,1,2,977.831433579133,0.199030968788065,1,0.0475259004833788,1,2.75
200,209,2,1,1,979.711543183375,0.19883635482438,1,0.0165726227605774,1,4.25
201,163,2,1,3,981.564364690765,0.199047064679689,1,0.0166961221493693,1,5.25
202,201,2,1,1,983.412573700894,0.199269187985919,1,0.016577305201281,1,4.25
203,220,2,1,4,985.282279506038,0.199131641275017,1,0.0164333201355475,1,20
204,132,2,1,4,987.129621386583,0.198871180480637,1,0.016240754739556,1,20
205,156,2,1,4,988.979182744268,0.199168222845401,1,2.52320398382108,1,20
206,130,2,1,2,993.336105631191,0.198390937603108,1,0.159812889649402,1,2.25
207,165,2,2,1,995.376765902229,0.198304312440087,1,0.315725891061447,0,3.75
208,177,2,1,1,997.5275232432,0.198508291286998,1,0.0213214961222548,1,4.25
209,193,2,1,1,999.383402092057,0.199065209140826,1,0.0170824235501641,1,4.25
210,234,2,1,2,1001.22981363006,0.198929710997618,1,0.0163721557473764,1,2.25
211,224,2,2,4,1003.07965593422,0.198671298770932,2,0.187402711308096,1,20
212,236,2,1,4,1005.12016578183,0.198309287534357,1,0.0695758088695584,1,20
213,147,2,1,3,1007.03094391284,0.199293478150139,1,0.0163832765429106,1,4.75
214,125,2,2,1,1008.87958517083,0.198900445739127,1,2.8315403973229,0,4.25
215,194,2,1,2,1013.54513390465,0.198359038473427,1,0.179157810267498,1,2.25
216,232,2,2,4,1015.60781423351,0.198287045937832,2,0.0666835234551399,1,20
217,210,2,1,2,1017.51193627432,0.198649642481541,1,0.166463126799499,1,2.25
218,176,2,2,4,1019.51198339138,0.198906591444029,2,0.0623543138899549,1,20
219,192,2,2,4,1021.40734780383,0.199045308763743,2,0.162438861219925,1,20
220,223,2,2,3,1023.40727200682,0.199355520497193,2,0.142810067600294,1,4.75
221,141,2,2,1,1025.4076108985,0.199095645008128,2,0.12248944329076,1,4.25
222,225,2,1,1,1027.36725674206,0.198357575211048,2,0.360539780118415,0,4.25
223,133,2,2,1,1029.55923917354,0.199293770801887,2,0.052673659307402,1,4.25
224,221,2,2,1,1031.44725390918,0.199311915263024,2,0.0165395530202659,1,4.25
225,216,2,2,4,1033.29487439498,0.198510339852874,2,0.023758706778608,1,20
226,199,2,2,3,1035.1692746401,0.198498633750205,2,1.78852105386613,1,4.75
227,136,2,2,4,1038.80182328408,0.198510047201125,2,0.0167590424516675,1,20
228,139,2,1,3,1040.67876316827,0.198989704773339,2,0.0164134197584644,0,4.75
229,218,2,1,2,1042.52788905892,0.198729243982598,2,0.0222533019259572,0,2.25
230,206,2,2,2,1044.38336843701,0.198662226543092,2,1.41127929854702,1,2.25
231,140,2,1,4,1047.65536559477,0.198490439479428,1,0.416458078541837,1,20
232,227,2,1,3,1049.92781636402,0.19936751924979,1,0.082931594508409,1,4.75
233,197,2,2,1,1051.84755668754,0.19915417552329,2,1.8168524571538,1,4.25
234,233,2,1,1,1055.51345192201,0.198818210365062,1,0.194890227483484,1,4.25
235,187,2,1,3,1057.56003518855,0.198406448189417,1,0.357412494686287,1,4.75
236,144,2,2,4,1059.75236909577,0.19891420040949,2,0.102152137782468,1,20
237,153,2,1,1,1061.6952354112,0.199017506769451,2,1.82395016009468,0,4.25
238,200,2,2,4,1065.37033778838,0.19831016549324,2,0.0442107320977811,1,20
239,160,2,2,4,1067.27101911285,0.198764362290603,2,0.0166305679704237,1,20
240,202,2,1,2,1069.12651429418,0.199093889092183,2,0.775171999235681,0,2.25
