PresOrder,TrialNumber,Illusory_Fragmented,Fat_Thin,StairNum,StimPresTime,StimPresLength,Response,ReationTime,Accuracy,StepLevel
1,19,2,1,3,397.4904854536,0.198964247031654,1,0.278965277166208,1,8.5
2,64,2,2,4,399.543398933168,0.19849922344838,2,0.693528387655533,1,15
3,119,2,2,3,401.990070619787,0.19920012431885,2,0.475365895129471,1,7
4,75,2,1,3,404.205830149039,0.19900199910353,1,0.450735448404885,1,5.75
5,3,2,1,3,406.401558546001,0.198292026030686,1,0.443410083197705,1,4.75
6,94,2,2,2,408.60664184785,0.198968929459625,2,0.241869915725147,1,8.5
7,105,2,1,1,410.590348755982,0.199060529447706,1,0.386001180556377,1,8.5
8,86,2,2,2,412.719436844442,0.199342938358313,2,0.270366291672872,1,7
9,22,2,2,2,414.739541724965,0.199414930681087,2,0.44453884088216,1,5.75
10,9,2,1,1,416.922068895483,0.198968636807876,1,0.326872363756593,1,7
11,59,2,1,3,418.985964130849,0.198299927627886,1,0.372636654452435,1,3.75
12,14,2,2,2,421.096760023541,0.198303439447955,2,0.311655352264097,1,4.75
13,90,2,1,2,423.151506673484,0.19842020748456,1,0.325692684672504,1,3.75
14,110,2,2,2,425.216894432623,0.198284709737891,2,0.283094592937232,1,3.25
15,29,2,2,1,427.240928455141,0.198707298822228,2,0.351923058350621,1,5.75
16,51,2,1,3,429.327062294723,0.198930592084253,1,0.294531129509778,1,3.25
17,97,2,1,1,431.367934326613,0.198452691824968,1,0.365478978680585,1,4.75
18,69,2,2,1,433.473658857646,0.199035654051841,1,0.390142202397328,0,3.75
19,63,2,2,3,435.600226922144,0.198394454133449,2,0.364096784606772,1,2.75
20,27,2,1,3,437.703589461144,0.19825749312804,1,0.264200997884473,1,2.25
21,109,2,2,1,439.70739481146,0.198247250317763,2,0.237514672825455,1,5.75
22,84,2,1,4,441.680549576518,0.198287343602715,1,0.313123293291028,1,15
23,5,2,2,1,443.735917526063,0.198728369746277,2,0.279142624108317,1,5.25
24,91,2,1,3,445.752434203846,0.198339142957593,1,0.32626862325742,1,1.75
25,58,2,1,2,447.815434510252,0.198363140399124,1,0.395593425989318,1,2.75
26,49,2,1,1,449.950298665713,0.198722809363062,1,0.262472596824409,1,4.75
27,80,2,2,4,451.950263547506,0.199478143453234,2,0.245643074353211,1,15
28,15,2,2,3,453.934829388437,0.198884938416086,2,0.47110722729758,1,1.75
29,114,2,1,2,456.143183073259,0.198334460529622,1,0.63083653616286,1,2.25
30,99,2,1,3,458.51854168136,0.198253688656223,1,0.768225690665531,1,1.25
31,37,2,2,1,461.023896768862,0.198254859262306,2,0.424253979551395,1,4.25
32,85,2,2,1,463.183206122509,0.198321583854522,2,0.581383955837737,1,4.25
33,100,2,1,4,465.502323215681,0.198568289254581,1,0.400724488597916,1,15
34,117,2,2,1,467.64032606084,0.198244323800282,2,0.35984631102292,1,3.75
35,35,2,1,3,469.735521860937,0.198625941643513,1,0.399869945576029,1,1.25
36,101,2,2,1,471.871814156793,0.199376008002218,2,0.486481100113451,1,3.75
37,8,2,2,4,474.094913098535,0.198572093726398,2,0.248988961469877,1,15
38,103,2,2,3,476.08772762085,0.199275628461692,2,0.319598505252543,1,1.25
39,98,2,1,2,478.142168449745,0.198249591531749,2,1.31915133342409,0,1.75
40,95,2,2,3,481.206909155931,0.198285002389639,1,0.244484758844919,0,0.75
41,33,2,1,1,483.197780178172,0.198296415806908,1,0.325186982499872,1,3.25
42,79,2,2,3,485.263168815267,0.198238470766228,2,1.07460248385178,1,1.25
43,12,2,1,4,488.077544804247,0.198404696942816,1,0.466241892449943,1,15
44,61,2,2,1,490.285988333147,0.199333280851533,1,0.464330584066374,0,2.75
45,53,2,2,1,492.487286477647,0.19966573320562,2,0.566512858677925,1,3.75
46,47,2,2,3,494.790569942152,0.198763780603258,2,0.709462688515487,1,1.25
47,65,2,1,1,497.246715935559,0.198323339765011,1,0.259511839371953,1,3.75
48,106,2,1,2,499.252326069035,0.199083648933993,1,1.00303831015844,1,2.75
49,57,2,1,1,501.99690198889,0.198773730762696,1,0.541615513584475,1,3.25
50,34,2,1,2,504.284746319247,0.199065504527425,1,0.2737859270228,1,2.25
51,116,2,1,4,506.300562388811,0.198650231736792,1,0.185960853150391,1,15
52,7,2,2,3,508.22809187274,0.19856038765829,1,0.405001008185536,0,1.25
53,10,2,1,2,510.379479729625,0.198951077703896,1,0.430395568550921,1,2.25
54,38,2,2,2,512.555847166736,0.199169103235363,1,0.470829500814943,0,2.25
55,113,2,1,1,514.780630026477,0.198838114140926,2,0.566668256740741,0,3.25
56,82,2,1,2,517.09306968535,0.198313096954735,1,0.378014129810254,1,2.75
57,39,2,2,3,519.221600564935,0.198158284194506,1,0.506462188958722,0,1.25
58,43,2,1,3,521.469948033834,0.199120815702372,1,0.425438926366041,1,1.75
59,17,2,1,1,523.63620874379,0.198916837453908,1,0.315755402862123,1,3.75
60,13,2,2,1,525.691948068367,0.19837191995066,1,0.250037825234358,0,3.75
61,2,2,1,2,542.965400372429,0.198376309725973,1,0.224183801668914,1,2.25
62,23,2,2,3,544.931710599055,0.198316316123055,1,0.137397934054206,0,1.75
63,24,2,2,4,546.811850697287,0.198273296320622,2,0.0619198362555835,1,15
64,62,2,2,2,548.612501320591,0.198562143568779,2,0.0940731880982639,1,2.25
65,73,2,1,1,550.450763250319,0.199332402895379,1,0.243092614612578,1,4.25
66,4,2,1,4,552.436500283433,0.198535512261515,1,0.0739472366512928,1,15
67,67,2,1,3,554.251297983542,0.19963354151605,1,0.162155976929171,1,2.25
68,42,2,1,2,556.156172127206,0.198383918671425,1,0.120302683821137,1,2.25
69,71,2,2,3,558.027218073234,0.198309585133757,1,0.365927321115123,0,2.25
70,41,2,1,1,560.139449715265,0.198307829224177,1,0.104956612919523,1,3.75
71,50,2,1,2,561.99446741923,0.198819969734359,2,0.127218043968242,0,2.25
72,54,2,2,2,563.866752452641,0.19899058568717,2,0.36380881531386,1,2.75
73,107,2,1,3,565.971541668776,0.198489858593348,1,0.175800278077077,1,2.75
74,72,2,2,4,567.899831169223,0.199074284078961,2,0.0264211825997336,1,15
75,96,2,2,4,569.66613823521,0.199289675744694,2,0.0915631142943312,1,15
76,92,2,1,4,571.493272083279,0.198993512204652,1,0.122981617667392,1,15
77,66,2,1,2,573.360798599721,0.199432197133319,1,0.207886905328451,1,2.25
78,74,2,1,2,575.309933974846,0.198478445176988,1,0.0986385549331317,1,2.25
79,89,2,1,1,577.149713303743,0.19893264064558,1,0.112936347372852,1,3.75
80,68,2,1,4,579.003738918377,0.198268613892651,1,0.110853252428569,1,15
81,118,2,2,2,580.869300278517,0.198276222837194,1,0.012287567774365,0,2.25
82,11,2,1,3,582.635622855046,0.198200133390856,1,0.163360531409126,1,2.75
83,16,2,2,4,584.539945350218,0.198463227286993,2,0.153391350560923,1,15
84,30,2,2,2,586.443559628227,0.198263346162094,2,0.101581753282517,1,2.75
85,120,2,2,4,588.290369622049,0.198402063077992,2,0.0759249769753296,1,15
86,36,2,1,4,590.115275805224,0.199306942196017,1,0.0417207218779367,1,15
87,20,2,1,4,591.899811561558,0.199144813143903,1,0.249825945389603,1,15
88,83,2,1,3,593.896484404151,0.199223243804227,1,0.347544988617301,1,2.25
89,108,2,1,4,595.988185650057,0.198588482223386,1,0.0957366204756909,1,15
90,1,2,1,1,597.835670206095,0.198347044554794,1,0.286100711407016,1,3.75
91,32,2,2,4,599.876614522959,0.198265394724331,2,0.108800593263368,1,15
92,115,2,1,3,601.733804287992,0.198853917333508,1,0.0726188904927767,1,2.25
93,111,2,2,3,603.546562790914,0.1987102253388,2,0.338127163610807,1,2.25
94,93,2,2,1,605.628492395884,0.198280612613416,2,0.390978601013558,1,3.75
95,55,2,2,3,607.763707440758,0.198816457912471,2,0.46532559991374,1,2.25
96,77,2,2,1,609.971102691196,0.19874885536592,2,0.601141751420982,1,3.25
97,112,2,2,4,612.323030431975,0.199453268056459,2,0.226238802048101,1,15
98,52,2,1,4,614.298500364791,0.199052920503163,1,0.0749797119196955,1,15
99,76,2,1,4,616.114649237891,0.19913574093971,1,0.218877148027786,1,15
100,44,2,1,4,618.074042641112,0.198376017075134,1,0.157020231890783,1,15
101,6,2,2,2,619.978917955383,0.198410842628618,2,0.297273861430767,1,2.25
102,70,2,2,2,622.01910225573,0.198500394055372,1,0.279326116737138,0,2.25
103,48,2,2,4,624.043357230297,0.198610138450931,2,0.0383956130344814,1,15
104,40,2,2,4,625.826748133101,0.198254859262306,2,0.343340461354273,1,15
105,81,2,1,1,627.915105540454,0.198922397835304,1,0.187051273459474,1,3.25
106,46,2,2,2,629.844345866339,0.198843381872393,1,0.278590682964023,0,2.75
107,28,2,1,4,631.861004480205,0.199089794619795,1,0.125945886940826,1,15
108,18,2,1,2,633.724908553654,0.199353766471177,1,0.090770613436689,1,3.25
109,25,2,1,1,635.563362170258,0.199109694936851,1,0.0173723914122093,1,3.25
110,26,2,1,2,637.323782839547,0.198320120596691,1,0.139835430231869,1,3.25
111,104,2,2,4,639.204298117284,0.19823173977602,2,0.176571122708992,1,15
112,21,2,2,1,641.130266596938,0.199126668736426,2,0.395148595374849,1,3.25
113,60,2,1,4,643.268880206238,0.198625648991765,1,0.349610817110261,1,15
114,87,2,2,3,645.371704851375,0.198300220278725,1,0.521957804890008,0,1.75
115,31,2,2,3,647.643741013763,0.198418158922323,1,0.287452762354405,0,2.25
116,88,2,2,4,649.674935053267,0.19860545602296,2,0.301826351589625,1,15
117,78,2,2,2,651.722362483689,0.199226755625205,2,0.587758202954319,1,2.75
118,45,2,2,1,654.058066198405,0.199166469370539,1,0.278585415233465,0,3.25
119,102,2,2,2,656.076396438897,0.198482249648805,1,1.31063048593933,0,2.75
120,56,2,2,4,659.123811870598,0.198236422203991,2,0.0764099008765697,1,15
121,220,1,1,4,973.290680125524,0.198781925009825,2,0.987978745290093,0,15
122,176,1,2,4,976.035392421081,0.199334451458526,2,0.381410353023057,1,15
123,154,1,1,2,978.158492855348,0.198282368523905,1,0.345722353704332,1,8.5
124,226,1,1,2,980.250081430341,0.198810897530166,2,0.749758781819764,0,7
125,189,1,2,1,982.739162448336,0.198255737216641,2,0.274649249597132,1,8.5
126,219,1,1,3,984.762888015942,0.19844596083567,1,0.074068394463211,1,8.5
127,123,1,1,3,986.575974874094,0.198331241360393,1,0.249391942887996,1,7
128,214,1,2,2,988.567610009976,0.199031849579114,2,0.168822583113979,1,10.5
129,136,1,2,4,990.471806664909,0.198676863043147,2,0.213438508459149,1,15
130,222,1,2,2,992.433579326615,0.199360497461385,2,0.293478461271661,1,9.5
131,124,1,1,4,994.465821937231,0.199426929401852,1,0.284187647112049,1,15
132,177,1,1,1,996.488144532491,0.198492199807333,1,0.468463411657467,1,7
133,161,1,1,1,998.705360004051,0.198311926347742,1,0.3722073343788,1,5.75
134,205,1,2,1,1000.82416635963,0.198269491847896,1,0.895514556350463,0,4.75
135,170,1,1,2,1003.46387024291,0.198535512261515,1,0.286400679420694,1,9
136,132,1,1,4,1005.4887918781,0.198303732099703,1,0.725230763197942,1,15
137,141,1,2,1,1007.95919908248,0.198275930186355,2,0.226527649295349,1,7.5
138,147,1,1,3,1009.92722454084,0.198527318014385,2,0.731935121454626,0,5.75
139,173,1,2,1,1012.39939409388,0.199399420139343,2,0.903858642195701,1,6.5
140,225,1,1,1,1015.03946554772,0.19914861761572,1,0.102980043201569,1,5.75
141,210,1,1,2,1016.88625447062,0.198515611945368,1,0.86946065165921,1,8.5
142,166,1,2,2,1019.50337968839,0.198248713576504,2,0.260944369541903,1,8
143,153,1,1,1,1021.5106807635,0.19824461645203,1,0.524610985385152,1,5.25
144,172,1,1,4,1023.77502545338,0.198353482891434,1,0.874230582046039,1,15
145,138,1,1,2,1026.39081296014,0.198247250317763,1,0.505703928351977,1,7.5
146,137,1,1,1,1028.63893157539,0.198274759579363,1,0.375747834888898,1,5.25
147,198,1,2,2,1030.7597332304,0.198392405570303,2,0.306707782282501,1,6.5
148,238,1,2,2,1032.80562775111,0.198502149965861,2,0.440912300766286,1,6.5
149,216,1,2,4,1034.99090438454,0.199225585018212,2,0.513503389346624,1,15
150,236,1,1,4,1037.24580812992,0.19838801579499,1,0.639746610434486,1,15
151,156,1,1,4,1039.62460246922,0.198259541689367,1,0.632460167906174,1,15
152,181,1,2,1,1041.99832661746,0.199254557538552,2,0.361344102526346,1,4.75
153,186,1,1,2,1044.0944817299,0.198270955107546,1,0.221801909317946,1,5.25
154,213,1,2,1,1046.05458188702,0.198241982587206,1,0.431276157576576,0,4.75
155,159,1,2,3,1048.2310362417,0.198974197191092,2,0.448187915181734,1,9
156,235,1,1,3,1050.41462690856,0.199130473209152,1,0.312635735526783,1,8
157,135,1,2,3,1052.46257994148,0.199023070027579,2,0.27123195546028,1,7.5
158,180,1,1,4,1054.47064308167,0.199333280851533,1,0.55796684314555,1,15
159,212,1,1,4,1056.77439537423,0.198246079710771,1,0.730904694747551,1,15
160,122,1,1,2,1059.24574725837,0.198393576178205,1,0.52019779744478,1,4.75
161,133,1,2,1,1061.5017224017,0.198272125713629,2,0.269575546724809,1,5.25
162,167,1,2,3,1063.51838540534,0.198505954438588,2,1.0689923503769,1,7
163,152,1,2,4,1066.3342629903,0.19822998386644,2,0.444579812123266,1,15
164,134,1,2,2,1068.52550269518,0.198277393445096,2,0.34909370152036,1,3.75
165,151,1,2,3,1070.614731912,0.199072235516724,2,0.296147152308549,1,6.5
166,171,1,1,3,1072.64522300207,0.198617162091978,1,0.296454143963274,1,5.75
167,191,1,2,3,1074.6775261916,0.199215634859684,2,0.430981164642617,1,5.75
168,157,1,2,1,1076.8454535531,0.198408794067291,2,0.312643637123074,1,5.25
169,127,1,2,3,1078.89381044538,0.198291148075441,2,0.174986120992799,1,5.25
170,162,1,1,2,1080.80651448582,0.198352604937099,2,1.17814149183869,0,3.25
171,145,1,1,1,1083.72616754135,0.198277100792438,1,0.317863080551433,1,5.25
172,179,1,1,3,1085.78350942675,0.198297293762153,1,0.475105142446409,1,4.25
173,174,1,2,2,1088.00559550089,0.198222374920988,2,0.242288700336758,1,4.75
174,199,1,2,3,1089.98929070295,0.198608967843938,1,0.539180651273455,0,3.75
175,215,1,2,3,1092.27044881946,0.199007852138493,2,0.279568432361884,1,5.25
176,150,1,2,2,1094.29296632076,0.199325964558739,2,0.518552216821263,1,4.25
177,164,1,1,4,1096.55156274555,0.198842211264491,1,0.308516077261629,1,15
178,207,1,2,3,1098.60554089208,0.19828646564838,2,0.282866909898985,1,4.75
179,143,1,2,3,1100.62962612865,0.198962198470326,2,0.505451662568703,1,4.75
180,140,1,1,4,1102.86922623763,0.198258078430626,1,0.272011579642822,1,15
181,160,1,2,4,1115.53411163083,0.198888742887902,2,0.285554037993279,1,15
182,169,1,1,1,1117.56526469909,0.198540194689485,1,0.129259582368832,1,4.75
183,128,1,2,4,1119.42887436491,0.199030386320374,2,0.15373024125347,1,15
184,190,1,2,2,1121.31635094911,0.198235251596998,2,0.518726929898548,1,3.75
185,237,1,2,1,1123.58155457179,0.198293781940265,2,0.336996064712366,1,4.75
186,233,1,1,1,1125.6530356324,0.198351141677449,1,0.273441768599696,1,4.75
187,125,1,2,1,1127.66928541181,0.198427523777355,2,0.40854063074039,1,4.75
188,148,1,1,4,1129.82093314342,0.198375431770728,1,0.330629719192075,1,15
189,206,1,2,2,1131.89380137318,0.199259239965613,1,1.07123845232854,0,3.75
190,195,1,1,3,1134.70000301431,0.199217390769263,1,0.367203282615264,1,4.25
191,200,1,2,4,1136.8127719649,0.199071650213227,2,0.0897170672433276,1,15
192,130,1,1,2,1138.63737232703,0.198321291202774,1,0.154403925513179,1,4.75
193,227,1,1,3,1140.53125476474,0.198260712297269,1,1.42215156959355,1,4.25
194,163,1,1,3,1143.7025356223,0.19829612315516,1,0.351800437280872,1,3.75
195,221,1,2,1,1145.79789764857,0.198766999772488,2,0.251585367531334,1,3.75
196,149,1,2,1,1147.79779053804,0.198231154473433,2,0.17183572522481,1,3.25
197,193,1,1,1,1149.71701339555,0.198344118037312,1,0.479307035844613,1,3.25
198,202,1,1,2,1151.94033943502,0.198543413857806,1,0.582490764642898,1,4.25
199,185,1,1,1,1154.25961075565,0.199364301933201,2,0.464122216040778,0,2.75
200,139,1,1,3,1156.46069350849,0.199274457854699,1,1.2644023422672,1,3.75
201,208,1,2,4,1159.46017727085,0.198764658559412,2,0.121715898977527,1,15
202,229,1,2,1,1161.31519175565,0.198285295041387,2,0.15926048080928,1,3.75
203,234,1,1,2,1163.22048468393,0.198243738496785,1,0.675365836598758,1,4.25
204,218,1,1,2,1165.63708172387,0.198306073312779,1,0.219019962066341,1,3.75
205,209,1,1,1,1167.59591821087,0.198449472655739,2,0.370128921861578,0,3.25
206,175,1,2,3,1169.70088096947,0.19836050653339,2,0.224370513466056,1,3.25
207,204,1,1,4,1171.66765768294,0.198368408129681,1,0.137554502724925,1,15
208,155,1,1,3,1173.54765555244,0.198555705230319,1,0.382289186138223,1,2.75
209,240,1,2,4,1175.67624730358,0.199263337089178,2,0.0884159376955722,1,15
210,197,1,2,1,1177.50040810282,0.198422841349384,2,0.168584364613707,1,4.25
211,188,1,1,4,1179.4100987085,0.198998487282552,1,0.227817658078493,1,15
212,184,1,2,4,1181.37142741754,0.198273296320622,2,0.0538113350448839,1,15
213,126,1,2,2,1183.16308397553,0.198252810700978,1,0.87009394998131,0,3.75
214,192,1,2,4,1185.77966398315,0.198363140399124,2,0.149408945953837,1,15
215,194,1,1,2,1187.67612790168,0.199180516652632,1,0.377568421240539,1,4.25
216,196,1,1,4,1189.78592907117,0.198343825385564,1,0.245298330626611,1,15
217,146,1,1,2,1191.77098744495,0.198702323742509,1,0.84649217405331,1,4.25
218,211,1,1,3,1194.35440181842,0.19909213583378,1,1.08655320949674,1,2.25
219,228,1,1,4,1197.17931912236,0.198198962782953,1,0.405807556326181,1,15
220,187,1,1,3,1199.33084072108,0.198316023472216,2,0.37581192561538,0,2.25
221,142,1,2,2,1201.45299559764,0.198283831782646,2,1.14715172323577,1,4.25
222,144,1,2,4,1204.33838235591,0.198242275238044,1,0.31970854229894,0,15
223,201,1,1,1,1206.39547929182,0.198501857314113,1,1.57317185591819,1,4.25
224,232,1,2,4,1209.71749949005,0.198298757020893,2,0.232675969284173,1,15
225,223,1,2,3,1211.69166097703,0.199323330693005,1,1.16077787997892,0,3.25
226,231,1,2,3,1214.58654662483,0.199318648265034,2,0.389210691972039,1,3.75
227,131,1,1,3,1216.71463003994,0.198807093058349,1,0.248351566023302,1,3.75
228,203,1,1,3,1218.70871437807,0.198975075145427,1,0.312994526535476,1,3.75
229,224,1,2,4,1220.75455066109,0.198243153193289,2,0.175535720922198,1,15
230,129,1,1,1,1222.66814524071,0.198249006228252,1,1.82698869281467,1,3.75
231,165,1,2,1,1226.23581085451,0.198264809420834,2,0.828195881161264,1,3.75
232,168,1,2,4,1228.80351773221,0.198278271399431,2,0.677688613302053,1,15
233,121,1,1,1,1231.21872233527,0.19868769115692,1,0.268995511015419,1,3.75
234,239,1,2,3,1233.22726161981,0.198190768535824,1,2.68121623713705,0,3.25
235,182,1,2,2,1237.64520427236,0.19841698831533,2,0.627884265609282,1,3.75
236,217,1,1,1,1240.01899338929,0.198269784500553,1,0.933485239085712,1,3.25
237,230,1,2,2,1242.69138617706,0.199037995264916,1,3.3537591552431,0,3.75
238,158,1,2,2,1247.7786853558,0.198466739107062,2,1.53466327932074,1,4.25
239,178,1,1,2,1251.05890727945,0.198878207425878,1,0.800901718480418,1,4.25
240,183,1,2,3,1253.59451904299,0.198531122486202,2,1.60595294570066,1,3.75
