PresOrder,TrialNumber,Illusory_Fragmented,Fat_Thin,StimPresTime,StimPresLength,Response,RespScreenOnset_to_Resp,ExpStartOnset_to_Resp,StimOnset_to_Resp,Accuracy,StepLevel
1,429,3,1,47.9522396848006,0.197287637389309,NaN,NaN,NaN,NaN,0,-1.35277064490888
2,196,1,2,51.0280012911826,0.197372213982817,1,1.05693614408665,2.6707617541706,1.61532955167604,0,-1.35277064490888
3,106,1,2,54.155407883065,0.197306952459257,1,0.408924323262909,1.89566174746869,0.958181410063844,0,-1.35277064490888
4,291,2,3,57.1561781446471,0.197313683467655,3,0.705098095681024,2.17447566169358,1.25458901188904,1,1.05746579806042
5,187,1,1,60.1430734549176,0.197325389572143,1,0.511038708864362,2.0596133298568,1.07231825616509,1,1.35277064490888
6,48,1,2,63.2069943380502,0.197358751964202,1,0.728776323001512,2.37962833708116,1.27740128023652,0,-1.35277064490888
7,153,1,1,66.3721958395927,0.197322170393818,2,0.531301387964049,2.15022295736526,1.08004106500994,0,1.35277064490888
8,278,2,6,69.5048742749896,0.197394748232909,3,0.230113013645678,1.84961257188661,0.779296937302206,1,-1.05746579806042
9,88,1,2,72.6374728162336,0.197403820462569,2,0.296517346541805,1.71668889362991,0.847797247954077,1,-1.35277064490888
10,172,1,2,75.571301142134,0.197298465534914,1,0.623366376736158,2.35978532177614,1.1731642854993,0,-1.35277064490888
11,420,3,1,78.8212674139249,0.197322755697314,3,0.539319775909462,2.30878534255498,1.08972786529557,1,-1.35277064490888
12,217,2,1,82.1037988938315,0.197336217717748,3,0.238602864892528,1.85859466476722,0.789617915723284,1,1.05746579806042
13,13,1,1,85.2362581324487,0.197498932549934,1,0.245282074649367,1.76605792004193,0.796387847778533,1,1.35277064490888
14,355,2,3,88.2700021451437,0.19729758757785,3,0.125199991454792,1.61253471956843,0.676868828140869,1,1.05746579806042
15,346,2,2,91.2714680418994,0.197277687202586,3,0.143527359065047,1.56235855735213,0.692588075988169,1,1.05746579806042
16,364,2,4,94.204069568199,0.197299050840229,3,0.0431955203093821,1.44590331753898,0.592337887301255,1,1.05746579806042
17,249,2,1,97.1207405514924,0.197356703396508,3,0.169975543023611,1.88929040822222,0.719026309758192,1,1.05746579806042
18,125,1,1,100.352695227803,0.197302270018554,1,0.451147944364493,1.90527509195817,1.00255866147745,1,1.35277064490888
19,380,2,4,103.320253519074,0.19739972332718,3,0.0220984887127997,1.74157050834583,0.572008776065559,1,1.05746579806042
20,57,1,1,106.552424758291,0.197432500415744,2,0.350984380838781,1.92153662503006,0.902250820232439,0,1.35277064490888
21,354,2,2,109.636092666682,0.197290271264137,3,0.147049140172385,1.53386765840696,0.697673207159824,1,1.05746579806042
22,83,1,1,112.536607471829,0.197344119336776,1,0.123746678758835,1.59334168563691,0.674228809246415,1,1.35277064490888
23,436,3,1,115.519311997205,0.197290563915885,3,0.288263958576863,1.65835796736428,0.839445236069878,1,-1.35277064490888
24,94,1,2,118.402629658993,0.197333583842919,2,0.125241255469518,1.89516892052961,0.675249288780833,1,-1.35277064490888
25,47,1,1,121.685399358095,0.197402942503686,1,0.130509879803867,1.88427668428085,0.681665403870284,1,1.35277064490888
26,338,2,2,124.952038339829,0.197490445623771,3,0.210288728105297,1.91378308766616,0.761346213557772,1,1.05746579806042
27,410,3,1,128.168733232837,0.197328901404035,3,0.363542980860075,1.81708043351136,0.914591101431142,1,-1.35277064490888
28,358,2,6,131.136133784368,0.197275345981325,3,0.274048944973401,1.79344961590868,0.82346903926009,1,-1.05746579806042
29,366,2,6,134.168275816859,0.197358751966021,3,0.175310599495788,1.72913950484872,0.726656640390502,1,-1.05746579806042
30,1,1,1,137.234765896961,0.19725047051179,1,0.399703425879125,2.08693859358755,0.951074634893303,1,1.35277064490888
31,302,2,6,140.434836660354,0.197268614971108,3,0.0298777795051137,1.75037583907215,0.581368098117309,1,-1.05746579806042
32,446,3,1,143.670010515007,0.1973411928102,3,0.320739322351073,1.7556330499574,0.869396764022895,1,-1.35277064490888
33,262,2,6,146.618316363873,0.197507712126026,3,0.152654022320348,1.839184189972,0.702905249923788,1,-1.05746579806042
34,443,3,1,149.81769939371,0.19738450539262,3,0.282056212121461,1.73577071958425,0.833015366308246,1,-1.35277064490888
35,117,1,1,152.784639895393,0.197371628677502,2,0.394347883726368,2.08145369899648,0.945910487525907,0,1.35277064490888
36,264,2,8,155.98461437609,0.197465862807803,3,0.0380480541389261,1.62468916638136,0.58933293064365,1,-1.05746579806042
37,350,2,6,159.083585965669,0.197340314853136,3,0.136292109413262,1.57383346488132,0.687615323406135,1,-1.05746579806042
38,76,1,2,162.033909068747,0.197349387082795,1,0.682344357848706,2.11936479172982,1.23357275240596,0,-1.35277064490888
39,5,1,1,164.984522190527,0.19732714548627,2,0.887001865074126,2.25663640931634,1.43691771282647,0,1.35277064490888
40,325,2,5,167.866782205903,0.197354947482381,3,0.127703926900722,1.59842623150325,0.678918274134048,1,-1.05746579806042
41,400,2,8,170.850388686518,0.19733475445355,3,0.115120158758145,1.71893324624034,0.666575359062335,1,-1.05746579806042
42,237,2,5,173.968021852952,0.197305489196879,3,0.38427712325938,2.13711621906987,0.933086158967853,1,-1.05746579806042
43,296,2,8,177.234799259355,0.197311634899961,3,0.162355162581662,1.76617966351296,0.71258092941207,1,-1.05746579806042
44,315,2,3,180.351562954982,0.197314854078286,3,0.104525842831208,1.6735492699645,0.653552904708704,1,1.05746579806042
45,336,2,8,183.433865053799,0.197299050840229,3,0.0695872223204788,1.43918577029581,0.619089551981233,1,-1.05746579806042
46,313,2,1,186.31743059232,0.197522930060586,3,0.142273928080613,1.81161368337962,0.692537447092036,1,1.05746579806042
47,376,2,8,189.500401080355,0.197359337271337,3,0.0225234202534921,1.70881185687904,0.57204301641832,1,-1.05746579806042
48,321,2,1,192.699549695481,0.197405283724947,3,0.0210642545062001,1.60814610153102,0.572216559394292,1,1.05746579806042
49,251,2,3,195.799709161869,0.197316024688917,3,0.623831694332694,2.37718234684507,1.17365916100607,1,1.05746579806042
50,51,1,1,199.066021835979,0.197344119336776,1,0.438645826290667,1.95891274885253,0.988897931854808,1,1.35277064490888
51,160,1,2,202.098799217212,0.1973092936787,2,0.68678097090924,2.3741285172091,1.23800526833111,1,-1.35277064490888
52,214,2,6,205.298807060301,0.19752878311192,3,0.147599619669563,1.71812815900194,0.698760704133747,1,-1.05746579806042
53,360,2,8,208.382195192829,0.197342363422649,3,0.0718743022061972,1.44236309932057,0.623008462634971,1,-1.05746579806042
54,412,3,1,211.265655083769,0.197332413234108,3,0.470611096625362,2.19101170288377,1.02165921719643,1,-1.35277064490888
55,84,1,2,214.498898894681,0.197327438139837,2,0.921951899037595,2.52557505499681,1.47230614034925,1,-1.35277064490888
56,256,2,8,217.615406519304,0.197381578867862,3,0.0820290539613779,1.56903952302309,0.631154447106383,1,-1.05746579806042
57,270,2,6,220.616251114639,0.197343241377894,3,0.0575987095180608,1.76040299430497,0.606812483738395,1,-1.05746579806042
58,107,1,1,223.83156059035,0.197331827928792,1,0.20929370934391,1.71307258574052,0.759681020397693,1,1.35277064490888
59,41,1,1,226.848419719983,0.197416111870552,2,0.81272693378196,2.41619469122452,1.36368199083336,0,1.35277064490888
60,74,1,2,229.965393832814,0.197328023445152,2,0.419987468616455,1.92315089664407,0.970063982633292,1,-1.35277064490888
61,122,1,2,232.981555571358,0.19732070712962,2,0.42986566368927,2.0667672220934,0.981142931224895,1,-1.35277064490888
62,24,1,2,236.131269898546,0.197309586334086,1,0.89144081935774,2.44513012943207,1.44258785649981,0,-1.35277064490888
63,37,1,1,239.197978882776,0.197267444362296,1,0.229316120679869,1.66616798667565,0.780333512730067,1,1.35277064490888
64,157,1,1,242.148076643369,0.197314268772971,2,0.961016920879047,2.36427607556288,1.51202465539427,0,1.35277064490888
65,253,2,5,245.064590472226,0.197335925064181,3,0.11044883832983,1.8637854435201,0.66004628007795,1,-1.05746579806042
66,65,1,1,248.331530008156,0.197431915110428,1,0.357314163420597,1.86038628384267,0.90728268863495,1,1.35277064490888
67,85,1,1,251.347727157661,0.197399430673613,1,0.23376824432853,1.8205202718982,0.783784764566008,1,1.35277064490888
68,25,1,1,254.44725273857,0.197303733280933,1,0.550924621184095,2.30460860497988,1.10218491487103,1,1.35277064490888
69,151,1,1,257.713998245839,0.197488104404329,2,0.8985338398561,2.50202852133589,1.44911166773636,0,1.35277064490888
70,128,1,2,260.830953336254,0.197304025932681,2,0.342855662871443,2.11287375758002,0.892404524291123,1,-1.35277064490888
71,370,2,2,264.114245420205,0.197302562670302,3,0.232773518220711,1.88572180270603,0.782963874087727,1,1.05746579806042
72,327,2,7,267.281667569499,0.197265395792783,3,0.146120846200574,1.59825385913609,0.6948581820252,1,-1.05746579806042
73,275,2,3,270.247584079816,0.197362556447843,3,0.197452693442756,1.8003383649102,0.746547358063253,1,1.05746579806042
74,241,2,1,273.364399867603,0.197313976121222,3,0.16567267219034,1.85155315112206,0.714593793833046,1,1.05746579806042
75,427,3,1,276.563760070541,0.197359337271337,3,0.348514393092046,1.86827678261216,0.898603783822182,1,-1.35277064490888
76,233,2,1,279.59642565849,0.197329194055783,3,0.145804488764043,1.89940594453401,0.696143804794701,1,1.05746579806042
77,79,1,1,282.862631807062,0.197364897669104,2,0.631771358735932,2.36899539101432,1.18296902477414,0,1.35277064490888
78,34,1,2,286.112769280609,0.197468496680813,2,0.508648907922179,2.07895064150944,1.05983398989883,1,-1.35277064490888
79,231,2,7,289.196249891353,0.197342948727965,3,0.239860393015988,1.64333201346926,0.790340767587622,1,-1.05746579806042
80,307,2,3,292.113237232079,0.197387139265629,3,0.320209621186223,1.80666346504768,0.870580543696633,1,1.05746579806042
81,199,1,1,295.113697574583,0.197534636165074,1,0.501343129000816,2.03809956099212,1.05045740134483,1,1.35277064490888
82,353,2,1,298.16396211788,0.19736665358505,3,0.079606768586018,1.73181873918838,0.628698506681758,1,1.05746579806042
83,166,1,2,301.329548457559,0.1973602152284,2,0.33890046329725,1.74215230166919,0.889689586338136,1,-1.35277064490888
84,206,2,6,304.246025412192,0.197336217717748,3,0.34638534559781,1.84944575991904,0.89743317351531,1,-1.05746579806042
85,46,1,2,307.262459317633,0.197523515365901,2,0.38820598410166,1.82473446900076,0.938392535486855,1,-1.35277064490888
86,324,2,4,310.212131854032,0.197373969900582,3,0.208691722995354,1.5955280930375,0.758822670391964,1,1.05746579806042
87,163,1,1,313.112210021536,0.197262176614458,1,0.974032058918965,2.52738364791912,1.52489785693433,1,1.35277064490888
88,82,1,2,316.179370276039,0.197289100653506,2,0.163342572373949,1.91600783255308,0.712484354062326,1,-1.35277064490888
89,269,2,5,319.445367470671,0.19731690264598,3,0.135298261262506,1.52189377823561,0.686258878713488,1,-1.05746579806042
90,3,1,1,322.345392082752,0.19731426877479,1,0.326961116130406,2.03001971600315,0.877258582842842,1,1.35277064490888
91,391,2,7,325.562067075385,0.197301684713239,3,0.154213275247457,1.5571437810886,0.703295941115357,1,-1.05746579806042
92,387,2,3,328.478198699979,0.197322170393818,3,0.0714587355487311,1.62489431583708,0.62234970168538,1,1.05746579806042
93,92,1,2,331.545008649346,0.197294075745958,2,0.489590201523242,2.12625617460435,1.04065646655363,1,-1.35277064490888
94,42,1,2,334.694361257949,0.197326560182773,2,0.178334578571594,1.64871477231281,0.729622674252823,1,-1.35277064490888
95,12,1,2,337.677767856854,0.197421964921887,1,0.821049680409487,2.44127121255769,1.37130090801293,0,-1.35277064490888
96,220,2,4,340.811498085613,0.197344704640273,3,0.130317607061443,1.88348827823938,0.679710484659154,1,1.05746579806042
97,188,1,2,344.077849389863,0.197323633656197,2,0.263587493316663,1.833423616652,0.813486074566754,1,-1.35277064490888
98,164,1,2,347.160925554745,0.19753141698493,1,0.325408594211694,2.06204117563175,0.875467841724458,0,-1.35277064490888
99,119,1,1,350.410239211289,0.197385090696116,1,0.168742305066189,1.57281093677739,0.720425189074376,1,1.35277064490888
100,401,3,1,353.326969603055,0.197375433162961,NaN,NaN,NaN,NaN,0,-1.35277064490888
101,23,1,1,356.560987772682,0.197355240135948,1,0.252416066510705,1.62207724213658,0.801603501999125,1,1.35277064490888
102,265,2,1,359.444491854161,0.197510346000854,3,0.167555598869512,1.77018110219433,0.716599341940309,1,1.05746579806042
103,90,1,2,362.560297697906,0.197298758186662,2,0.119119548870003,1.62245505661303,0.670033049254926,1,-1.35277064490888
104,319,2,7,365.577265986951,0.197328316098719,3,0.0701286295861792,1.58973532793607,0.619219782378423,1,-1.05746579806042
105,445,3,1,368.610201400576,0.197343241379713,3,0.326015555654521,2.01265254149803,0.87663581815832,1,-1.35277064490888
106,335,2,7,371.810386298474,0.197384505390801,3,0.24915445354236,1.85224029937308,0.798655612592484,1,-1.05746579806042
107,348,2,4,374.926652777374,0.197317487953114,3,0.651204953086562,2.28791833588366,1.20201836629167,1,1.05746579806042
108,71,1,1,378.076506699841,0.197410551470966,1,0.396144477896087,1.86623289701856,0.946505742867885,1,1.35277064490888
109,386,2,2,381.060103230269,0.197293197788895,3,0.243201314828184,1.94637170798705,0.792616726675988,1,1.05746579806042
110,137,1,1,384.276420601453,0.197501566422943,1,0.30175553501067,1.9381496338483,0.852094851041329,1,1.35277064490888
111,116,1,2,387.426329542604,0.197295246356589,2,0.383641189209811,1.82005378368922,0.932660349468279,1,-1.35277064490888
112,368,2,8,390.375877116354,0.197271541497685,3,0.129053640583152,1.58258114304772,0.679733311559175,1,-1.05746579806042
113,32,1,2,393.34318957946,0.197407917597957,2,0.283228578344279,1.91940260244337,0.832324413575407,1,-1.35277064490888
114,197,1,1,405.996468561358,0.197329194053964,1,0.791986353026005,2.56175276651811,1.35745434400269,1,1.35277064490888
115,169,1,1,409.279773522023,0.19815827880484,1,0.225275466555104,1.72646348968919,0.774450610633721,1,1.35277064490888
116,397,2,5,412.294552769796,0.197204816709927,3,0.0218839743738499,1.68941425879348,0.57076880709792,1,-1.05746579806042
117,284,2,4,415.47561838221,0.197335632412432,3,0.201216790883336,1.5706774994942,0.749914033305686,1,1.05746579806042
118,194,1,2,418.35823543373,0.197295831661904,2,0.195040065600551,1.63193231765217,0.746432345602443,1,-1.35277064490888
119,210,2,2,421.308117216722,0.197309001028771,3,0.428297045877116,2.08199217973743,0.979822190147388,1,1.05746579806042
120,344,2,8,424.475019322386,0.197311342248213,3,0.0840252371872339,1.78704257304707,0.634963027736376,1,-1.05746579806042
121,138,1,2,427.69088249677,0.197367531542113,2,0.705798998602404,2.44297415790061,1.25716581782763,1,-1.35277064490888
122,362,2,2,430.941249995243,0.197367238890365,3,0.261816945228929,1.648649803441,0.813121722107098,1,1.05746579806042
123,246,2,6,433.841246512678,0.197321585088503,3,0.0193191671933164,1.48920653399546,0.570601702476779,1,-1.05746579806042
124,61,1,1,436.824104388003,0.197323341004449,1,0.475452155547828,2.24570144579229,1.02564894977149,1,1.35277064490888
125,383,2,7,440.107636154416,0.197272419454748,3,0.106799168046564,1.61019408426182,0.658159256265208,1,-1.05746579806042
126,184,1,2,443.124097569198,0.197370165416942,2,0.275097226503931,1.7617445137148,0.826289917446047,1,-1.35277064490888
127,185,1,1,446.123997189365,0.197474642385714,1,0.264591291654142,2.01786263531903,0.815666043608871,1,1.35277064490888
128,200,1,2,449.390130467445,0.197349387082795,2,0.160479259566273,1.84758244096156,0.711598787363982,1,-1.35277064490888
129,70,1,2,452.591012171128,0.197329194055783,2,0.461709775854615,2.01464140840835,1.01205874942025,1,-1.35277064490888
130,390,2,6,455.656986012084,0.197337973631875,3,0.175456047827538,1.82881638714025,0.726779847123908,1,-1.05746579806042
131,393,2,1,458.823445919705,0.197292612483579,3,0.06999049757178,1.59007334166381,0.621234402715345,1,1.05746579806042
132,415,3,1,461.856642964734,0.197283832905669,3,0.496625569465323,2.1169454328774,1.04810301136604,1,-1.35277064490888
133,190,1,2,464.990181798707,0.197430159194482,3,1.0059115820477,2.57562362069257,1.55681015715163,0,-1.35277064490888
134,9,1,1,468.072833617352,0.197357581355391,1,0.394296084221423,1.96468707684289,0.945949410319372,1,1.35277064490888
135,333,2,5,471.156441239313,0.197241690935698,3,0.141208672701396,1.56126315875736,0.691245678619453,1,-1.05746579806042
136,294,2,6,474.089576271261,0.197324218961512,3,0.381711438119964,1.85178288339375,0.932948319603383,1,-1.05746579806042
137,146,1,2,477.072948629815,0.197397674757667,1,0.753237688619265,2.15652552325446,1.30445174319902,0,-1.35277064490888
138,352,2,8,479.989160441215,0.197286759432245,3,0.303216749325657,1.84017803812094,0.854519770291517,1,-1.05746579806042
139,143,1,1,483.039193496323,0.197349094431047,1,0.2834723579399,1.67018874042697,0.834672950502863,1,1.35277064490888
140,377,2,1,485.938957940263,0.197436012245817,3,0.277267245359326,1.71409599180151,0.828735615028563,1,1.05746579806042
141,201,2,1,488.889130034611,0.197325096918576,3,0.0738619985077094,1.64394512061881,0.625177603531483,1,1.05746579806042
142,159,1,1,491.972123086161,0.197309001028771,1,0.427546099364918,2.08124123322705,0.978940135282755,1,1.35277064490888
143,261,2,5,495.139118840651,0.197336217715929,3,0.223640709262327,1.6101759398025,0.77496655712639,1,-1.05746579806042
144,361,2,1,498.038408016808,0.197304318586248,3,0.0949157175218716,1.79860703226586,0.646165183065023,1,1.05746579806042
145,130,1,2,501.255444142718,0.19732714548627,2,0.412299485429685,2.16574437207237,0.963755563690938,1,-1.35277064490888
146,298,2,2,504.522094537902,0.197327730791585,3,0.0512815109996154,1.57097776103728,0.602235397440381,1,1.05746579806042
147,282,2,2,507.555246807087,0.197435134286934,3,0.26810926827784,1.73798961141802,0.819215334058754,1,1.05746579806042
148,124,1,2,510.538318611445,0.197402064546623,2,1.0593923771612,2.5627782211468,1.61063335577819,1,-1.35277064490888
149,426,3,1,513.554837678785,0.197397382105919,3,0.45630945785706,2.02639433588411,1.00756741032637,1,-1.35277064490888
150,329,2,1,516.638008663102,0.197339436896073,3,1.40300425429086,3.02310960336399,1.95441350814144,1,1.05746579806042
151,136,1,2,519.77090775854,0.197343241379713,1,0.690786214072432,2.37782208537828,1.24230257876661,0,-1.35277064490888
152,243,2,3,522.971297805896,0.197346460558038,3,0.335999105654992,1.70583323895153,0.887189748029414,1,1.05746579806042
153,416,3,1,525.854163904758,0.197348216472164,3,0.384019881645145,2.07087313774173,0.935163406955326,1,-1.35277064490888
154,104,1,2,529.053949039235,0.197332120580541,1,0.357754312894031,2.09482236135045,0.909086891768311,0,-1.35277064490888
155,108,1,2,532.304038810413,0.197326267529206,2,0.267717406477459,1.80463333412445,0.819119051360758,1,-1.35277064490888
156,134,1,2,535.354103472,0.197341485463767,2,0.516897028142921,1.98687219071871,1.06814444511656,1,-1.35277064490888
157,351,2,7,538.338929435902,0.197604872782904,3,0.114297805017486,1.63369613473333,0.663390713723857,1,-1.05746579806042
158,56,1,2,541.371909040066,0.197339436896073,2,0.191949947044122,1.56088768550217,0.742062457327847,1,-1.35277064490888
159,131,1,1,544.253919715447,0.197325096918576,1,0.373511312924165,1.92661005009904,0.924644595394057,1,1.35277064490888
160,341,2,5,547.320048954922,0.197415526565237,3,0.130595919663392,1.50075138549073,0.68205141261933,1,-1.05746579806042
161,99,1,1,550.203311890678,0.197405283724947,1,0.250765213324485,1.72116706335692,0.802368495831615,1,1.35277064490888
162,408,3,1,553.186774971531,0.197304611237996,3,0.300474009378377,1.75383674844306,0.852015834845588,1,-1.35277064490888
163,27,1,1,556.153479009932,0.19732451161326,1,0.582965688532568,2.05285832308255,1.13425758870108,1,1.35277064490888
164,45,1,1,559.136830004849,0.197354069523499,1,0.133517762988049,1.61989054208243,0.684847707987501,1,1.35277064490888
165,93,1,1,562.136328398332,0.197268614972927,1,0.143803915749231,1.76410856123039,0.695259701360555,1,1.35277064490888
166,259,2,3,565.269903521224,0.197318365910178,3,0.107364572824736,1.71036408614418,0.658352114312947,1,1.05746579806042
167,274,2,2,568.385808574194,0.19737045806869,3,0.183981017384212,1.55433402369999,0.735244822903041,1,1.05746579806042
168,161,1,1,571.269130040464,0.197357581355391,1,0.333528239949374,2.08728685015376,0.884868135137367,1,1.35277064490888
169,286,2,6,574.535992608766,0.197282662295038,3,0.174276365289188,1.84432638839462,0.725579093601482,1,-1.05746579806042
170,33,1,1,577.718987972272,0.197514443136242,1,0.1941770331523,1.78114416036624,0.745480639421658,1,1.35277064490888
171,449,3,1,580.819270645396,0.197371336025753,3,0.686067191276379,2.27281248783584,1.23754229195583,1,-1.35277064490888
172,236,2,4,583.919033567543,0.197294661051274,3,0.28469037796458,2.02127525701508,0.83596179244887,1,1.05746579806042
173,334,2,6,587.168725623869,0.19754663491949,3,0.3341480781055,1.78755647097205,0.885365059213655,1,-1.05746579806042
174,232,2,8,590.135601449332,0.197255445606061,3,0.519938566370911,1.95645183333727,1.07110462593118,1,-1.05746579806042
175,384,2,8,593.085148145123,0.197306952459257,3,0.176133245890014,1.66307845342635,0.727546596874163,1,-1.05746579806042
176,168,1,2,596.085182092822,0.197318658563745,2,0.267582493641385,1.87102420500196,0.818971554463133,1,-1.35277064490888
177,129,1,1,599.201855651458,0.197324511615079,1,0.242299359588287,1.76220046642993,0.793322312038072,1,1.35277064490888
178,402,3,1,602.235802765039,0.197294075745958,3,0.397093257546658,1.99987854918072,0.94827219382023,1,-1.35277064490888
179,174,1,2,605.352591043484,0.197290856567633,2,0.742993677826234,2.19515156623311,1.29321827404601,1,-1.35277064490888
180,365,2,5,608.318051015782,0.197389773138639,3,0.134411231303602,1.83777155598364,0.685717764099536,1,-1.05746579806042
181,372,2,4,611.534410236285,0.197328023443333,3,0.104236702087292,1.54119304505184,0.65549172802821,1,1.05746579806042
182,203,2,3,614.484100917143,0.197371628679321,3,0.147888467761732,1.55167498238916,0.699352740295581,1,1.05746579806042
183,260,2,4,617.401365985166,0.1973092936787,3,0.0198798895289656,1.52298390908254,0.570919230522122,1,1.05746579806042
184,448,3,1,620.418183850787,0.197351728304056,3,0.406171925780654,2.02567499585166,0.957290868274868,1,-1.35277064490888
185,359,2,7,623.551329359696,0.197363434406725,3,0.0208839805200114,1.64033817761083,0.571161254203616,1,-1.05746579806042
186,69,1,1,626.684262695488,0.197492786846851,1,0.180790811646148,1.76723321278951,0.731999598481707,1,1.35277064490888
187,77,1,1,629.784566439597,0.197347923820416,1,0.177654161328974,1.94710802187001,0.728542200940865,1,1.35277064490888
188,288,2,8,633.067174009173,0.197346753209786,3,0.23154788922875,1.76842899121766,0.782976750802845,1,-1.05746579806042
189,68,1,2,636.117156435386,0.197338266285442,2,0.345260096441052,1.99861194882942,0.895452500877582,1,-1.35277064490888
190,145,1,1,639.284002059103,0.197259250089701,1,0.570737785925303,2.22369660590266,1.12200920041141,1,1.35277064490888
191,58,1,2,642.450281692738,0.197318365910178,2,0.399723033600822,2.15313046071242,0.951177648601515,1,-1.35277064490888
192,277,2,5,645.716591440321,0.197339144242505,3,0.126932494707944,1.64703406856461,0.677894282769557,1,-1.05746579806042
193,133,1,1,648.749707420586,0.19736284910141,1,0.325901128497208,1.82953514186738,0.877192150706833,1,1.35277064490888
194,202,2,2,651.766292334756,0.197272712108315,3,0.204204773690435,1.94117858801474,0.755563105993133,1,1.05746579806042
195,31,1,1,655.01649419187,0.197342656074397,1,0.456943343338935,1.8268804903455,1.00823963329458,1,1.35277064490888
196,306,2,2,657.900903447769,0.197382164171358,3,0.150378941189047,1.90241938811596,0.699353910906211,1,1.05746579806042
197,289,2,1,661.167283431971,0.197422550227202,3,0.0789939540900377,1.73180322860208,0.627968923809021,1,1.05746579806042
198,389,2,5,664.333845475341,0.197400015978928,3,0.155083038705925,1.75721834896649,0.704115660981188,1,-1.05746579806042
199,8,1,2,667.449760771151,0.197452400789189,2,0.328210742633019,2.09760343878406,0.878976453464929,1,-1.35277064490888
200,271,2,7,670.732863801539,0.197295246356589,3,0.0620136662892037,1.59834341082569,0.612607004755773,1,-1.05746579806042
201,204,2,4,673.782553282523,0.197346460556219,3,0.0251286134898692,1.42838806082727,0.576583521142311,1,1.05746579806042
202,75,1,1,676.699226314382,0.19725427499543,1,0.727663072599171,2.46404133893338,1.2789839453726,1,1.35277064490888
203,258,2,2,679.948913688268,0.197304611237996,3,0.136283329835351,1.80611327820407,0.687453779182761,1,1.05746579806042
204,36,1,2,683.131859300835,0.197305489196879,2,0.784653650065593,2.27141097464664,1.33590106704105,1,-1.35277064490888
205,213,2,5,686.131803404192,0.197254567648997,3,0.103635301042232,1.60701880380657,0.654799604686559,1,-1.05746579806042
206,115,1,1,689.148434850122,0.197353776871751,1,0.0470886775347026,1.75044988017362,0.598335509204844,1,1.35277064490888
207,248,2,8,692.365013560056,0.197320121826124,3,0.072559694541269,1.72594812850184,0.623640884852648,1,-1.05746579806042
208,403,3,1,695.531539021855,0.197313683467655,3,0.375750690440327,1.87917018947155,0.927061320371649,1,-1.35277064490888
209,11,1,1,698.548606812776,0.19736665358505,1,0.244200723378526,1.83039963757983,0.794421515114664,1,1.35277064490888
210,292,2,4,701.648133856947,0.197356118091193,3,0.112948091335056,1.66645800538026,0.664327787273578,1,1.05746579806042
211,39,1,1,704.714922442678,0.197337095674811,1,0.741435010204441,2.12769485466924,1.29259229018498,1,1.35277064490888
212,19,1,1,707.614360578995,0.197404698419632,1,0.501809617207982,2.1885677612172,1.05298591960673,1,1.35277064490888
213,207,2,7,710.814486068421,0.197320707131439,3,0.0928337870918767,1.59602882159561,0.643078868992234,1,-1.05746579806042
214,349,2,5,713.830847396021,0.197381286214295,3,0.83845168057087,2.49190742462451,1.38975938397743,1,-1.05746579806042
215,419,3,1,716.997640634927,0.197335632410613,3,1.46313850573461,3.13297694102585,2.01401162006186,1,-1.35277064490888
216,257,2,1,720.18053357003,0.197342070769082,3,0.306494750837373,1.90994611973474,0.857765580018167,1,1.05746579806042
217,6,1,2,723.297912714028,0.197277101897271,2,0.467472397740494,2.13670796872429,1.01784127168139,1,-1.35277064490888
218,209,2,1,726.480475829676,0.197241105630383,3,0.0722951366115012,1.44220711549679,0.623429297040275,1,1.05746579806042
219,67,1,1,729.363686087969,0.197393577622279,1,0.248659285383837,1.71868097971856,0.799951770855841,1,1.35277064490888
220,314,2,2,732.346976503803,0.197270078235306,3,0.112144174707282,1.61550777709454,0.663409736142057,1,1.05746579806042
221,123,1,1,735.364384942322,0.197322170391999,1,0.298128984280993,1.93386637073672,0.847670236735212,1,1.35277064490888
222,326,2,6,738.51407322343,0.197339436894254,3,0.0410492063110723,1.76035587723891,0.59130306778934,1,-1.05746579806042
223,230,2,6,741.746502874872,0.197311049594646,3,0.0847036058603408,1.47189086634171,0.636210313017727,1,-1.05746579806042
224,304,2,8,744.647252972691,0.197291441872949,3,0.188360563191964,1.89081015305419,0.739174854354133,1,-1.05746579806042
225,395,2,3,747.863482255449,0.197395918841721,3,0.244064932583569,1.94685897452837,0.795341029510382,1,1.05746579806042
226,219,2,3,761.320263761914,0.197746516629195,3,0.430584125762834,2.1779968574956,0.997423194063231,1,1.05746579806042
227,312,2,8,764.581340296123,0.197342070769082,3,0.0580575887579471,1.67664231504568,0.6074475398309,1,-1.05746579806042
228,238,2,6,767.713957567132,0.197358751964202,3,0.270240656993337,1.67184339809501,0.819206554480843,1,-1.05746579806042
229,407,3,1,770.629061981181,0.197388895181575,3,0.35795741378206,2.06108595762271,0.90847407727415,1,-1.35277064490888
230,64,1,2,773.845896762121,0.197335047105298,2,0.369875689964829,1.75615397154434,0.920608623709995,1,-1.35277064490888
231,280,2,8,776.746043410327,0.197368994804492,NaN,NaN,NaN,NaN,0,-1.05746579806042
232,356,2,4,779.962516765334,0.197442743256033,3,0.091093967523193,1.72703825934877,0.641245693252131,1,1.05746579806042
233,421,3,1,783.114611821233,0.198130184158799,3,0.709853407397532,2.27936000393311,1.25920092384695,1,-1.35277064490888
234,114,1,2,786.197001423168,0.197366068279734,3,0.944050095098646,2.42884986659556,1.49298028897101,0,-1.35277064490888
235,425,3,1,789.195036846422,0.1973040259345,3,0.502784442940538,2.02262936048646,1.05403888357796,1,-1.35277064490888
236,379,2,3,792.228045715843,0.197322755699133,2,0.375580366640861,2.0456072701927,0.926822223216732,0,1.05746579806042
237,96,1,2,795.411636042038,0.197395333538225,2,0.527829357795781,2.01416379940201,1.07812799511703,1,-1.35277064490888
238,242,2,2,798.411783538935,0.197420209005941,3,0.687525186413041,2.1735979966179,1.23824348752896,1,1.05746579806042
239,182,1,2,801.411097561297,0.19735641074476,2,0.527840185939567,2.0145454183621,1.07889298895134,1,-1.35277064490888
240,144,1,2,804.411098731907,0.197321877740251,1,0.923338194292228,2.32644575494123,1.47450571711488,0,-1.35277064490888
241,382,2,6,807.327175923121,0.197520003535828,3,0.121103440687875,1.65806619274554,0.672244624776795,1,-1.05746579806042
242,295,2,7,810.37728623851,0.19731309816234,3,0.0775798568392929,1.464398960381,0.628773133088544,1,-1.05746579806042
243,176,1,2,813.277644181877,0.197303147975617,2,0.22935562877683,1.71593121610749,0.78083628985587,1,-1.35277064490888
244,18,1,2,816.277607307651,0.197282954948605,2,0.124120396099897,1.84373786406286,0.675189002351544,1,-1.35277064490888
245,142,1,2,819.510323758619,0.197328023445152,2,0.93773055535712,2.49113365121229,1.48899787270784,1,-1.35277064490888
246,234,2,2,822.57658761828,0.197446547737854,3,0.368885938949461,1.87293639693598,0.920826649879018,1,1.05746579806042
247,406,3,1,825.593788858774,0.197337388326559,3,0.328482031571184,1.83146225908422,0.878329691271574,1,-1.35277064490888
248,49,1,1,828.609955865064,0.197386553960314,1,0.203111716316926,1.82325979266716,0.754706511899712,1,1.35277064490888
249,141,1,1,831.74359829805,0.197359337269518,1,0.338532013705844,1.84161964471423,0.889838546499959,1,1.35277064490888
250,215,2,7,834.759938262012,0.19737806703597,3,0.587090919254479,2.25707772940223,1.13812967494232,1,-1.05746579806042
251,418,3,1,837.943557560811,0.197325974877458,3,0.250640835978629,1.75351131877687,0.801670226785063,1,-1.35277064490888
252,310,2,6,840.959970687918,0.197320414477872,3,0.215027651278433,1.80130821554667,0.766318380834491,1,-1.05746579806042
253,15,1,1,844.05946729622,0.197326852834522,1,0.200815856853296,1.63749593578723,0.752287738354426,1,1.35277064490888
254,323,2,3,847.009481943482,0.197482251352994,3,0.129457501139768,1.59934340467953,0.680664239405814,1,1.05746579806042
255,428,3,1,849.992755678119,0.197343826685028,3,0.28694409545642,1.84031412156946,0.838437047943444,1,-1.35277064490888
256,399,2,7,853.059704344807,0.197307537764573,3,0.726111135987594,2.42900204593388,1.27693684059886,1,-1.05746579806042
257,405,3,1,856.275874219093,0.197317195299547,3,0.315778275871708,1.86898149001718,0.867074273175604,1,-1.35277064490888
258,43,1,1,859.342363713889,0.197388602528008,1,0.597085004745168,2.25030896795761,1.14857473805387,1,1.35277064490888
259,342,2,6,862.509062718666,0.197320999783187,3,0.408574018129002,2.01191827618277,0.960092431390876,1,-1.05746579806042
260,222,2,6,865.625962205089,0.19745093752681,3,0.158348163502524,1.7110240177044,0.709115337598632,1,-1.05746579806042
261,30,1,2,868.692068032358,0.197417575132931,2,0.217011250442738,1.83684501792595,0.768229402159704,1,-1.35277064490888
262,152,1,2,871.824904207495,0.197363727058473,2,0.283451579607572,1.90377290628203,0.834734114891035,1,-1.35277064490888
263,66,1,2,874.958174971707,0.197324218961512,2,0.43279482332764,1.98636121932032,0.984115403447504,1,-1.35277064490888
264,135,1,1,878.025223432925,0.197437768161763,1,0.133815683309876,1.70353416031139,0.685035883596356,1,1.35277064490888
265,73,1,1,881.108233458324,0.197273590065379,1,0.281687762526417,1.86825454101745,0.833027365064481,1,1.35277064490888
266,374,2,6,884.207834250945,0.197369287458059,3,0.31842619638519,1.68855210430411,0.869637617093758,1,-1.05746579806042
267,330,2,2,887.090968419567,0.197288807999939,3,0.0906462090806599,1.47762100379259,0.642275537667956,1,1.05746579806042
268,40,1,2,889.991023467517,0.197363141753158,2,0.794634858842983,2.48158000784861,1.34616556351284,1,-1.35277064490888
269,281,2,1,893.191092474994,0.197337095674811,3,0.394639365693365,2.08141594681547,0.946376975733074,1,1.05746579806042
270,139,1,1,896.391276787586,0.197349387082795,1,0.507269928981259,2.17700505791618,1.05845325504379,1,1.35277064490888
271,263,2,7,899.574548122473,0.197342070769082,3,0.201515881815794,1.93780927890111,0.752791100787363,1,-1.05746579806042
272,38,1,2,902.824274126497,0.197369287458059,2,0.269967904790974,1.6399826047309,0.821495097630759,1,-1.35277064490888
273,181,1,1,905.709178843208,0.197358459312454,2,0.729785974392144,2.33111707537137,1.27817768752357,0,1.35277064490888
274,244,2,4,908.823827246013,0.197370750720438,3,0.139104793326624,1.79241245517733,0.690299532838253,1,1.05746579806042
275,252,2,4,911.990552296869,0.197369580111626,3,0.0990383143689542,1.58551001003434,0.650293340311691,1,1.05746579806042
276,198,1,2,914.990211941922,0.197382749476674,2,0.795285718173545,2.48199469654901,1.34648894460952,1,-1.35277064490888
277,103,1,1,918.190499853526,0.197402942505505,1,0.170025879267996,1.68970749667642,0.721209205328705,1,1.35277064490888
278,272,2,8,921.223480920953,0.197287930042876,3,0.112224654165402,1.8487662206353,0.663380763537134,1,-1.05746579806042
279,175,1,1,924.473280673428,0.197327730793404,1,0.222471562217834,1.95900025197443,0.773595479806318,1,1.35277064490888
280,273,2,1,927.723041210458,0.197548683487184,3,0.257772193965138,1.66110977954122,0.808893185028865,1,1.05746579806042
281,118,1,2,930.639852959639,0.197284418210984,2,0.282722289384765,1.9360100508602,0.833937807228722,1,-1.35277064490888
282,316,2,4,933.806419392798,0.197266859056981,3,0.177539441518093,1.89751365297343,0.728909772577026,1,1.05746579806042
283,283,2,3,937.039774119035,0.197316609996051,3,0.129866044135269,1.81618520927987,0.681031811043795,1,1.05746579806042
284,52,1,2,940.239400635817,0.197400015978928,2,0.661884723564071,2.04851594415049,1.21314443194933,1,-1.35277064490888
285,7,1,1,943.13975711592,0.197423428184266,1,0.268415382874082,1.7881166080042,0.819907164748656,1,1.35277064490888
286,120,1,2,946.172648339007,0.197376311120024,1,0.806835837416656,2.24319253525209,1.35772621824617,0,-1.35277064490888
287,4,1,2,949.122937787037,0.197406746987326,2,0.257340531416048,1.67673684182773,0.808329536166639,1,-1.35277064490888
288,155,1,1,952.056042383116,0.197343534031461,1,0.128278989213868,1.84782534260194,0.679475191987876,1,1.35277064490888
289,430,3,1,955.289285901374,0.197298465534914,3,0.383782247754425,1.88664482893182,0.932740243621083,1,-1.35277064490888
290,439,3,1,958.30605664993,0.197335047107117,3,0.23898682507388,1.74162581968267,0.788801415033959,1,-1.35277064490888
291,173,1,1,961.322571327481,0.197330657318162,1,0.311850000336563,1.98115814915946,0.86211673852813,1,1.35277064490888
292,81,1,1,964.505768913916,0.197404698419632,1,0.2840137652056,1.86999611650026,0.834255042622317,1,1.35277064490888
293,158,1,2,967.606343654312,0.197318365910178,2,0.195148639706531,1.69706127062091,0.744348366604754,1,-1.35277064490888
294,180,1,2,970.622594944543,0.197400601284244,2,0.275093422018472,1.7607055970675,0.824965079231333,1,-1.35277064490888
295,268,2,4,973.621646457543,0.197321877740251,3,0.305472222735261,1.84204896604388,0.856568630979382,1,1.05746579806042
296,91,1,1,976.67171814279,0.197339436896073,1,0.206317432641299,1.57593471038126,0.757685129825404,1,1.35277064490888
297,317,2,5,979.555259391147,0.197446255086106,3,0.199250458219467,1.85188677505903,0.749517196411034,1,-1.05746579806042
298,195,1,1,982.721517661143,0.197300806754356,1,0.250421346547228,1.65368840285191,0.80133104244851,1,1.35277064490888
299,111,1,1,985.638175182417,0.197334169148235,1,0.223677583486278,1.59312278151083,0.774759066449406,1,1.35277064490888
300,424,3,1,988.521231212802,0.19743806081533,3,0.644228408311392,2.01387758518285,1.19544334085185,1,-1.35277064490888
301,300,2,4,991.404232517154,0.197288515346372,3,0.598064512918427,2.03482448600698,1.14934353637182,1,1.05746579806042
302,347,2,3,994.354835688748,0.197311927553528,3,0.773217372676299,2.49260657162995,1.32393567379222,1,1.05746579806042
303,235,2,3,997.587453808448,0.197319243867241,3,0.299447676792624,1.83589945745189,0.850660853417139,1,1.05746579806042
304,16,1,2,1000.63760802172,0.197347631166849,2,0.486745033173065,2.08960817039224,1.03773023344002,1,-1.35277064490888
305,322,2,2,1003.75395849191,0.197340900158451,3,0.115373595888741,1.48528089233332,0.666564823570297,1,1.05746579806042
306,345,2,1,1006.63706954098,0.197274468024261,3,0.164788568756194,1.81795312349641,0.715029260867595,1,1.05746579806042
307,72,1,2,1009.80418060059,0.197491616236221,2,0.407567000613199,2.02694569333835,0.95743865782606,1,-1.35277064490888
308,148,1,2,1012.93758071724,0.197394455579342,2,0.510068272920762,2.02919970348376,1.06014683550347,1,-1.35277064490888
309,55,1,1,1015.97075493537,0.197332705885856,2,0.640983183890057,2.06013512940081,1.19055077507619,0,1.35277064490888
310,293,2,5,1018.90376617527,0.197419623700625,3,0.388379527079451,1.99112296939347,0.939323463331675,1,-1.05746579806042
311,308,2,4,1022.02002504521,0.197292027178264,3,0.259039964928888,1.97908851013744,0.809919517614617,1,1.05746579806042
312,105,1,1,1025.25417871298,0.197356996050075,1,0.300553025574118,1.75263658022595,0.850901413834436,1,1.35277064490888
313,434,3,1,1028.22081310007,0.197619505412149,3,0.424239417903664,1.99385517384871,0.973059281754104,1,-1.35277064490888
314,409,3,1,1031.30424952027,0.197405869032082,3,0.405351035302374,1.7905713778182,0.954985643928012,1,-1.35277064490888
315,228,2,4,1034.20345148596,0.197316024688917,3,0.0589463746346155,1.61148790130392,0.609659700656266,1,1.05746579806042
316,299,2,3,1037.26982333442,0.19727593128664,3,0.0667771722783073,1.55282422905839,0.617086345095231,1,1.05746579806042
317,192,1,2,1040.26929246264,0.197304025932681,2,0.419746322893843,2.08951247299956,0.971075389936232,1,-1.35277064490888
318,245,2,5,1043.45252984983,0.197312805510592,3,0.140975428597812,1.7941800767403,0.692087347428242,1,-1.05746579806042
319,369,2,1,1046.61927831289,0.197306952459257,3,0.249275611709891,1.63549126563885,0.800412406011674,1,1.05746579806042
320,247,2,7,1049.51927629359,0.197448303655619,3,0.0925112839522626,1.6952857474389,0.642856453034256,1,-1.05746579806042
321,150,1,2,1052.6359296592,0.19738450539262,NaN,NaN,NaN,NaN,0,-1.35277064490888
322,279,2,7,1055.83601944501,0.197422550227202,3,0.0405104329183814,1.42630203326189,0.591103771384951,1,-1.05746579806042
323,21,1,1,1058.73559220151,0.197287052083993,1,0.205003715223938,1.591084456315,0.755814494556034,1,1.35277064490888
324,447,3,1,1061.63550531296,0.19736284910141,3,0.314160199777689,2.06696710380129,0.865302847128987,1,-1.35277064490888
325,22,1,2,1064.90138866574,0.197326267529206,2,0.321566651184185,1.82490303688428,0.872736807879846,1,-1.35277064490888
326,126,1,2,1067.91833968828,0.197504785601268,2,0.739488285264088,2.17574870040335,1.29051855402577,1,-1.35277064490888
327,109,1,1,1070.86813221224,0.19734616790447,1,0.105016035897279,1.85814778428357,0.655513676971168,1,1.35277064490888
328,89,1,1,1074.13522597608,0.197404698419632,1,0.0925654246784688,1.69522692427017,0.64379703841405,1,1.35277064490888
329,337,2,1,1077.25165195063,0.197328316098719,3,0.209908572409404,1.9626180231262,0.758944413862991,1,1.05746579806042
330,102,1,2,1080.51788268202,0.197409380860336,2,0.542700791127572,1.91241142504077,1.09399561781902,1,-1.35277064490888
331,303,2,7,1083.40161239863,0.197318951215493,3,0.210974705745684,1.58038888259762,0.761672521181026,1,-1.05746579806042
332,17,1,1,1086.28442874656,0.19733094996991,1,0.244020449390518,1.91352877257668,0.794923121629836,1,1.35277064490888
333,2,1,2,1089.46719145127,0.197470837903893,2,0.668997937091262,2.13899856044191,1.22054064051736,1,-1.35277064490888
334,86,1,2,1092.45110375383,0.197294075745958,2,0.261060730970712,1.74716631826414,0.811145439258325,1,-1.35277064490888
335,450,3,1,1095.45100161808,0.197358459312454,3,0.360316486203374,1.963088315817,0.910471431108817,1,-1.35277064490888
336,250,2,2,1098.56726399984,0.197328023445152,3,0.219248872044773,1.83891260838027,0.769045610197281,1,1.05746579806042
337,285,2,5,1101.70111450881,0.197506541517214,3,0.0706943270179181,1.47299855634446,0.619670759999281,1,-1.05746579806042
338,229,2,5,1104.61735061037,0.197377481730655,3,0.259964454417059,1.81260899479457,0.810086914889325,1,-1.05746579806042
339,26,1,2,1121.48449131568,0.197530246374299,1,0.641327343320881,2.37718059092913,1.21552574596353,0,-1.35277064490888
340,385,2,1,1124.73473911925,0.197340900158451,3,0.0845578648768424,1.48677868821869,0.63424485831456,1,1.05746579806042
341,20,1,2,1127.65109784224,0.1973411928102,2,0.22762663735557,1.7465877441191,0.777034732886023,1,-1.35277064490888
342,357,2,5,1130.68417050993,0.197473764428651,3,0.212447040858024,1.89732606267171,0.76140006163223,1,-1.05746579806042
343,398,2,6,1133.88306802914,0.197320121826124,3,0.198476977460814,1.83441892806695,0.747910533766117,1,-1.05746579806042
344,112,1,2,1137.03319119198,0.197291149221201,2,0.358211728871538,2.06045499866741,0.907386872951975,1,-1.35277064490888
345,87,1,1,1140.24991769146,0.197339144242505,1,0.022335244646456,1.72452525167319,0.57139069382356,1,1.35277064490888
346,340,2,4,1143.46645543004,0.197365482974419,3,0.24757617819705,1.66676294936406,0.796945936241173,1,1.05746579806042
347,127,1,1,1146.39970518179,0.19736782419568,3,0.100124348080499,1.68556646271827,0.650236273057089,0,1.35277064490888
348,297,2,1,1149.50008560088,0.197540489216408,3,0.112472238244663,1.66547820455344,0.662041585346742,1,1.05746579806042
349,239,2,7,1152.5673272128,0.197431329805113,3,0.252607168640679,1.85397602180274,0.801736951572821,1,-1.05746579806042
350,183,1,1,1155.68245000543,0.197282076989723,1,0.153750006218615,1.52284811828758,0.703577765543741,1,1.35277064490888
351,223,2,7,1158.56545628487,0.19731426877479,3,0.0501445557401894,1.73601713305288,0.599444077166481,1,-1.05746579806042
352,147,1,1,1161.76563942686,0.197515906398621,1,0.139412663836993,1.59168176022467,0.688990497863415,1,1.35277064490888
353,193,1,1,1164.7324160431,0.197288515348191,1,0.196249306047321,1.86494551833312,0.745166037902891,1,1.35277064490888
354,227,2,3,1167.91502656846,0.19731046428933,3,0.0187739554421569,1.45492228464536,0.568177368531906,1,1.05746579806042
355,396,2,4,1170.8652653876,0.197502444381826,3,0.284787831273206,1.80378083716823,0.834146761169904,1,1.05746579806042
356,149,1,1,1173.89853998556,0.197423428186084,1,0.208287862438738,1.61065852390129,0.758016997848245,1,1.35277064490888
357,121,1,1,1176.81525633,0.197340314853136,1,0.0930430336829886,1.84573053545864,0.64261589261514,1,1.35277064490888
358,388,2,4,1180.08208758448,0.197412307386912,3,0.235024601837722,1.98689589557762,0.784110194230379,1,1.05746579806042
359,311,2,7,1183.34823286131,0.197366068279734,3,0.0478352342579456,1.61700615828886,0.597649531564457,1,-1.05746579806042
360,205,2,5,1186.43163328525,0.197291149219382,3,0.139994749812104,1.52541877851945,0.689787390829224,1,-1.05746579806042
361,186,1,2,1189.33104332692,0.197263932530404,2,0.208732987008261,1.57797771801779,0.758474999129248,1,-1.35277064490888
362,411,3,1,1192.21481664877,0.197385090697935,3,0.270570769100232,2.00593177507653,0.819727768719531,1,-1.35277064490888
363,431,3,1,1195.46441769015,0.197270956192369,3,0.266710974266971,1.85237813873573,0.816328316390354,1,-1.35277064490888
364,154,1,2,1198.56417095476,0.197380115603664,2,0.276113608901142,1.92857228562571,0.825141256082134,1,-1.35277064490888
365,218,2,2,1201.73087288606,0.197353191566435,3,0.0890892973748123,1.85801023757267,0.639365693099535,1,1.05746579806042
366,110,1,2,1205.01357059263,0.197435719594068,2,0.255332934741091,1.99133046007046,0.806341547213378,1,-1.35277064490888
367,444,3,1,1208.26367177726,0.197322170393818,3,0.336604896489007,1.78913328305498,0.886873683246449,1,-1.35277064490888
368,191,1,1,1211.23011447691,0.197429573889167,1,0.250981776231129,1.67046734567884,0.802295625342595,1,1.35277064490888
369,394,2,2,1214.16352167575,0.197332413234108,3,0.18334947312178,1.76926217310393,0.733575532605755,1,1.05746579806042
370,305,2,1,1217.26361032022,0.197355240135948,3,0.36306976164451,1.94873487754376,0.913615690393272,1,1.05746579806042
371,28,1,2,1220.36314702192,0.197278857811398,2,0.706213687302807,2.42548143543718,1.25722434834279,1,-1.35277064490888
372,267,2,3,1223.59656144929,0.197360800533716,3,0.312685816095836,2.0320966713407,0.864064341425546,1,1.05746579806042
373,225,2,1,1226.83015849186,0.197299928797293,3,0.171575474660131,1.79024009510067,0.720568003533117,1,1.05746579806042
374,422,3,1,1229.96270552625,0.197454156705135,3,0.533512670832351,1.9696314421235,1.08463688107258,1,-1.35277064490888
375,367,2,7,1232.91267364175,0.197356996050075,3,0.426793982243908,1.9795605587442,0.977912924738121,1,-1.05746579806042
376,10,1,2,1235.97948534703,0.19729758757785,1,0.745082924571761,2.28088940629823,1.29638477492517,0,-1.35277064490888
377,266,2,2,1239.02934046937,0.197263639878656,3,0.0222533019241382,1.75804041005358,0.571692125977279,1,1.05746579806042
378,371,2,3,1242.2791917287,0.197304903891563,3,0.021493868489415,1.69070134482536,0.57149663405653,1,1.05746579806042
379,95,1,1,1245.46247418438,0.197316024688917,1,0.22753591505716,1.82983276953928,0.777583749119003,1,1.35277064490888
380,29,1,1,1248.57856624235,0.197516491703936,1,0.0480541383840318,1.61751771499257,0.599060116985129,1,1.35277064490888
381,255,2,7,1251.66254553308,0.197288222694624,3,0.18400442958955,1.86948719366956,0.734232244987652,1,-1.05746579806042
382,80,1,2,1254.86208571735,0.197334754455369,2,0.320943886501482,1.79018214989082,0.871896894985184,1,-1.35277064490888
383,320,2,8,1257.84579608963,0.197404991073199,3,0.127146131088011,1.86245153307573,0.676368099580941,1,-1.05746579806042
384,332,2,4,1261.09505355688,0.197460009756469,3,0.0778113450287492,1.59703349789197,0.627947560169559,1,1.05746579806042
385,44,1,2,1264.12840044003,0.197316024688917,2,0.345487487493301,1.73152081886656,0.896866012821192,1,-1.35277064490888
386,339,2,3,1267.02845753655,0.197287052083993,3,0.132482358170819,1.75142616916855,0.682263585737019,1,1.05746579806042
387,343,2,7,1270.16265015638,0.19795020282254,3,0.0325520387486904,1.78528402371558,0.581614804239507,1,-1.05746579806042
388,98,1,2,1273.42945390151,0.197378944993034,2,0.708841707439205,2.12662608745995,1.25791266720262,1,-1.35277064490888
389,414,3,1,1276.36147773163,0.197317195299547,3,0.329954951988839,2.08227605273714,0.879707792255431,1,-1.35277064490888
390,101,1,1,1279.62794990139,0.197278857813217,1,0.242955779318436,1.9119923465496,0.793408351895778,1,1.35277064490888
391,437,3,1,1282.81086654135,0.197318951215493,3,0.436623889640032,1.87280733715124,0.987123286628048,1,-1.35277064490888
392,328,2,8,1285.76132426461,0.197404113114317,3,0.121118365968869,1.7064800011467,0.670938516326714,1,-1.05746579806042
393,53,1,1,1288.86067600989,0.197518247619882,1,0.246370449582173,1.79898045695336,0.797412131796591,1,1.35277064490888
394,63,1,1,1291.92766564794,0.197311342248213,1,0.0559300045260898,1.50825967999481,0.606247078962042,1,1.35277064490888
395,433,3,1,1294.89423799268,0.197386846613881,3,0.523908105920782,2.10952054435802,1.07357315041554,1,-1.35277064490888
396,254,2,6,1297.99385049141,0.197307830416321,3,0.0812067002225376,1.63372042489755,0.632431582947902,1,-1.05746579806042
397,212,2,4,1301.06044153665,0.197431037151546,3,0.13792276957065,1.60710630692665,0.688310665927929,1,1.05746579806042
398,404,3,1,1304.04384462372,0.197300806756175,3,0.463045734866682,2.21549940723344,1.01287788398258,1,-1.35277064490888
399,59,1,1,1307.3103358159,0.197335047107117,1,0.31639343158713,1.88533930578706,0.865861520896942,1,1.35277064490888
400,438,3,1,1310.39321765948,0.19746235097773,3,0.547787970866921,2.05039828552435,1.09801783483454,1,-1.35277064490888
401,14,1,2,1313.40985144663,0.197301684713239,2,0.200458528057425,1.76976787675449,0.749966125464198,1,-1.35277064490888
402,140,1,2,1316.49280352681,0.197277979854334,2,0.338592007483385,1.77478745374901,0.888617599950521,1,-1.35277064490888
403,179,1,1,1319.44336865357,0.197304611239815,1,0.150924152940206,1.71977257382969,0.700118612088772,1,1.35277064490888
404,440,3,1,1322.52615743362,0.197327438139837,3,0.260707499310229,2.01333237343351,0.811620121738088,1,-1.35277064490888
405,178,1,2,1325.79278529456,0.197328608748649,2,0.203574692694019,1.92266245949213,0.753528585279128,1,-1.35277064490888
406,373,2,5,1329.02606978418,0.197276516591955,3,0.0705362946264358,1.47291134587795,0.620787522229875,1,-1.05746579806042
407,287,2,7,1331.94211946605,0.197333291191171,3,0.953783427143208,2.55679610982952,1.50488832231349,1,-1.05746579806042
408,432,3,1,1335.05917961874,0.197302270018554,3,0.286743921093148,2.05603126231836,0.83796880382215,1,-1.35277064490888
409,62,1,2,1338.34257325313,0.197396504147036,2,0.222118037905602,1.72444857669871,0.771570031321971,1,-1.35277064490888
410,189,1,1,1341.35890092569,0.197308123069888,1,0.171113376243738,1.94020434758932,0.721624186682675,1,1.35277064490888
411,165,1,1,1344.64252575562,0.197349679736362,3,0.666058241959036,2.16829337601484,1.21501740843996,0,1.35277064490888
412,375,2,7,1347.65917300479,0.197356703398327,3,0.376393062846546,1.91164672385639,0.925528991481769,1,-1.05746579806042
413,208,2,8,1350.70867489547,0.197483421961806,3,0.0905004680989805,1.52619664906888,0.640044647076138,1,-1.05746579806042
414,113,1,1,1353.65812969835,0.197450352221495,1,0.508957363737863,1.92860447740895,1.05946993009275,1,1.35277064490888
415,216,2,8,1356.59231827958,0.197316024688917,3,0.085194676883475,1.77044097768157,0.634903619264151,1,-1.05746579806042
416,177,1,1,1359.79184500183,0.197345582599155,1,0.128058914475332,1.54698493219803,0.678320970226196,1,1.35277064490888
417,170,1,2,1362.72504266143,0.197480788088797,3,0.247037990107856,1.76595929612449,0.796326683388543,0,-1.35277064490888
418,211,2,3,1365.75808635651,0.19735904461777,3,0.0415241814425826,1.66053881436528,0.59207947507457,1,1.05746579806042
419,435,3,1,1368.89293451811,0.197330657318162,3,0.374494625582884,1.92568204877898,0.923637285224686,1,-1.35277064490888
420,167,1,1,1371.95864204522,0.197474642387533,1,0.0936968195401278,1.81202339698757,0.642676764351563,1,1.35277064490888
421,309,2,5,1375.19134561947,0.197453864053386,3,0.0191965457634069,1.48810791622418,0.56836964127433,1,-1.05746579806042
422,392,2,8,1378.17423832045,0.197356996050075,3,0.0863945524488372,1.57222972876116,0.636349030339261,1,-1.05746579806042
423,381,2,5,1381.17427724325,0.197425769405527,3,0.068094401525741,1.62037810127549,0.617973375054135,1,-1.05746579806042
424,97,1,1,1384.24018172554,0.197318365910178,1,0.115103477561206,1.81833386449762,0.666488148595818,1,1.35277064490888
425,442,3,1,1387.4577174094,0.197407039640893,3,0.397007510344338,1.84893215464581,0.945943557269857,1,-1.35277064490888
426,378,2,2,1390.42432721368,0.197401186589559,3,0.132292426649656,1.63429548720887,0.681866748844186,1,1.05746579806042
427,54,1,2,1393.4400546558,0.197427817973221,2,0.231016139498024,1.85046594679989,0.780675038286063,1,-1.35277064490888
428,301,2,5,1396.57332571266,0.197313390815907,3,0.0186978657729924,1.47147295846298,0.568921291382139,1,-1.05746579806042
429,162,1,2,1399.54000926538,0.197344119336776,1,0.249943152237392,1.90256981154016,0.800267542985239,0,-1.35277064490888
430,171,1,1,1402.70697546196,0.197488397056077,1,0.0863585561801301,1.65520024606303,0.635655443733413,1,1.35277064490888
431,60,1,2,1405.78973439145,0.19722881422058,1,0.84270480046689,2.42865847180838,1.39372014394939,0,-1.35277064490888
432,441,3,1,1408.88934250038,0.197395040884658,3,0.501712749204671,1.92120534231435,1.05068537770057,1,-1.35277064490888
433,363,2,3,1411.82290275652,0.197313390815907,3,0.140618977759004,1.84332463862484,0.691787671190468,1,1.05746579806042
434,35,1,1,1415.03973841542,0.197402942505505,1,0.0894425290334766,1.45850054770017,0.639098793950325,1,1.35277064490888
435,423,3,1,1417.9222372353,0.197314854078286,3,0.361439101487122,1.84785138868028,0.912764656699437,1,-1.35277064490888
436,318,2,6,1420.92273591529,0.197303147975617,3,0.0624102105302882,1.83153542222863,0.613664943819458,1,-1.05746579806042
437,290,2,2,1424.20647985482,0.197355240135948,3,0.0187950264280516,1.48772395604283,0.568108887830022,1,1.05746579806042
438,224,2,8,1427.18889143497,0.19733855893719,3,0.0457746674655937,1.76505909679872,0.596399319758348,1,-1.05746579806042
439,221,2,5,1430.42175509018,0.1974292812356,3,0.0513265794979816,1.60437995552275,0.602594774803947,1,-1.05746579806042
440,50,1,2,1433.48848104826,0.197354947482381,2,0.538366313816368,2.04137522128076,1.08966640825383,1,-1.35277064490888
441,100,1,2,1436.5054826997,0.197409088208587,2,0.411525419363898,2.0807244087755,0.961756161288577,1,-1.35277064490888
442,132,1,2,1439.68856351775,0.197306074502194,1,0.919568829107448,2.30550617043446,1.46964973291142,0,-1.35277064490888
443,413,3,1,1442.58865339136,0.197312805510592,3,0.654243564789795,2.17324125312734,1.20390392684021,1,-1.35277064490888
444,276,2,4,1445.62110358701,0.197369580111626,3,0.126778266800102,1.79670596112737,0.676850976333299,1,1.05746579806042
445,240,2,8,1448.80480716975,0.197273882717127,3,0.0661801610222028,1.46880455226892,0.615724047349431,1,-1.05746579806042
446,78,1,2,1451.72141406213,0.19731690264598,2,0.785648668825161,2.28833799967833,1.33646383794439,1,-1.35277064490888
447,226,2,2,1454.73773207715,0.197318365910178,3,0.214959463228297,1.9679609812174,0.76567747169247,1,1.05746579806042
448,156,1,2,1458.00456830672,0.197336803023063,2,0.354055769630577,1.97334169149144,0.903709985979731,1,-1.35277064490888
449,417,3,1,1461.13765235859,0.197509175390223,3,0.320773562702016,2.04016568818224,0.871269740513526,1,-1.35277064490888
450,331,2,3,1464.37135182956,0.197329779361098,3,0.111009560667299,1.83011108213941,0.660127344843204,1,1.05746579806042
