PresOrder,TrialNumber,Illusory_Fragmented,Fat_Thin,StimPresTime,StimPresLength,Response,RespScreenOnset_to_Resp,ExpStartOnset_to_Resp,StimOnset_to_Resp,Accuracy,StepLevel
1,245,2,5,258.143321038999,0.198268608826766,3,0.580032139105242,2.09549751084342,1.13114756976938,1,-1.47395728797215
2,187,1,1,261.172229553169,0.199273285123127,2,0.670906324543466,2.0424899349473,1.22259945139376,0,2.00836203983706
3,263,2,7,264.053097712891,0.198909810620535,3,0.484814696777903,2.05757705322867,1.03607177128833,1,-1.47395728797215
4,186,1,2,267.134264319711,0.198893714728911,NaN,NaN,NaN,NaN,0,-2.00836203983706
5,398,2,6,270.123127425908,0.199023652472533,3,0.932561140243706,2.52321920175382,1.48680268573116,1,-1.47395728797215
6,159,1,1,273.225126506393,0.198874692312529,NaN,NaN,NaN,NaN,0,2.00836203983706
7,87,1,1,276.099816770222,0.198309580186105,NaN,NaN,NaN,NaN,0,2.00836203983706
8,446,3,1,279.015619745973,0.198371915184907,3,1.0798034311174,2.43888697201328,1.63091008220363,1,-2.00836203983706
9,217,2,1,281.882398147392,0.199102668668274,3,0.745506100196508,2.4045965769601,1.29654222201134,1,1.47395728797215
10,305,2,1,285.050409698975,0.198761435765846,3,0.414373514240651,2.17185729909215,0.965072500286624,1,1.47395728797215
11,229,2,5,288.316036102793,0.19974152924442,3,1.12235453045287,2.69828133921328,1.67400668594018,1,-1.47395728797215
12,421,3,1,291.399957740969,0.19946321664429,3,0.759381051506352,2.11823895726775,1.3109843340153,1,-2.00836203983706
13,443,3,1,294.266346621809,0.198741535390582,3,0.746017071594906,2.40393576744282,1.29674005515335,1,-2.00836203983706
14,57,1,1,297.432790726192,0.198420202861598,1,0.975588092669568,2.33343956621866,1.52659290065822,1,2.00836203983706
15,226,2,2,300.298693511102,0.198641155555379,3,0.36598750783196,1.89139399494525,0.916993486431238,1,1.47395728797215
16,216,2,8,303.332073171339,0.198972145619337,3,0.367992470635727,1.80988410665304,0.918651363277604,1,-1.47395728797215
17,391,2,7,306.281652351567,0.198876155574908,3,0.48649540052611,2.13243377784238,1.04094911913126,1,-1.47395728797215
18,352,2,8,309.435017812299,0.199425464461456,3,0.256273227469137,1.94696842659323,0.808184965793771,1,-1.47395728797215
19,330,2,2,312.632986744888,0.198833135647874,3,0.382237042149427,1.97300601898496,0.932883643385139,1,1.47395728797215
20,281,2,1,315.732288446574,0.198301093261762,3,0.443228472988267,1.81768300516705,0.994230647105724,1,1.47395728797215
21,379,2,3,318.614271905266,0.198419910208031,3,0.174440543385572,1.58353401983732,0.725540463461584,1,1.47395728797215
22,265,2,1,321.53065579638,0.199013994939378,3,0.251697604433502,2.01108158246643,0.802362935433848,1,1.47395728797215
23,399,2,7,324.797639522849,0.19880826017652,3,0.355072444683174,1.86421388689087,0.905940583917982,1,-1.47395728797215
24,133,1,1,327.814472021097,0.199249287610655,3,0.322437292599716,2.03116515818874,0.873291969817728,0,2.00836203983706
25,307,2,3,331.031559068557,0.199501261478872,3,1.10376875061593,2.6461362104601,1.65517829711825,1,1.47395728797215
26,278,2,6,334.081161631726,0.198720757056435,3,0.333279485259482,1.92455504370628,0.883539785094399,1,-1.47395728797215
27,287,2,7,337.18028686391,0.198414935115579,3,0.24829639618838,1.65732314785237,0.799742816916478,1,-1.47395728797215
28,118,1,2,340.097077542105,0.198939075879025,NaN,NaN,NaN,NaN,0,-2.00836203983706
29,320,2,8,343.147654053048,0.198771385952568,NaN,NaN,NaN,NaN,0,-1.47395728797215
30,440,3,1,346.164835978474,0.198653154311614,3,1.14847406556873,2.67278456878012,1.69932318238534,1,-2.00836203983706
31,283,2,3,349.196179654735,0.199289088361184,3,0.75948084603624,2.36929067746496,1.31022665649471,1,1.47395728797215
32,386,2,2,352.313738194762,0.199325377281639,3,0.434319543252059,2.05985301231703,0.985012383594949,1,1.47395728797215
33,90,1,2,355.446749961444,0.198675688559888,2,1.19464205809527,2.88673233205191,1.74534718984796,1,-2.00836203983706
34,312,2,8,358.64624185804,0.198492195393555,3,0.588770159740307,2.03122281074684,1.13964854181359,1,-1.47395728797215
35,32,1,2,361.597179824181,0.199106765805482,NaN,NaN,NaN,NaN,0,-2.00836203983706
36,200,1,2,364.497185706497,0.198833428299622,NaN,NaN,NaN,NaN,0,-2.00836203983706
37,197,1,1,367.746449904756,0.199078963811189,1,1.47814924169325,3.1868463787614,2.02901913684582,1,2.00836203983706
38,323,2,3,370.962819660752,0.199577643801604,3,0.594023566140095,1.97040433757866,1.14544774527349,1,1.47395728797215
39,243,2,3,373.847221600336,0.198870009870006,3,0.357439126069949,1.98185027250292,0.908081630168454,1,1.47395728797215
40,188,1,2,376.978940720588,0.19845444321254,1,1.49912482246873,3.05826068964598,2.0501729430398,0,-2.00836203983706
41,219,2,3,380.049987401308,0.198910395927669,3,0.525057059936444,2.16319507547632,1.07579818795421,1,1.47395728797215
42,289,2,1,383.19772486034,0.198987070902149,NaN,NaN,NaN,NaN,0,1.47395728797215
43,294,2,6,386.128939506079,0.198599013585408,3,0.927178966707288,2.63605111001561,1.47796106608621,1,-1.47395728797215
44,317,2,5,389.3455676743,0.199412295096408,3,0.350799717061818,2.04343988521032,0.90172843538312,1,-1.47395728797215
45,135,1,1,392.545819882289,0.199347618876345,1,1.42972284923053,2.95532687683226,1.9805886472459,1,2.00836203983706
46,70,1,2,395.578968639644,0.198421080818662,2,1.26016726265334,3.00201637625287,1.81105939940062,1,-2.00836203983706
47,363,2,3,398.828345509144,0.198416398377958,3,0.539814944069803,2.24865313967894,1.09070854407946,1,1.47395728797215
48,150,1,2,402.044669026032,0.199002581488458,1,1.36719762623579,2.77681465814749,1.91834144419954,0,-2.00836203983706
49,124,1,2,404.961446534862,0.198896348603739,1,0.544181905817823,2.00347641995722,1.09503307120394,0,-2.00836203983706
50,198,1,2,407.928049315471,0.199333864204164,1,0.629701134408606,2.38883606509989,1.18065619146,0,-2.00836203983706
51,41,1,1,411.194767020748,0.199404100823813,1,0.961062867332657,2.35403177211811,1.51227516600011,1,2.00836203983706
52,295,2,7,414.095140767353,0.198703197902432,3,0.771004919197367,2.42946648557336,1.32175687535891,1,-1.47395728797215
53,36,1,2,417.26143093648,0.198601354806669,NaN,NaN,NaN,NaN,0,-2.00836203983706
54,107,1,1,420.211034699523,0.198441859150989,2,0.348011615966243,2.07371216038882,0.899187040406105,0,2.00836203983706
55,448,3,1,423.445637296347,0.198977413367174,3,0.986459550584186,2.71083379352967,1.53716907212402,1,-2.00836203983706
56,112,1,2,426.678001978917,0.198419910208031,1,0.900795458968787,2.54253719833832,1.4519562507794,0,-2.00836203983706
57,232,2,8,429.828379749495,0.200022183065812,3,0.836664451288016,2.44802446341419,1.38994287714377,1,-1.47395728797215
58,256,2,8,432.947413258509,0.198389474340729,3,0.613445454389876,2.16905105353362,1.16446752887896,1,-1.47395728797215
59,8,1,2,436.010516177688,0.198681541611222,1,0.807113272057904,2.26604987209612,1.35778152958301,0,-2.00836203983706
60,131,1,1,438.976786212319,0.198387133119468,1,0.324453083547269,1.68366773279922,0.875424529143856,1,2.00836203983706
61,271,2,7,441.844577191654,0.199045601417311,3,0.524406200604062,2.21575928272068,1.0749992464207,1,-1.47395728797215
62,78,1,2,445.04325814796,0.198874107007214,1,1.06160161146363,2.7211360421843,1.61252242816226,0,-2.00836203983706
63,315,2,3,448.209993149003,0.199173197941491,3,0.298921780111414,1.65820491006707,0.849784944255589,1,1.47395728797215
64,165,1,1,451.076935435867,0.199488970070888,NaN,NaN,NaN,NaN,0,2.00836203983706
65,156,1,2,454.32757217471,0.198646423301398,NaN,NaN,NaN,NaN,0,-2.00836203983706
66,357,2,5,457.193314000704,0.198694125672773,3,0.446250696146308,2.15500577842613,0.99706440200498,1,-1.47395728797215
67,75,1,1,460.409806085476,0.198949026067567,1,1.41136241187814,2.97034083197104,1.96212256231411,1,2.00836203983706
68,176,1,2,463.476432834332,0.198983266418509,1,0.840272564902989,2.41577912456523,1.39091799552807,0,-2.00836203983706
69,394,2,2,466.559340431329,0.198397961265073,3,0.307032060967686,1.73286438684408,0.858131395738383,1,1.47395728797215
70,149,1,1,469.492624130786,0.199168808152535,1,1.44833730901883,2.80750864568836,1.99899532370546,1,2.00836203983706
71,168,1,2,472.359457843542,0.19933562012011,2,0.567765021052764,2.27723915071147,1.11904375185259,1,-2.00836203983706
72,106,1,2,475.576555426496,0.198426933869996,NaN,NaN,NaN,NaN,0,-2.00836203983706
73,120,1,2,478.675497165514,0.198352600116777,1,0.734640495333224,2.16047194325074,1.28575182886016,0,-2.00836203983706
74,221,2,5,481.609573368149,0.198972438272904,NaN,NaN,NaN,NaN,0,-1.47395728797215
75,288,2,8,484.858953164176,0.198813235270791,3,0.619374010286265,2.3450136829706,1.17008645835085,1,-1.47395728797215
76,388,2,4,488.092437242851,0.198908347359975,3,0.239898145197003,1.81530637359174,0.790860518563932,1,1.47395728797215
77,415,3,1,491.175672610734,0.199433073428736,3,0.74137384581627,2.48416939784693,1.29268535370466,1,-2.00836203983706
78,129,1,1,494.425928608574,0.198568577718106,1,1.35896647986556,3.03386604881962,1.909654345116,1,2.00836203983706
79,160,1,2,497.608333106527,0.198412008587184,1,0.59439816144004,2.20339207748475,1.14554724714799,0,-2.00836203983706
80,147,1,1,500.725094460935,0.199026871650858,1,0.310362447289663,1.90261136820664,0.860979783266885,1,2.00836203983706
81,203,2,3,503.825694076801,0.198968341135696,3,0.290514749542126,1.68202975632812,0.841088772938747,1,1.47395728797215
82,244,2,4,506.724935550586,0.19841493511376,3,0.25583483390983,1.61471732248719,0.807147512408847,1,1.47395728797215
83,111,1,1,509.591440321848,0.19929845324441,1,1.39378950261016,3.02014298419454,1.94504160202814,1,2.00836203983706
84,230,2,6,512.725199523211,0.199398833077794,3,0.532877907395232,2.15834435901888,1.08368722346131,1,-1.47395728797215
85,253,2,5,515.858574764394,0.198709928912649,2,0.872802362056973,2.28097925063958,1.4234299408763,0,-1.47395728797215
86,311,2,7,518.774288481107,0.198752363536187,3,0.438072227241719,1.99716887897375,0.988898224506556,1,-1.47395728797215
87,228,2,4,521.840903816512,0.198904835528083,3,0.224842926045312,1.65057896922553,0.775492453807601,1,1.47395728797215
88,38,1,2,524.774644639292,0.198801529168122,NaN,NaN,NaN,NaN,0,-2.00836203983706
89,225,2,1,527.990743691655,0.199001410877827,3,1.45015848600269,3.09250952803632,2.0009657535029,1,1.47395728797215
90,350,2,6,531.140779936677,0.199584667463569,3,0.899041884729741,2.55868020711569,1.45042362923778,1,-1.47395728797215
91,349,2,5,534.307994302641,0.19870349055418,1,0.740804929206206,2.39917782185148,1.29165433867638,0,-1.47395728797215
92,148,1,2,537.474278326063,0.198534044713597,NaN,NaN,NaN,NaN,0,-2.00836203983706
93,83,1,1,540.473774963632,0.198422836734608,2,1.14449311256794,2.75341093894349,1.69563019952147,0,2.00836203983706
94,396,2,4,543.590276735204,0.198761435765846,3,0.509280159531045,1.88497231945621,1.06016380935398,1,1.47395728797215
95,358,2,6,546.473587958635,0.198325968731297,3,0.978008914782549,2.35358928142341,1.52912902788739,1,-1.47395728797215
96,69,1,1,549.356679985285,0.198968048485767,1,1.23467312609318,2.71042320196466,1.78550907354838,1,2.00836203983706
97,285,2,5,552.340283246724,0.199262456977522,1,1.04243901339942,2.734762531456,1.59314853493743,0,-1.47395728797215
98,444,3,1,555.539914738598,0.198687979967872,3,0.584197755881178,2.14304126313618,1.13482270082568,1,-2.00836203983706
99,48,1,2,558.606233324292,0.198359331125175,1,0.919639651030593,2.62872396745479,1.47073664458003,0,-2.00836203983706
100,371,2,3,561.822813204835,0.198955464424216,3,0.684971792681608,2.04405445562224,1.23554874260481,1,1.47395728797215
101,313,2,1,564.689488299897,0.198851865412507,1,1.41843992179201,2.97749062707044,1.96910349687641,0,1.47395728797215
102,297,2,1,567.756108903048,0.199013116980495,3,0.827464332236559,2.48684160852463,1.37856454496432,1,1.47395728797215
103,314,2,2,570.923440330042,0.198701734640053,3,0.340467325193458,2.01544503238438,0.891724985009205,1,1.47395728797215
104,93,1,1,574.106108507967,0.198926199165726,1,1.39786439708769,3.0567391889017,1.94849841426185,1,2.00836203983706
105,372,2,4,577.272521591176,0.198399424527452,3,0.452214077700773,2.19433213901721,1.00318581594911,1,1.47395728797215
106,436,3,1,580.522143703536,0.19899087538397,3,0.875958327444096,2.56855606096724,1.42680393243063,1,-2.00836203983706
107,140,1,2,583.72252467866,0.198963658696812,1,1.41719614834074,2.77602771537022,1.96795015307362,0,-2.00836203983706
108,303,2,7,586.588920583163,0.198377182930926,3,0.633402896850384,2.32563452200156,1.1845475927712,1,-1.47395728797215
109,284,2,4,589.788802878296,0.199279723477957,3,0.286105938477704,1.86188846951882,0.836849407714908,1,1.47395728797215
110,9,1,1,592.872089167729,0.199291136928878,1,0.793983121555357,2.38648518694936,1.34472015243773,1,2.00836203983706
111,139,1,1,595.972158789777,0.198760850458712,1,1.03103522044512,2.60631936414757,1.58168796738391,1,2.00836203983706
112,373,2,5,599.055160035599,0.198690028535566,3,0.515093702966624,2.10731687045518,1.06591677370307,1,-1.47395728797215
113,130,1,2,602.154698785873,0.199021018601343,NaN,NaN,NaN,NaN,0,-2.00836203983706
114,10,1,2,728.130955882332,0.198771678604317,1,0.983065366001028,2.46210573479038,1.53409534211278,0,-2.00836203983706
115,144,1,2,731.117909430466,0.199154468176857,1,1.32391928524885,2.69909110889239,1.87473533232696,0,-2.00836203983706
116,42,1,2,734.000937951509,0.199004922709719,1,0.419155164689073,2.12791083227239,0.969773671276926,0,-2.00836203983706
117,322,2,2,737.217081194409,0.198396790656261,3,0.724941110986038,2.38380507465445,1.27629359023558,1,1.47395728797215
118,89,1,1,740.383351755814,0.19837659762743,NaN,NaN,NaN,NaN,0,2.00836203983706
119,384,2,8,743.366845565188,0.198898982476749,3,0.782060162931884,2.25778828985858,1.33270734947291,1,-1.47395728797215
120,333,2,5,746.350165831584,0.198919175503761,NaN,NaN,NaN,NaN,0,-1.47395728797215
121,400,2,8,749.416653863116,0.199584082156434,3,0.474894945040433,1.93607823891034,1.02769107945096,1,-1.47395728797215
122,310,2,6,752.385168835661,0.199382151879036,3,0.78732761665924,2.51144812981875,1.33809479075353,1,-1.47395728797215
123,286,2,6,755.616825298996,0.19877372717383,3,0.451275248235106,2.15991063560978,1.00195872369477,1,-1.47395728797215
124,267,2,3,758.832980540652,0.19836518417651,3,0.354717749758493,1.86366662657383,0.906011991146443,1,1.47395728797215
125,152,1,2,761.849796650358,0.198777239005722,2,0.793389914782892,2.51886336080315,1.34423522711768,1,-2.00836203983706
126,342,2,6,765.083279265771,0.198788945106571,3,0.413301527851218,2.0052358472476,0.963970370683455,1,-1.47395728797215
127,142,1,2,768.182775581421,0.198879082101485,2,1.49363524543696,3.16968932880445,2.04487329753101,1,-2.00836203983706
128,116,1,2,771.366645683478,0.199203633808793,1,1.0233475299101,2.68193113240886,1.57439126069221,0,-2.00836203983706
129,208,2,8,774.532966873778,0.199047649985005,3,0.552089963744947,2.0274496410766,1.10267598589598,1,-1.47395728797215
130,145,1,1,777.515844064172,0.198304019786519,1,0.718440711954827,2.26057668360954,1.26944200811158,1,2.00836203983706
131,300,2,4,780.565527106799,0.198893422077163,3,0.623000268362375,2.09878429193122,1.17365799039544,1,1.47395728797215
132,195,1,1,783.549053985915,0.198665445721417,1,0.732332929765107,2.27513936847208,1.28382295572737,1,2.00836203983706
133,105,1,1,786.599676443311,0.198720464404687,1,0.932435592289039,2.44057177289869,1.48314365056649,1,2.00836203983706
134,359,2,7,789.615258144448,0.199589057250705,3,0.394868805313308,2.12106890768337,0.946098370481195,1,-1.47395728797215
135,418,3,1,792.848996538212,0.199408490612768,3,1.02951254908839,2.45519152501583,1.58035903203381,1,-2.00836203983706
136,85,1,1,795.782293114384,0.198682419570105,1,1.19939883307597,2.85787210555463,1.75007616283438,1,2.00836203983706
137,361,2,1,798.948339211262,0.198371915184907,3,0.3648128003897,2.12373058286721,0.915702303262151,1,1.47395728797215
138,51,1,1,802.215291916556,0.199034773271705,NaN,NaN,NaN,NaN,0,2.00836203983706
139,441,3,1,805.165373288604,0.198869717218258,3,0.759500161106189,2.43463824190803,1.31018509982823,1,-2.00836203983706
140,169,1,1,808.348190719344,0.198808260178339,1,0.633437137201327,2.07582540464318,1.18443228765682,1,2.00836203983706
141,182,1,2,811.298089183532,0.199166174277707,NaN,NaN,NaN,NaN,0,-2.00836203983706
142,412,3,1,814.514808074051,0.199030968788065,3,0.60616308767203,2.36498692867281,1.15673330658501,1,-2.00836203983706
143,356,2,4,817.781113724499,0.198304897745402,3,0.286497507624517,1.77867680649251,0.837500559699038,1,1.47395728797215
144,61,1,1,820.780885162836,0.198660763278895,1,1.48944182666673,3.11484096820095,2.03995439302344,1,2.00836203983706
145,173,1,1,823.914119052824,0.198878204142602,1,1.49718570649748,3.18965145370748,2.04788381458457,1,2.00836203983706
146,364,2,4,827.116656877439,0.198846305012921,3,0.416092262821621,1.93924005734698,0.966806466802154,1,1.47395728797215
147,97,1,1,830.147177614654,0.199253970051359,1,0.661870676240142,2.40446956574124,1.21254654273253,1,2.00836203983706
148,329,2,1,833.397341134281,0.199263920238081,3,0.554633699939586,2.13043993583779,1.10529229992972,1,1.47395728797215
149,426,3,1,836.481301109943,0.19873802355869,3,0.874784497958899,2.56618733101277,1.4254079796392,1,-2.00836203983706
150,282,2,2,839.680204482209,0.198711392175028,3,0.620362883340931,2.27944750705319,1.17119239243766,1,1.47395728797215
151,45,1,1,842.846949726092,0.198942880362665,NaN,NaN,NaN,NaN,0,2.00836203983706
152,128,1,2,845.763865952244,0.198878789447917,2,1.03897576280724,2.74762900198766,1.58969669779617,1,-2.00836203983706
153,340,2,4,848.980358622321,0.198987070902149,3,0.346543963294607,1.75518412090605,0.897273385209701,1,1.47395728797215
154,268,2,4,851.897418248234,0.199467899086812,3,0.33842665877637,2.01406283426513,0.889701292442624,1,1.47395728797215
155,266,2,2,855.080972578162,0.198950196678197,3,0.550648064498091,2.15849595305372,1.10113195090162,1,1.47395728797215
156,438,3,1,858.196626242567,0.198369281313717,3,0.90474568344689,2.34673916256361,1.45575488122631,1,-2.00836203983706
157,157,1,1,861.146649084099,0.198382158025197,NaN,NaN,NaN,NaN,0,2.00836203983706
158,53,1,1,864.41295034476,0.198787189192444,1,0.847318175685359,2.30626853039576,1.39814358764488,1,2.00836203983706
159,375,2,7,867.379572147787,0.198463222788632,3,0.276770613934787,1.83560651222069,0.827720988545479,1,-1.47395728797215
160,345,2,1,870.446431848093,0.19934703357103,3,0.660391024814089,2.35270108085388,1.2113358390252,1,1.47395728797215
161,79,1,1,873.646387891677,0.199366641292727,2,0.966036790525322,2.62491480151766,1.51681625603123,0,2.00836203983706
162,431,3,1,876.812906037159,0.1988158691438,3,1.28248143631572,2.87428259879016,1.83314237752711,1,-2.00836203983706
163,16,1,2,879.912400596895,0.19859872093366,1,1.03043791653727,2.78277335725943,1.59142217738918,0,-2.00836203983706
164,209,2,1,883.172351881947,0.198950489329945,3,0.589913553354563,2.1388244321588,1.14054786318229,1,1.47395728797215
165,60,1,2,886.229020248926,0.19855540835124,NaN,NaN,NaN,NaN,0,-2.00836203983706
166,269,2,5,889.395436551313,0.199155053480354,3,0.61199067842972,2.18765468517631,1.16279121492153,1,-1.47395728797215
167,58,1,2,892.478946427313,0.199287625096986,2,0.60055644960994,1.97611398934896,1.15159637590659,1,-2.00836203983706
168,99,1,1,895.362486797711,0.198827575248288,3,1.38075065971316,2.9725518221876,1.93159626469969,0,2.00836203983706
169,113,1,1,898.462064470777,0.198879960058548,NaN,NaN,NaN,NaN,0,2.00836203983706
170,411,3,1,901.628236700917,0.19839181556199,3,0.906266013582353,2.4986126804597,1.45744963229663,1,-2.00836203983706
171,25,1,1,904.728277935665,0.198972730926471,NaN,NaN,NaN,NaN,0,2.00836203983706
172,272,2,8,907.927895672869,0.198500389666151,3,0.391029496160627,1.76686476319628,0.942022598046606,1,-1.47395728797215
173,151,1,1,910.811262500289,0.199393272678208,NaN,NaN,NaN,NaN,0,2.00836203983706
174,420,3,1,913.962258060457,0.199364007421536,3,0.54995623380637,2.10828847700941,1.10073657727116,1,-2.00836203983706
175,117,1,1,917.028550014766,0.198318067112268,2,0.950229454252622,2.45830066598865,1.50114295463754,0,2.00836203983706
176,158,1,2,920.044860128164,0.198596672364147,NaN,NaN,NaN,NaN,0,-2.00836203983706
177,179,1,1,923.111711048894,0.19895634238128,NaN,NaN,NaN,NaN,0,2.00836203983706
178,162,1,2,925.994777029466,0.198835769519064,2,0.7594823092968,2.46788415991614,1.31019241614194,1,-2.00836203983706
179,166,1,2,929.210869350818,0.198942587709098,2,0.818904829675375,2.42769827870507,1.36973521672735,1,-2.00836203983706
180,163,1,1,932.32747442875,0.19943512199643,1,1.3186796335176,2.89494738253052,1.86997797204094,1,2.00836203983706
181,235,2,3,935.411243594934,0.198946392194557,3,0.370277794605499,1.79525177047435,0.920876400818088,1,1.47395728797215
182,439,3,1,938.343666895815,0.198362257649933,3,0.811861852766015,2.27081250012816,1.36283768814974,1,-2.00836203983706
183,274,2,2,941.310160809664,0.198407326148299,NaN,NaN,NaN,NaN,0,1.47395728797215
184,234,2,2,944.543826040284,0.198846597664669,3,0.781823114344661,2.3906115882819,1.33258970313545,1,1.47395728797215
185,321,2,1,947.65984873959,0.198374841711484,3,0.521277744561303,2.13045866560424,1.07240634459049,1,1.47395728797215
186,425,3,1,950.776942254672,0.199277674910263,3,0.469951457716888,2.04547733244908,1.02065922334077,1,-2.00836203983706
187,184,1,2,953.86003510075,0.199348496833409,1,1.31766471438095,2.81024933706976,1.86846320230325,0,-2.00836203983706
188,432,3,1,956.860263955065,0.198779287571597,3,0.512302382690905,2.15408158158971,1.06296244594341,1,-2.00836203983706
189,223,2,7,960.00990189993,0.198488098258167,3,0.339683894246264,1.94838691363111,0.890588322401527,1,-1.47395728797215
190,39,1,1,963.126963808534,0.199102668670093,2,0.761579750314922,2.50324537074812,1.31229102776888,0,2.00836203983706
191,433,3,1,966.376801605844,0.198834306256686,3,0.67638741465089,2.10135056237596,1.22704718525347,1,-2.00836203983706
192,174,1,2,969.30965832519,0.199071940149224,1,1.17029629024728,2.91240088954692,1.72123466610356,0,-2.00836203983706
193,220,2,4,972.56002084857,0.199640856759288,3,0.452309189788139,1.87807215700377,1.00383755323674,1,1.47395728797215
194,212,2,4,975.493596029992,0.198849816842994,3,0.213018006035782,1.70427720520456,0.763636219970067,1,1.47395728797215
195,31,1,1,978.492531945223,0.198374841711484,2,0.456767166488135,1.86546878114132,1.00777519365511,0,2.00836203983706
196,206,2,6,981.408997779061,0.198385377205341,3,0.53601806954066,2.24496952169648,1.08751072937594,1,-1.47395728797215
197,27,1,1,984.625965716921,0.198886983720513,2,0.521917483094512,1.96386589371286,1.07264983153436,0,2.00836203983706
198,68,1,2,987.575341210955,0.198378060889809,2,0.63535693810627,2.29444243977559,1.18654816578601,1,-2.00836203983706
199,218,2,2,990.741869013975,0.199128129443125,3,0.296965397636086,1.85606029345399,0.847536494507949,1,1.47395728797215
200,224,2,8,993.808917475193,0.199302257726231,3,0.264512275458401,1.95669649088995,0.81515536486404,1,-1.47395728797215
201,7,1,1,997.009039160135,0.198749144356043,1,1.04386686531871,2.46883967057693,1.59447981150879,1,2.00836203983706
202,201,2,1,999.941561084934,0.198601354806669,3,0.364512538844792,1.84017189241786,0.915218548554549,1,1.47395728797215
203,387,2,3,1002.92548304503,0.199036236535903,3,0.263148514452041,1.88814584399734,0.813703808084028,1,1.47395728797215
204,211,2,3,1006.05817406448,0.198805040998195,3,0.174585991715503,1.88346340277167,0.725171428563044,1,1.47395728797215
205,6,1,2,1009.274886224,0.199202170546414,1,0.945209584604527,2.55476041850488,1.49673619214082,0,-2.00836203983706
206,279,2,7,1012.39216147633,0.199499505562926,3,0.431850726115954,2.15746201150068,0.983241542851829,1,-1.47395728797215
207,381,2,5,1015.62538626482,0.19892444324978,3,0.548483606042282,1.94003665766286,1.09912347626778,1,-1.47395728797215
208,353,2,1,1018.52464090797,0.198373671100853,3,0.259722723389132,1.78494454672727,0.810649100487353,1,1.47395728797215
209,189,1,1,1021.55774225561,0.198611890298707,1,1.41759503380308,2.95977665925966,1.96850882684157,1,2.00836203983706
210,84,1,2,1024.60775189851,0.198788652454823,1,0.483605456331134,2.12574256933112,1.03443028298716,0,-2.00836203983706
211,354,2,2,1027.75792422698,0.198660177973579,3,0.255527841356525,1.6473404758126,0.806232095148516,1,1.47395728797215
212,91,1,1,1030.65777675935,0.19975821044136,1,1.01911226182165,2.41162960368092,1.57055985315856,1,2.00836203983706
213,430,3,1,1033.55817772264,0.199359910284329,3,0.538106438327304,2.06319656800588,1.08889058627392,1,-2.00836203983706
214,392,2,8,1036.59075141768,0.198630620063341,3,0.325800748663823,1.93443119020776,0.876490662481956,1,-1.47395728797215
215,240,2,8,1039.70686191276,0.198579405863711,3,0.230024925218459,1.72241522659715,0.780924085629522,1,-1.47395728797215
216,376,2,8,1042.70717914815,0.198544580205635,3,0.384015491856189,1.82609179165047,0.935037273695343,1,-1.47395728797215
217,365,2,5,1045.65719408807,0.198871765787771,3,0.719434267452016,2.22800737835678,1.27007501563457,1,-1.47395728797215
218,121,1,1,1048.6734743509,0.198769630036622,2,0.591996654397008,2.26764512129193,1.14290986212836,0,2.00836203983706
219,327,2,7,1051.85694644546,0.198652861659866,3,0.395382117932968,1.80411416845163,0.94663012021374,1,-1.47395728797215
220,181,1,1,1054.77353168154,0.19885537724258,1,0.796728495377465,2.45556143787326,1.34746728217397,1,2.00836203983706
221,414,3,1,1057.94006270374,0.198296118167491,3,0.589023304217335,2.28089935648677,1.14001728406038,1,-2.00836203983706
222,277,2,5,1061.13974599512,0.198667201635544,2,1.05835024133557,2.81719573862756,1.60923067198019,0,-1.47395728797215
223,190,1,2,1064.40646018857,0.198940831794971,1,0.810235289744014,2.3023680568549,1.36097671041534,0,-2.00836203983706
224,66,1,2,1067.40639639031,0.19847112440948,NaN,NaN,NaN,NaN,0,-2.00836203983706
225,351,2,7,1070.67245650524,0.199596080914489,1,1.33283319007933,2.69247130760959,1.88403407529586,0,-1.47395728797215
226,125,1,1,1098.16576690632,0.198316896501638,NaN,NaN,NaN,NaN,0,2.00836203983706
227,30,1,2,1101.40672357589,0.198622718442493,1,0.979995733125179,2.65387833437489,1.53092708531767,0,-2.00836203983706
228,100,1,2,1104.58857554577,0.198940831794971,NaN,NaN,NaN,NaN,0,-2.00836203983706
229,409,3,1,1107.70480134597,0.198847475623552,3,0.843947403307538,2.21960268900875,1.39469028724125,1,-2.00836203983706
230,199,1,1,1110.58834932533,0.199481361105427,1,1.03891693963851,2.64799748084806,1.59002651725132,1,2.00836203983706
231,368,2,8,1113.7051689176,0.199368397208673,3,0.231738406055229,1.70715661390386,0.782554160481595,1,-1.47395728797215
232,180,1,2,1116.68836509931,0.198761728417594,2,1.19291745646296,2.66790722093901,1.74357956828499,1,-2.00836203983706
233,326,2,6,1119.67104679778,0.198624474358439,3,0.43963996709499,2.16516374935964,0.9904504537717,1,-1.47395728797215
234,259,2,3,1122.9045411193,0.199052917731024,3,0.27958680968004,1.9716422579786,0.830296916523366,1,1.47395728797215
235,292,2,4,1126.10477576813,0.198972145621156,3,0.22255877268617,1.94750222488983,0.773156500941695,1,1.47395728797215
236,46,1,2,1129.33741232495,0.198964244000308,2,0.424668739231493,2.05075795554148,0.975970004281407,1,-2.00836203983706
237,270,2,6,1132.47116947774,0.199347326222778,3,0.230794894148858,1.97294222072378,0.782018020960095,1,-1.47395728797215
238,96,1,2,1135.72129436723,0.199063160571313,2,1.29581673627399,2.77077782079687,1.84638636988166,1,-2.00836203983706
239,377,2,1,1138.70408288389,0.198392986170802,3,0.427533222653437,2.03601148485723,0.978710695660993,1,1.47395728797215
240,137,1,1,1141.82041433167,0.198843085832777,2,0.496709268101768,2.25561768569787,1.047491952786,0,2.00836203983706
241,369,2,1,1145.08737464593,0.198815283840304,3,0.885905295870543,2.64445550671189,1.43677577632661,1,1.47395728797215
242,23,1,1,1148.35365220173,0.198517070864909,2,0.921514383435351,2.33018585487298,1.47238457123967,0,2.00836203983706
243,2,1,2,1151.27028865202,0.199121691086475,1,0.85032371764828,2.32567812723391,1.40094515076089,0,-2.00836203983706
244,395,2,3,1154.25336543147,0.199274455731938,3,0.401401688779515,1.91047933272785,0.952070531613572,1,1.47395728797215
245,126,1,2,1157.27035976659,0.198286460634336,NaN,NaN,NaN,NaN,0,-2.00836203983706
246,318,2,6,1160.30315324372,0.1984825378604,3,0.396705492885303,1.98874487455578,0.94757889986613,1,-1.47395728797215
247,236,2,4,1163.40337884959,0.198970097053461,3,0.350622369602206,1.99230235927644,0.901133180042962,1,1.47395728797215
248,175,1,1,1166.55293836356,0.198891666161217,NaN,NaN,NaN,NaN,0,2.00836203983706
249,424,3,1,1169.78617368755,0.199065209139007,NaN,NaN,NaN,NaN,0,-2.00836203983706
250,293,2,5,1172.68696651264,0.199245483127015,3,0.369804575389935,1.84475249054776,0.920752608777548,1,-1.47395728797215
251,155,1,1,1175.66961894586,0.199099156838201,NaN,NaN,NaN,NaN,0,2.00836203983706
252,255,2,7,1178.85285252856,0.198408789410678,3,1.08829328236425,2.84665531760038,1.63931652746578,1,-1.47395728797215
253,445,3,1,1182.11892991,0.198467905231155,3,1.2517871561231,2.66073225771834,1.80281420570645,1,-2.00836203983706
254,346,2,2,1185.03595763678,0.1986715914245,3,0.251334129934548,1.75949723457961,0.801865718707631,1,1.47395728797215
255,355,2,3,1188.05187471777,0.198824356069963,3,0.784341389766269,2.34350827811613,1.33503276684678,1,1.47395728797215
256,404,3,1,1191.11908501587,0.200029499379525,3,0.62703565474294,2.17243031283579,1.18121164604963,1,-2.00836203983706
257,407,3,1,1194.17226496413,0.199343814392705,3,0.415952667543024,1.85495787119908,0.966766666051626,1,-2.00836203983706
258,192,1,2,1197.1193557195,0.198765240247667,NaN,NaN,NaN,NaN,0,-2.00836203983706
259,246,2,6,1200.33507081168,0.198391815560171,3,0.877467536782206,2.23627013120495,1.42852502223468,1,-1.47395728797215
260,334,2,6,1203.20181994784,0.198702612597117,3,0.357715097448818,2.04937429415804,0.908235565422729,1,-1.47395728797215
261,262,2,6,1206.40160332641,0.198874399658962,3,0.315550884821278,2.05772630604224,0.866231726406113,1,-1.47395728797215
262,427,3,1,1209.65157106146,0.198913907757742,3,0.555769777241949,2.03166530144154,1.10695866370224,1,-2.00836203983706
263,215,2,7,1212.63520651468,0.199250458219467,3,0.25848948543171,1.98387279446069,0.80971231958938,1,-1.47395728797215
264,205,2,5,1215.8684225236,0.198935564047133,3,0.621565100125736,2.04672812956233,1.17218711854548,1,-1.47395728797215
265,94,1,2,1218.80142791045,0.198309872839673,2,0.438507108969134,2.11361270533598,0.989438168509878,1,-2.00836203983706
266,86,1,2,1221.9852345069,0.198403814316407,2,1.18446769861839,2.62577578540004,1.73558283662896,1,-2.00836203983706
267,81,1,1,1224.9344985003,0.198924735901528,2,0.361327893506314,1.83664220968967,0.911989127371271,0,2.00836203983706
268,134,1,2,1227.91787349273,0.198746510484852,2,0.843097247572587,2.4849542920565,1.39389866202328,1,-2.00836203983706
269,337,2,1,1231.06763552229,0.200045009967653,3,0.417425587960679,2.07935011227528,0.971382089837789,1,1.47395728797215
270,419,3,1,1234.23754170665,0.199342936433823,3,0.545751694238788,2.30142747147329,1.09656305887438,1,-2.00836203983706
271,4,1,2,1237.50107242537,0.198540483068427,2,0.766092745700007,2.35766359059562,1.31690001319839,1,-2.00836203983706
272,185,1,1,1240.60072296893,0.198372500492042,1,1.01488313943628,2.48999025759622,1.56609104831477,1,2.00836203983706
273,348,2,4,1243.58403035861,0.198934393438321,3,0.40153133387139,2.02661704449565,0.952129062128733,1,1.47395728797215
274,382,2,6,1246.71726073676,0.19884132991865,3,0.31645342536649,1.74165654820354,0.867191626859494,1,-1.47395728797215
275,88,1,2,1249.65031119212,0.198960439516668,2,1.39457820130519,2.92036162493605,1.94571558091047,1,-2.00836203983706
276,309,2,5,1252.68398526085,0.198844841748723,3,0.349863521470979,1.97478505399886,0.901092501333551,1,-1.47395728797215
277,17,1,1,1255.81684279962,0.198871473134204,NaN,NaN,NaN,NaN,0,2.00836203983706
278,366,2,6,1259.01668295278,0.198357867862796,3,1.08743902949391,2.74596234556338,1.63843798443304,1,-1.47395728797215
279,397,2,5,1262.1830231655,0.198586722175605,3,0.416628109691374,1.87548686414266,0.96754248803154,1,-1.47395728797215
280,306,2,2,1265.14971579045,0.198787189192444,3,0.192844293318558,1.88494744398668,0.743651560818762,1,1.47395728797215
281,302,2,6,1268.34996653518,0.198655495532876,3,0.458144682166676,2.11650264952914,1.00897945900761,1,-1.47395728797215
282,296,2,8,1271.51611271924,0.198852743369571,3,0.622906034232074,1.99842523648658,1.17381016973559,1,-1.47395728797215
283,22,1,2,1274.39951905476,0.199345862960399,2,1.39529900460002,2.77100170001904,1.94609368803867,1,-2.00836203983706
284,196,1,2,1277.28292539027,0.198742120695897,NaN,NaN,NaN,NaN,0,-2.00836203983706
285,401,3,1,1280.2322885929,0.198547506732211,3,0.493211191853334,2.002067005149,1.04407172212268,1,-2.00836203983706
286,450,3,1,1283.2491670376,0.198619791919555,3,0.690271145538645,2.0489944311139,1.24128151392688,1,-2.00836203983706
287,143,1,1,1286.11579472295,0.198834891562001,1,1.05121068907647,2.72657030787923,1.60194684199996,1,2.00836203983706
288,28,1,2,1289.29922848001,0.198539897764931,2,0.720007573849216,2.09503248589863,1.27093775543108,1,-2.00836203983706
289,24,1,2,1292.18186133477,0.199405856739759,2,1.08987360627725,2.51630996707354,1.6410730282314,1,-2.00836203983706
290,237,2,5,1295.11603089358,0.199311622609457,3,0.359669724008199,1.9180482063166,0.91042899648528,1,-1.47395728797215
291,56,1,2,1298.18229094875,0.198308409577294,2,1.01885150837552,2.64378650292019,1.57019725661667,1,-2.00836203983706
292,332,2,4,1301.31522194333,0.198395034738496,3,0.243018114317238,1.73491792997447,0.794059796529837,1,1.47395728797215
293,261,2,5,1304.31476774653,0.199028334915056,3,0.318790841494774,1.71127306504786,0.869523189936444,1,-1.47395728797215
294,335,2,7,1307.21577479331,0.198864449472239,3,0.293440982657557,2.01821674493658,0.844291562738363,1,-1.47395728797215
295,204,2,4,1310.4483812069,0.198902201655073,3,0.266443489812445,1.64170632840796,0.81750097526492,1,1.47395728797215
296,275,2,3,1313.33146416133,0.19940058899374,3,0.119844741955603,1.66247061402282,0.671190197543183,1,1.47395728797215
297,343,2,7,1316.38188088396,0.19876992269019,3,0.213545073325804,1.77192940868554,0.764342975942782,1,-1.47395728797215
298,12,1,2,1319.44805226541,0.198339430749911,2,1.14470909017109,2.56984343965087,1.69572384834646,1,-2.00836203983706
299,98,1,2,1322.38111647543,0.198629156800962,2,0.811712892604191,2.23678432178167,1.36221784999179,1,-2.00836203983706
300,101,1,1,1325.31397816987,0.198737730905123,2,0.535293754413942,1.92777948979528,1.08611302066856,0,2.00836203983706
301,102,1,2,1328.21436654911,0.198841915223966,1,0.913454146169897,2.5554080586553,1.46411596534017,0,-2.00836203983706
302,19,1,1,1331.36447215279,0.199615395984438,NaN,NaN,NaN,NaN,0,2.00836203983706
303,338,2,2,1334.33144162708,0.199378640048963,1,0.917078940985448,2.34216324687441,1.46785430935233,0,1.47395728797215
304,164,1,2,1337.26464894421,0.198681541611222,1,0.987761561898878,2.5290564500483,1.53838884806464,0,-2.00836203983706
305,241,2,1,1340.31370951481,0.198306068356032,3,0.318391956034247,1.94384436033579,0.869742679369665,1,1.47395728797215
306,325,2,5,1343.44783687311,0.198374256406169,3,0.188537032696331,1.92972650738739,0.73957988552138,1,-1.47395728797215
307,123,1,1,1346.6971045832,0.198799187946861,1,0.561157511177953,2.13642672959941,1.1118105507685,1,2.00836203983706
308,177,1,1,1349.78031478297,0.198810016092466,2,0.97977975552385,2.40526089830746,1.53072193586195,0,2.00836203983706
309,301,2,5,1352.71390810885,0.199167930193653,3,0.448561773544498,2.02359248011635,0.999387770809335,1,-1.47395728797215
310,29,1,1,1355.79712942941,0.198948440762251,1,0.686483928544476,2.2282877395246,1.23714808893601,1,2.00836203983706
311,250,2,2,1358.84689178088,0.198279144318803,3,0.395705499029646,1.97066216450003,0.94679488361362,1,1.47395728797215
312,171,1,1,1361.92974933429,0.198371329879592,2,0.577589660701051,2.11950877679737,1.12859359073263,0,2.00836203983706
313,257,2,1,1364.97965450022,0.198980047238365,3,0.493593688772307,1.88575779897292,1.0442639948651,1,1.47395728797215
314,233,2,1,1367.87995332777,0.198832842994307,3,0.182966390901129,1.64142362601888,0.733690837721952,1,1.47395728797215
315,222,2,6,1370.84606503735,0.199706410934596,3,0.268350706654019,2.01106694983719,0.819675383909271,1,-1.47395728797215
316,11,1,1,1374.09682732415,0.19946438725492,NaN,NaN,NaN,NaN,0,2.00836203983706
317,260,2,4,1376.99713697984,0.198719879099372,3,0.3686064557387,1.87607948560981,0.919238131693419,1,1.47395728797215
318,59,1,1,1380.01261654523,0.198357575209229,NaN,NaN,NaN,NaN,0,2.00836203983706
319,408,3,1,1383.2626372504,0.198905420833398,3,0.653214013023899,2.17846802814529,1.20405347230735,1,-2.00836203983706
320,63,1,1,1386.29584687949,0.19890893266529,1,0.997882073303117,2.67319398973632,1.54861266582884,1,2.00836203983706
321,280,2,8,1389.47903158921,0.198928540386987,3,0.21794305624644,1.80997248773201,0.76874447069531,1,-1.47395728797215
322,442,3,1,1392.57894903192,0.198585551566794,3,0.392174938346216,1.93416253514442,0.943470350342977,1,-2.00836203983706
323,422,3,1,1395.62879830121,0.198896933909054,3,0.622606943299616,2.34804790488488,1.17324915474637,1,-2.00836203983706
324,20,1,2,1398.86212259158,0.198281778191813,1,0.723625637652731,2.09870293451604,1.27479257517007,0,-2.00836203983706
325,264,2,8,1401.74499805532,0.198394742086748,3,0.305762534089808,1.84790874858481,0.856835237476844,1,-1.47395728797215
326,298,2,2,1404.79593072445,0.199058770782358,3,0.192388340605248,1.71702954122884,0.743126249442867,1,1.47395728797215
327,44,1,2,1407.82878039087,0.198881130669179,2,0.953625102099977,2.4121177481793,1.50454094370616,1,-2.00836203983706
328,258,2,2,1410.7951639747,0.198922394682086,3,0.637960668080268,2.02970277326312,1.18879222574287,1,1.47395728797215
329,331,2,3,1413.69484237879,0.19949892025943,3,0.155184003844624,1.89799477381166,0.706537361053051,1,1.47395728797215
330,72,1,2,1416.9455663281,0.19869324771571,1,0.576476702952277,2.16716607828857,1.12677007252751,0,-2.00836203983706
331,319,2,7,1420.04398392635,0.198413179199633,3,0.208020377984212,1.70052159468651,0.759016113743201,1,-1.47395728797215
332,13,1,1,1423.04422887656,0.198665738373165,1,0.58110236957873,1.9563845232442,1.13169131825634,1,2.00836203983706
333,374,2,6,1425.92766155081,0.198949611372882,3,0.244198382157265,1.9529865341774,0.794875419262098,1,-1.47395728797215
334,5,1,1,1429.14433332426,0.198644960039019,NaN,NaN,NaN,NaN,0,2.00836203983706
335,33,1,1,1432.27762047702,0.199403515518497,1,0.40754388105961,1.86691038773279,0.958830513480279,1,2.00836203983706
336,64,1,2,1435.24531777826,0.199335327466542,1,0.675345571478829,2.28318848494018,1.22612913412013,0,-2.00836203983706
337,385,2,1,1438.36131969924,0.198766703510046,3,0.281210738827212,1.83902703553758,0.831742327600296,1,1.47395728797215
338,393,2,1,1441.42693387018,0.198646130649649,3,0.160526083976947,1.86932594209975,0.711241751219859,1,1.47395728797215
339,383,2,7,1464.28116859686,0.199248994957088,3,0.868873208562945,2.39098091583219,1.42022480985725,1,-1.47395728797215
340,146,1,2,1467.31248037399,0.198935271395385,2,1.33309745535735,2.85567165083376,1.88375576269391,1,-2.00836203983706
341,191,1,1,1470.34315885094,0.198964829305623,1,0.95523995901749,2.48086564290861,1.50651664124962,1,2.00836203983706
342,362,2,2,1473.37678492465,0.198734219076869,3,0.281134356504481,2.03931641040617,0.832316511956378,1,1.47395728797215
343,423,3,1,1476.64289274195,0.198842793181029,3,0.487932324676876,2.2131289213612,1.03854263699395,1,-2.00836203983706
344,316,2,4,1479.87607304725,0.198433372226646,3,0.178828283467737,1.80387038885601,0.729814069038184,1,1.47395728797215
345,119,1,1,1483.00910061718,0.198712270132091,1,0.626750903784341,2.31888536827864,1.1776398213533,1,2.00836203983706
346,429,3,1,1486.20936482392,0.198955464424216,3,0.610698617303569,2.10249220007609,1.16142657595628,1,-2.00836203983706
347,213,2,5,1489.20913626226,0.198550140605221,3,0.249625331538482,1.97476398301296,0.800587412251843,1,-1.47395728797215
348,115,1,1,1492.44247723382,0.199403808172065,1,1.25546931083954,2.98115785650771,1.80655869542534,1,2.00836203983706
349,413,3,1,1495.67622206595,0.199322450755062,3,0.482041228309754,2.12357167251866,1.03283883827498,1,-2.00836203983706
350,410,3,1,1498.82567534704,0.198299337347635,3,0.511818335327916,1.86999348262725,1.06283748329406,1,-2.00836203983706
351,178,1,2,1501.6917382129,0.198761435765846,1,0.81583080701057,2.5079216662707,1.36649145557021,0,-2.00836203983706
352,336,2,8,1504.89242208345,0.199110277637374,3,0.657168919946344,2.11515644767678,1.20777572043153,1,-1.47395728797215
353,52,1,2,1507.85901315795,0.198865912734618,1,1.14777872304512,2.77263821322776,1.69865095941714,0,-2.00836203983706
354,153,1,1,1510.991595018,0.198968633789264,1,1.22407881016807,2.61605269619395,1.77511522463647,1,2.00836203983706
355,194,1,2,1513.89148822908,0.199475508050455,1,0.615187322524434,2.10791768619492,1.16643210562506,0,-2.00836203983706
356,254,2,6,1516.89254002243,0.198885520458134,3,0.380058536369688,1.97096652318032,0.930691090279652,1,-1.47395728797215
357,406,3,1,1519.99139864812,0.198390059646044,3,0.411566390725056,1.91994400970907,0.962532861225554,1,-2.00836203983706
358,50,1,2,1523.007774901,0.198760557808782,1,0.389630909496191,2.03175865761477,0.940454565541586,0,-2.00836203983706
359,273,2,1,1526.1581266255,0.198923565292716,3,0.679097377511425,2.337287947601,1.22965501236285,1,1.47395728797215
360,403,3,1,1529.32401673856,0.198406448189417,3,0.333707928630247,1.85926308325179,0.884682300751592,1,-2.00836203983706
361,34,1,2,1532.35753482346,0.19935844702195,1,0.576677462619045,2.18565264890094,1.12751662925075,0,-2.00836203983706
362,62,1,2,1535.47456863742,0.199369860471052,1,1.3202763459758,3.02881603595597,1.87105025108031,0,-2.00836203983706
363,71,1,1,1538.69122168111,0.198612768255771,2,0.858510380825464,2.49990298566991,1.40923892478168,0,2.00836203983706
364,109,1,1,1541.8405953607,0.198473758282489,2,1.02734984654853,2.70255494478988,1.57827593099319,0,2.00836203983706
365,161,1,1,1545.02441863834,0.199058185478862,1,0.550828631137847,1.95874476627432,1.1013733892778,1,2.00836203983706
366,299,2,3,1547.94082799023,0.198899275128497,3,0.242512410664858,1.8341359330243,0.793300363093294,1,1.47395728797215
367,449,3,1,1551.04031172182,0.199075744631045,3,0.479430767325539,2.05478690356358,1.03027198252494,1,-2.00836203983706
368,360,2,8,1554.12380169744,0.199465557865551,3,0.293013124590288,1.8353530750901,0.844205815534224,1,-1.47395728797215
369,389,2,5,1557.17436679494,0.198763191679973,3,0.892404524291123,2.61672579712103,1.44311463113627,1,-1.47395728797215
370,344,2,8,1560.40686200056,0.198722220320633,3,0.452322066501438,2.14399560318634,1.00317732902477,1,-1.47395728797215
371,251,2,3,1563.60676185484,0.19879538346504,3,0.169599777116673,1.52809420837548,0.720569759449063,1,1.47395728797215
372,47,1,1,1566.47321511925,0.198913029800678,1,1.00204564150954,2.6938254110828,1.5526120559407,1,2.00836203983706
373,252,2,4,1569.67307166096,0.19865491022756,3,0.368791119515663,2.0938826539259,0.91955331851932,1,1.47395728797215
374,247,2,7,1572.90606935105,0.19941990406187,3,0.313353941928654,1.77265928421184,0.864362554400941,1,-1.47395728797215
375,276,2,4,1575.87356413671,0.199124617613052,3,0.718527922421345,2.29328675474972,1.26917540161412,1,1.47395728797215
376,3,1,1,1578.95666137258,0.198322164247656,NaN,NaN,NaN,NaN,0,2.00836203983706
377,154,1,2,1581.85574481398,0.198503901498043,1,0.492373912831681,2.15094024883001,1.04312440573267,0,-2.00836203983706
378,26,1,2,1585.02304873163,0.198987948859212,1,0.629536663660474,2.2876306584003,1.18025701334591,0,-2.00836203983706
379,324,2,4,1588.19038132923,0.198842793182848,3,0.265544168443739,1.65624647902405,0.816311927846982,1,1.47395728797215
380,54,1,2,1591.08906120273,0.199020433296027,1,0.513630440082125,2.00555864303897,1.06453984333166,0,-2.00836203983706
381,428,3,1,1594.08887566099,0.199393857983523,3,0.514507812507873,2.17373437271817,1.06565192312337,1,-2.00836203983706
382,380,2,4,1597.25636336446,0.198734511726798,3,0.497076547086181,2.23806087231969,1.04778050822642,1,1.47395728797215
383,416,3,1,1600.50552132984,0.198521168000298,3,0.316801974586269,1.92506835632594,0.867817318066955,1,-2.00836203983706
384,249,2,1,1603.62200056716,0.198878204144421,NaN,NaN,NaN,NaN,0,1.47395728797215
385,35,1,1,1606.57203482215,0.198982095807878,1,1.01492294018681,2.70651072966757,1.56546769832494,1,2.00836203983706
386,67,1,1,1609.77162241613,0.198667201635544,1,0.626843089346949,2.21872121944762,1.17766177029625,1,2.00836203983706
387,378,2,2,1612.87162882523,0.199365470683915,3,0.331796322001537,1.99082973151235,0.882720650532065,1,1.47395728797215
388,347,2,3,1616.03873988483,0.198846012359354,3,0.404070094975395,2.09546151457653,0.954639728581242,1,1.47395728797215
389,141,1,1,1619.23818788354,0.198303434483023,NaN,NaN,NaN,NaN,0,2.00836203983706
390,49,1,1,1622.22122369163,0.19845824769618,1,0.681735347836366,2.05698765093985,1.23272903502766,1,2.00836203983706
391,231,2,7,1625.10499642818,0.198967463180452,3,0.191267773889194,1.94923092366116,0.741792924305628,1,-1.47395728797215
392,76,1,2,1628.37128627539,0.198913615105994,1,0.475517124419639,2.05078692814459,1.02640311546202,0,-2.00836203983706
393,370,2,2,1631.45494745277,0.199269187985919,NaN,NaN,NaN,NaN,0,1.47395728797215
394,132,1,2,1634.52109571466,0.199433951385799,2,0.826433024554717,2.26889152861622,1.37793709784091,1,-2.00836203983706
395,37,1,1,1637.47165001327,0.198919760809076,1,0.654676397949515,2.06241986806526,1.20530748859892,1,2.00836203983706
396,43,1,1,1640.38752820073,0.198407911451795,1,0.646297754681655,2.15453168125168,1.19728529616805,1,2.00836203983706
397,55,1,1,1643.40374056817,0.198652569006299,1,0.893794916682964,2.40216053691256,1.44434903970432,1,2.00836203983706
398,390,2,6,1646.42033835906,0.198892251466532,NaN,NaN,NaN,NaN,0,-1.47395728797215
399,341,2,5,1649.30383483157,0.198579991169026,3,1.10701485299614,2.5820824630573,1.65781129235256,1,-1.47395728797215
400,447,3,1,1652.28717851017,0.199156516744551,3,0.456541238698264,2.01479066122192,1.00719047380699,1,-2.00836203983706
401,367,2,7,1655.35366244457,0.199343814392705,3,0.232146363747233,1.72422557543541,0.782880468103031,1,-1.47395728797215
402,110,1,2,1658.35394309839,0.198779872876912,1,0.462034912867239,2.2199676267719,1.01260922891561,0,-2.00836203983706
403,193,1,1,1661.62002047983,0.198695588935152,1,0.412680519084461,2.13776824900924,0.963481348226196,1,2.00836203983706
404,238,2,6,1664.85334711142,0.198983266418509,3,0.27673695888916,1.76840206718043,0.827318591251242,1,-1.47395728797215
405,74,1,2,1667.85359849998,0.198850109496561,1,0.758524164763003,2.47216830098478,1.31477184366304,0,-2.00836203983706
406,214,2,6,1671.07559567237,0.198958098295407,3,0.814777257734022,2.17009231140219,1.36695443194549,1,-1.47395728797215
407,80,1,2,1673.93915167627,0.199050283858014,NaN,NaN,NaN,NaN,0,-2.00836203983706
408,122,1,2,1676.83629951352,0.198961317473731,2,0.862184048619383,2.53732037350528,1.41275836466775,1,-2.00836203983706
409,21,1,1,1680.0198819381,0.198334748309207,1,0.434434555714688,1.82567622499118,0.985439071051587,1,2.00836203983706
410,136,1,2,1682.91930953892,0.198365476830077,1,0.843859900187454,2.30221382894524,1.39499786509987,0,-2.00836203983706
411,77,1,1,1685.88576833446,0.199021603904839,1,1.0785687298976,2.70378262234772,1.62912695005434,1,2.00836203983706
412,248,2,8,1689.01960479611,0.198743583958276,3,0.417774137180459,1.82580850395789,0.968457905291871,1,-1.47395728797215
413,73,1,1,1691.93576305209,0.199413758358787,1,0.564858103009101,1.97372096923027,1.11596943653421,1,2.00836203983706
414,308,2,4,1694.85266318235,0.19946702112793,3,0.330952019316101,1.85669095975572,0.882421266946039,1,1.47395728797215
415,435,3,1,1697.88690441177,0.198620084571303,3,0.493524330111541,2.15051941442471,1.04417532113621,1,-2.00836203983706
416,14,1,2,1701.05221799925,0.19845444321254,1,0.778894540009787,2.13706968730912,1.33026135923501,0,-2.00836203983706
417,1,1,1,1703.91841168082,0.198623889054943,1,1.05480885250654,2.64685174600891,1.60578205401725,1,2.00836203983706
418,434,3,1,1707.01872713103,0.198904250222768,3,0.4828562657367,2.07439638211144,1.03344082462536,1,-2.00836203983706
419,405,3,1,1710.11904082533,0.198601062153102,3,0.32234218051417,1.83020151178425,0.873278215147366,1,-2.00836203983706
420,202,2,2,1713.13536410809,0.199386834321558,3,0.283195801255715,1.74168171632482,0.834057502135693,1,1.47395728797215
421,227,2,3,1716.10208716891,0.199250750873034,3,0.190107991727928,1.61503397257366,0.740770103549949,1,1.47395728797215
422,40,1,2,1719.03547505269,0.198738901515753,1,0.58590596897011,2.19360548266923,1.13648672337695,0,-2.00836203983706
423,170,1,2,1722.1513681069,0.198385084551774,NaN,NaN,NaN,NaN,0,-2.00836203983706
424,304,2,8,1725.1348253347,0.198955464424216,3,0.265999828505301,1.97430334785713,0.816694132112389,1,-1.47395728797215
425,291,2,3,1728.35173620531,0.198933808133006,3,0.941124154636782,2.54913768454935,1.49190244953024,1,1.47395728797215
426,92,1,2,1731.46816393578,0.198894885339541,1,0.844793461907102,2.35283921286828,1.39573534959345,0,-2.00836203983706
427,108,1,2,1734.48468388108,0.19867276203513,1,0.726013975330716,2.18423738103957,1.27733075096876,0,-2.00836203983706
428,239,2,7,1737.45135338647,0.198852743369571,3,0.292090098364497,1.83351492425754,0.84278264605382,1,-1.47395728797215
429,82,1,2,1740.50095302312,0.198441566499241,1,1.39307308910247,2.96786294260346,1.94430031305092,0,-2.00836203983706
430,95,1,1,1743.58410352175,0.198723683583012,1,0.508739044917093,2.11674086872699,1.05933618786548,1,2.00836203983706
431,328,2,8,1746.70054208037,0.198876740880223,3,0.252899821218307,1.92809672518706,0.803607294190442,1,-1.47395728797215
432,339,2,3,1749.8837390815,0.198596965015895,3,0.621089832342477,2.31287604027057,1.17189036883246,1,1.47395728797215
433,183,1,1,1753.08388769048,0.199355520495374,1,1.07603055409891,2.58474794272661,1.62701926619593,1,2.00836203983706
434,114,1,2,1756.10085949135,0.19936108089496,1,0.760334513601265,2.15187615177092,1.31109056690002,0,-2.00836203983706
435,290,2,2,1759.00049721673,0.198714026048037,3,0.259369491730467,1.88404314752552,0.810011995828972,1,1.47395728797215
436,437,3,1,1762.1334855712,0.198567699759224,3,0.367175969946402,1.77507952102133,0.91753840552883,1,-2.00836203983706
437,207,2,7,1765.0499578434,0.198919175503761,3,0.842205242519412,2.25064142128394,1.39285623354226,1,-1.47395728797215
438,417,3,1,1767.96698205835,0.198887569025828,3,0.903605801662707,2.66155753798375,1.45424274536344,1,-2.00836203983706
439,103,1,1,1771.2330439292,0.198908347358156,2,1.16757784046422,2.85935995125692,1.71840588629675,0,2.00836203983706
440,15,1,1,1774.43321975487,0.199393565329956,1,0.551859353512555,2.02727083035279,1.10298590497405,1,2.00836203983706
441,172,1,2,1777.4167082965,0.198919760809076,1,1.10291361978852,2.82756149289162,1.6534715472917,0,-2.00836203983706
442,402,3,1,1780.64931119826,0.19843659140497,3,0.540588424828456,2.29902186729305,1.0919119314749,1,-2.00836203983706
443,127,1,1,1783.9162290779,0.198950489329945,1,0.897999748904112,2.45616986257846,1.44868000518545,1,2.00836203983706
444,104,1,2,1786.9826111692,0.198942002403783,1,0.448635229342472,1.97375638019184,0.999347970058807,0,-2.00836203983706
445,138,1,2,1790.01587464637,0.198377182930926,3,1.15400636987579,2.61233571581943,1.70527046804818,0,-2.00836203983706
446,210,2,2,1792.98261907082,0.199134275148026,3,0.316626383038965,1.74146105628279,0.867212112538255,1,1.47395728797215
447,242,2,2,1795.91557880388,0.199381566575539,3,0.31172650094959,1.72055395620919,0.862501869318294,1,1.47395728797215
448,167,1,1,1798.83266096404,0.19873421907505,2,0.916075435297898,2.30734285800463,1.46676447115715,0,2.00836203983706
449,18,1,2,1801.73234053873,0.198304312441905,1,0.459749588895647,1.96778773089318,1.0108114641389,0,-2.00836203983706
450,65,1,1,1804.74887160483,0.198960732170235,1,0.985015895425022,2.74321814235191,1.53570493128427,1,2.00836203983706
