PresOrder,TrialNumber,Illusory_Fragmented,Fat_Thin,StimPresTime,StimPresLength,Response,RespScreenOnset_to_Resp,ExpStartOnset_to_Resp,StimOnset_to_Resp,Accuracy,StepLevel
1,90,1,2,176.751527577757,0.198448585621009,1,0.226930788341633,1.7484479856812,0.779606211393912,0,-4.78217183117598
2,300,2,4,179.794103677161,0.198412296595052,3,0.476308094997876,1.9778215522274,1.05683300404962,1,3.21354150484066
3,320,2,8,182.812225070391,0.198392103508013,3,0.406725058830489,2.07141826584666,0.985449271307516,1,-3.21354150484066
4,159,1,1,185.991576263583,0.198358155708775,2,0.261652069601041,1.87613501975829,0.822889068836957,0,4.78217183117598
5,71,1,1,189.126668892783,0.198322159336385,1,0.424335479165165,1.83710412404434,0.983613456321109,1,4.78217183117598
6,311,2,7,192.057044007175,0.198380982677918,3,0.376816463278374,2.14662083323674,0.927335323181978,1,-3.21354150484066
7,279,2,7,195.341450466503,0.198356692442758,3,0.268597320873596,1.76635661986438,0.830707012650237,1,-3.21354150484066
8,146,1,2,198.353500764264,0.199007553677802,2,0.535853118411978,1.90626925110882,1.08686656261852,1,-4.78217183117598
9,406,3,1,201.238608830934,0.198729825569899,3,0.940119010445414,2.66148426212203,1.52622364985109,1,-4.78217183117598
10,185,1,1,204.47526566347,0.198501848546584,1,0.391344365003533,2.08823735129954,0.952601557326489,1,4.78217183117598
11,287,2,7,207.688833896056,0.198414345168203,3,1.45582352529709,3.04255854019902,2.00726892597049,1,-3.21354150484066
12,15,1,1,210.790801375822,0.19826245803597,1,0.186667821672017,1.78874753402852,0.769517569595337,1,4.78217183117598
13,12,1,2,213.907100972165,0.19833210955403,2,0.348695102238707,2.08022040315336,0.911600518698833,1,-4.78217183117598
14,43,1,1,217.153197341186,0.199003749183248,1,0.471608958823708,1.96257547897767,1.02696420936263,1,4.78217183117598
15,42,1,2,220.158416229857,0.19836810592642,2,0.279388623566774,1.9251787600333,0.8728154518667,1,-4.78217183117598
16,306,2,2,223.318782409538,0.199283818519689,3,0.328872221951315,1.73249105724244,0.879533311423074,1,3.21354150484066
17,224,2,8,226.237631075814,0.198678611219293,3,0.675965046644706,2.24564714600092,1.22701302395581,1,-3.21354150484066
18,239,2,7,229.321399023884,0.198220901249442,3,0.470356987436389,1.88988592661735,1.05414761614884,1,-3.21354150484066
19,128,1,2,232.255568390034,0.198432489680272,1,0.541273059992818,2.02788021460947,1.09245916972395,0,-4.78217183117598
20,86,1,2,235.257216028862,0.198372203074541,1,0.2539102156843,1.81797541769811,0.816084583866541,0,-4.78217183117598
21,17,1,1,238.335789963801,0.199037696980668,1,0.173121186910066,1.84327296575793,0.724036592215271,1,4.78217183117598
22,156,1,2,241.521238883925,0.198369569194256,2,0.025673900376205,1.44253296228817,0.588600973191205,1,-4.78217183117598
23,95,1,1,244.452656429845,0.199488090614977,1,0.118064881851751,1.62238312958289,0.670011890508249,1,4.78217183117598
24,22,1,2,247.490611238887,0.198258360889668,2,0.232354241761641,1.91262304979318,0.793205231120737,1,-4.78217183117598
25,34,1,2,250.685358051232,0.19928059933045,2,0.331565511496592,1.88570449436702,0.88338463060245,1,-4.78217183117598
26,19,1,1,253.754249254685,0.198552184936489,1,0.019808540271697,1.67299519960579,0.571312471631245,1,4.78217183117598
27,226,2,2,256.921721937682,0.198360789590879,3,0.455503655093707,1.82539388957048,1.0063458970435,1,3.21354150484066
28,294,2,6,259.805725237642,0.198391810854446,3,0.798137026775294,2.41311485388724,1.35736144835391,1,-3.21354150484066
29,98,1,2,262.93571135709,0.199077205195863,2,1.16913905164438,2.55528267248701,1.72004509204089,1,-4.78217183117598
30,25,1,1,265.836420778276,0.198887858423404,1,0.0164781442017556,1.38676287550697,0.567995537621755,1,4.78217183117598
31,412,3,1,268.721120593407,0.198191050598325,3,0.681632573028764,2.20182112378279,1.23344115661348,1,-4.78217183117598
32,290,2,2,271.755207109371,0.198322744643519,3,0.266732240545025,1.83179773199481,0.829527911966579,1,3.21354150484066
33,440,3,1,274.834895761236,0.199277672796597,3,0.634110923259868,2.30395395273808,1.18526776764884,1,-4.78217183117598
34,160,1,2,278.019567686495,0.198860056347257,2,0.385369845165769,1.83920332711932,0.937120776023221,1,-4.78217183117598
35,149,1,1,280.987398343172,0.198355814482056,1,0.0202958082372788,1.7028013664567,0.600403393493252,1,4.78217183117598
36,20,1,2,284.183789282504,0.198981507523058,2,0.296221463730035,1.88317538339834,0.847011906020271,1,-4.78217183117598
37,235,2,3,287.286419914948,0.198788063604297,3,0.331125653385243,2.08448670490179,0.882932773702123,1,3.21354150484066
38,446,3,1,290.554307843902,0.216455258703718,3,0.585642246980569,2.38435492305871,1.16560877328266,1,-4.78217183117598
39,176,1,2,293.867805517746,0.199054670880287,2,1.20503562909289,2.57498907671106,1.7561348207546,1,-4.78217183117598
40,298,2,2,296.752881099885,0.198467022788464,3,0.352922773734463,1.88962839159831,0.904433143470669,1,3.21354150484066
41,378,2,2,299.803917810039,0.198343523037693,3,0.293901307311899,1.94273328356212,0.85619917524491,1,3.21354150484066
42,353,2,1,302.969402498265,0.198372203074541,1,0.0420065958223859,1.42511364464372,0.605286608675669,0,3.21354150484066
43,81,1,1,305.86733785756,0.199038574943188,1,0.285026006647968,1.65508422419407,0.836200117588305,1,4.78217183117598
44,11,1,1,308.752470507119,0.198218560020905,1,0.18686214355148,1.89022657521309,0.738034205918666,1,4.78217183117598
45,285,2,5,311.97054179808,0.198229388199252,2,0.22795361208955,1.75978508702428,0.788282215069557,0,-3.21354150484066
46,184,1,2,315.01779332873,0.198845423676175,2,0.35867926676292,2.11264025781566,0.910273628032883,1,-4.78217183117598
47,21,1,1,318.286283831103,0.198368983887121,1,0.0322843561225454,1.45237197070674,0.583620011757375,1,4.78217183117598
48,437,3,1,321.222455824696,0.198348205492948,3,0.71310276730037,2.47606138815354,1.27341937149322,1,-4.78217183117598
49,237,2,5,324.501447024899,0.198661929973241,2,1.01476495100542,2.78874724137677,1.56960425354191,0,-3.21354150484066
50,283,2,3,327.789680805827,0.198246947406005,3,0.732470864155403,2.44455724608451,1.29275849565602,1,3.21354150484066
51,201,2,1,331.015707295059,0.199319229583125,NaN,NaN,NaN,NaN,0,3.21354150484066
52,438,3,1,334.001824108847,0.198375129608394,3,0.709211354602303,2.09662011623732,1.25983761831594,1,-4.78217183117598
53,18,1,2,336.904193167655,0.19832157403107,2,0.165290366347108,1.94602095222945,0.726834651688478,1,-4.78217183117598
54,167,1,1,340.200388585228,0.21994105374506,1,0.0211368942036643,1.78892780854403,0.60317394354206,1,4.78217183117598
55,424,3,1,343.482102632974,0.199043842703759,3,0.573258324306153,1.96030800017797,1.12386322432212,1,-4.78217183117598
56,355,2,3,346.383589926985,0.199009602250953,3,0.390101465871339,1.82670878144745,0.941335570765659,1,3.21354150484066
57,205,2,5,349.335241238614,0.198276798055304,2,0.92393469029048,2.61091960195699,1.47557265692194,0,-3.21354150484066
58,415,3,1,352.554382177874,0.198204512656957,3,0.558315440015576,2.07176096301737,1.11925100621556,1,-4.78217183117598
59,62,1,2,355.581574949569,0.199240505809939,2,0.203347896744162,1.74066574558856,0.75441314060663,1,-4.78217183117598
60,33,1,1,358.633731644411,0.198229095545685,1,0.0578950433591672,1.51238172777266,0.609639828493528,1,4.78217183117598
61,55,1,1,361.602533032525,0.198360789590879,1,0.0303847426876018,1.51971357423099,0.600504651580195,1,4.78217183117598
62,264,2,8,364.605914057636,0.198320696070368,3,0.295860329391871,1.72403834813485,0.854883405409055,1,-3.21354150484066
63,363,2,3,367.548176461825,0.199017503895448,3,0.26833978585455,1.82200701139118,0.819147202042586,1,3.21354150484066
64,383,2,7,370.634133750227,0.198354936521355,3,0.194746519691762,1.83199937020981,0.7462249902037,1,-3.21354150484066
65,444,3,1,373.785694573415,0.198431319067822,3,0.511012987666618,2.19246206699427,1.07344898801966,1,-4.78217183117598
66,197,1,1,376.981619023176,0.199092130520512,1,0.373322473940789,1.86039026505932,0.924524386957273,1,4.78217183117598
67,413,3,1,379.983254077906,0.217666843916959,3,0.538246145535595,1.93866891268408,1.11992059726981,1,-4.78217183117598
68,109,1,1,382.898199625344,0.199138662415862,1,0.360021960712402,1.87979582155276,0.910711144917514,1,4.78217183117598
69,51,1,1,385.93283954895,0.198457365222566,1,0.01978278677052,1.65672396138143,0.570843055524165,1,4.78217183117598
70,132,1,2,389.08428126219,0.19825601966113,1,0.0211199203040451,1.75784801395093,0.572468745345759,0,-4.78217183117598
71,243,2,3,392.335442291524,0.198289674806801,3,0.191980066789256,1.70646831397244,0.770845045568421,1,3.21354150484066
72,397,2,5,395.365455071698,0.198746214162384,2,0.408624379611865,1.99614253509935,0.960403405199031,0,-3.21354150484066
73,124,1,2,398.467599021484,0.198325378525624,2,0.281561282652547,1.91798475334144,0.832274464437432,1,-4.78217183117598
74,204,2,4,401.619466838123,0.198380982677918,3,0.333907616921351,1.81408956541236,0.91153525698428,1,3.21354150484066
75,293,2,5,404.614367352051,0.199219434762199,2,0.448381348493058,1.8354479982645,0.999429618457725,0,-3.21354150484066
76,115,1,1,407.516810159523,0.198247240059573,NaN,NaN,NaN,NaN,0,4.78217183117598
77,229,2,5,410.401799701553,0.198287918885399,2,0.237488260940154,1.95176164197255,0.816126433306636,0,-3.21354150484066
78,118,1,2,413.631606102526,0.198583206198236,2,0.761487452045913,2.26577438585991,1.31291324493759,1,-4.78217183117598
79,135,1,1,416.65029729199,0.198412003941485,1,0.0186420236877893,1.55511059226956,0.569675368325989,1,4.78217183117598
80,104,1,2,419.701473597832,0.218003688019962,2,0.157139675582584,1.78811540261268,0.735830525567508,1,-4.78217183117598
81,200,1,2,422.847923521464,0.198843082447638,2,0.962310334967697,2.44966521910465,1.51395620324183,1,-4.78217183117598
82,371,2,3,425.850901270145,0.198434245601675,3,0.696071508109526,2.1106066091088,1.25632665507874,1,3.21354150484066
83,48,1,2,428.780861401967,0.199065206405066,2,0.183342108059151,1.8207017770801,0.735150984295615,1,-4.78217183117598
84,50,1,2,431.932831647307,0.218908572434884,2,0.316561462634127,1.93241637208666,0.897081689230617,1,-4.78217183117598
85,116,1,2,435.063741088337,0.199052329653568,2,0.0207625904622546,1.72388646100262,0.571888706241225,1,-4.78217183117598
86,45,1,1,438.281511824223,0.198500092623362,1,0.0198799477093416,1.67363376939647,0.571354028417772,1,4.78217183117598
87,337,2,1,441.450233552072,0.198373666342377,1,0.0324476567384409,1.64730374002283,0.592976434667435,0,3.21354150484066
88,310,2,6,444.580013350849,0.199293768735515,3,0.477300775442927,1.981084638006,1.02862501759591,1,-3.21354150484066
89,202,2,2,447.598903544647,0.198296991142342,3,0.3247417113962,1.77817747733388,0.876079415606,1,3.21354150484066
90,258,2,2,450.5844675361,0.198305770745719,3,0.340223078004783,1.72057245352698,0.901596746396535,1,3.21354150484066
91,422,3,1,453.479258041603,0.199003749183248,3,0.791577492727811,2.5619235641916,1.34264917496512,1,-4.78217183117598
92,193,1,1,456.764766633762,0.198262458037789,1,0.182393910936298,1.83637219780758,0.733939691735941,1,4.78217183117598
93,398,2,6,459.93300402018,0.198367520619286,3,0.205524360326308,1.72432866034069,0.788390204186726,1,-3.21354150484066
94,27,1,1,462.966024399688,0.198402639032793,1,0.0340888571918185,1.49918832570256,0.596553830233461,1,4.78217183117598
95,37,1,1,465.945125725379,0.198955168712928,1,0.0562254555225081,1.7601541230033,0.607171882091279,1,4.78217183117598
96,242,2,2,469.163759203584,0.198624177679449,3,0.238281937050488,2.00545388937826,0.819930635283526,1,3.21354150484066
97,316,2,4,472.44584404323,0.199491895109531,3,0.187486373324646,1.87519794346554,0.739641751226372,1,3.21354150484066
98,333,2,5,475.648195162379,0.198342059769857,2,1.00156423259978,2.40079531497031,1.56510002455252,0,-3.21354150484066
99,375,2,7,478.561706415343,0.199068132938919,3,0.263663476645888,1.96739665163477,0.814715258453361,1,-3.21354150484066
100,154,1,2,481.780173959054,0.198403224338108,2,0.728427856978669,2.42882244160137,1.29173098945284,1,-4.78217183117598
101,286,2,6,484.995063814544,0.199577642564691,3,0.262414139142493,1.77383889018893,0.821204848331035,1,-3.21354150484066
102,334,2,6,488.021207131027,0.198369569192437,3,0.231310346967803,1.92369003201929,0.787907618674581,1,-3.21354150484066
103,262,2,6,491.229261187629,0.198222071863711,3,0.288621546726063,1.93964432657594,0.851212946050509,1,-3.21354150484066
104,173,1,1,494.395231095246,0.198942877268564,1,0.290943459065602,1.84548396244645,0.842787453713754,1,4.78217183117598
105,7,1,1,497.464258089893,0.198365764697883,1,0.116549229722295,1.53654875562279,0.667737973333715,1,4.78217183117598
106,342,2,6,500.398790638952,0.198274749480333,3,0.16988326932551,1.73795167765093,0.752216483937445,1,-3.21354150484066
107,382,2,6,503.481047324694,0.198368691233554,3,0.273438101310603,1.75990419697155,0.824314876363132,1,-3.21354150484066
108,307,2,3,506.481391777785,0.198312794427693,3,0.195328314717699,1.94351408292277,0.75773943952845,1,3.21354150484066
109,369,2,1,509.745326836817,0.198243435563199,2,0.0556246380238008,1.6232496763987,0.617162484990331,0,3.21354150484066
110,162,1,2,512.827924171153,0.199306352833446,2,0.446652644664937,1.88475073682821,0.998971030528992,1,-4.78217183117598
111,443,3,1,515.78092900491,0.198343523037693,3,0.457736308135281,1.93964783841875,1.02031307478865,1,-4.78217183117598
112,402,3,1,518.778539489629,0.198829327737258,3,0.513170721427741,2.13408414547121,1.06499364502997,1,-4.78217183117598
113,54,1,2,521.914087487572,0.19833942589139,2,0.367065250888118,1.98229973506204,0.92691858469334,1,-4.78217183117598
114,77,1,1,541.639968674377,0.198408199446931,1,0.762436819781215,2.50446281852601,1.33373143955396,1,4.78217183117598
115,180,1,2,544.896460971298,0.198279724590975,2,0.149841776921676,1.83183080183335,0.712873034357472,1,-4.78217183117598
116,155,1,1,548.094702358288,0.198455609302982,1,0.0183768796778168,1.60558452987243,0.569917685368637,1,4.78217183117598
117,192,1,2,551.19636518583,0.198253678434412,2,0.114766970313212,1.58017343227766,0.67565688258037,1,-4.78217183117598
118,151,1,1,554.177317251831,0.198820255480314,1,0.019631192290035,1.67374819688848,0.571498599214465,1,4.78217183117598
119,211,2,3,557.346196134575,0.198420198237727,3,0.359838174357719,2.04616490845365,0.910889370856239,1,3.21354150484066
120,36,1,2,560.547035698744,0.198392688815147,2,0.325320287232898,1.77309525781311,0.887604107800144,1,-4.78217183117598
121,120,1,2,563.527464207753,0.198855373892002,2,0.0295445346819179,1.6329842075429,0.581207962162807,1,-4.78217183117598
122,213,2,5,566.645520602655,0.19829201603352,2,0.13363755633145,1.78660355497777,0.684807862779053,0,-3.21354150484066
123,38,1,2,569.813223603904,0.218613577773795,2,0.449087521228648,1.94701246206205,1.02914272151975,1,-4.78217183117598
124,377,2,1,572.827333889179,0.198274456828585,1,0.0392354604646243,1.57298205946609,0.598867255621371,0,3.21354150484066
125,263,2,7,575.876554977434,0.199353177382363,3,0.403642540219153,2.1075513072683,0.955746703770274,1,-3.21354150484066
126,210,2,2,579.094988280693,0.198322159338204,3,0.198830498349707,1.56898909602569,0.750186347073395,1,3.21354150484066
127,59,1,1,581.997265153668,0.198355814482056,1,0.175897297374831,1.92278778148466,0.737033623830939,1,4.78217183117598
128,246,2,6,585.259763869652,0.198888151076972,3,0.250313504990118,1.65234469540701,0.800887676392449,1,-3.21354150484066
129,215,2,7,588.176753601319,0.198558038006013,3,0.194773736460775,1.64749542802201,0.74567304582888,1,-3.21354150484066
130,138,1,2,591.144496754619,0.217988470039927,2,0.27015218856468,1.91949718628348,0.850893661156078,1,-4.78217183117598
131,275,2,3,594.309382381269,0.199183438389809,3,0.378066678742471,2.09873863443681,0.930149185940536,1,3.21354150484066
132,6,1,2,597.544648232037,0.198370447153138,2,0.434660584938683,2.07119350801077,0.986064428823738,1,-4.78217183117598
133,24,1,2,600.695898842585,0.198306063397467,2,0.0927328006855532,1.51178061762221,0.676211168181908,1,-4.78217183117598
134,296,2,8,603.629684540085,0.198397371270403,3,0.198568573527155,1.96221083280034,0.760756403769847,1,-3.21354150484066
135,8,1,2,606.90813286817,0.198912733965699,2,0.159103380117813,1.61159709465392,0.709724668724448,1,-4.78217183117598
136,126,1,2,609.875993375497,0.19891156335143,2,0.161178585611196,1.74789896784023,0.712791969355749,1,-4.78217183117598
137,225,2,1,612.994804816255,0.198322451991771,1,0.0813737503340235,1.6130749944914,0.643683617056013,0,3.21354150484066
138,5,1,1,616.042095269813,0.199100324816754,1,0.195237006846583,1.76583042899256,0.747174943247956,1,4.78217183117598
139,346,2,2,619.127320631978,0.198352302641069,3,0.326609425606875,2.09648930015283,0.877941276747151,1,3.21354150484066
140,352,2,8,622.411652464683,0.198400005150688,3,0.0974588609751663,1.61204748828641,0.660272969564176,1,-3.21354150484066
141,208,2,8,625.441543208377,0.198758798260315,3,0.122078623684502,1.52630354423854,0.673242199103697,1,-3.21354150484066
142,91,1,1,628.361229741431,0.198246654752438,1,0.0817170328100474,1.75062444926334,0.632082834968969,1,4.78217183117598
143,106,1,2,631.544710859871,0.217839802096933,2,0.113782484164403,1.89505301563258,0.693174239122527,1,-4.78217183117598
144,309,2,5,634.841517337813,0.199101495429204,2,0.125490962715048,1.67819740703271,0.676778037881377,0,-3.21354150484066
145,420,3,1,637.909026924408,0.19901721124188,3,0.4996949087963,2.1864372107666,1.05165333093828,1,-4.78217183117598
146,74,1,2,641.110291714016,0.217455255486129,2,0.31039993725426,1.80914050320462,0.890300616532841,1,-4.78217183117598
147,194,1,2,644.124447067919,0.199102666043473,2,0.25680631405703,1.82690720047503,0.808185282399791,1,-4.78217183117598
148,357,2,5,647.209676527234,0.198300795636897,2,0.250872765702297,1.85384302245438,0.80182124084422,0,-3.21354150484066
149,134,1,2,650.32712215442,0.198265969878776,2,0.0284444504268322,1.83225017420227,0.613149621116463,1,-4.78217183117598
150,56,1,2,653.645390957185,0.198196318360715,2,0.105308118703761,1.60189738926783,0.6669159098401,1,-4.78217183117598
151,318,2,6,656.657162356223,0.199011065518789,3,0.342478850667248,2.03009560109604,0.89496873144526,1,-3.21354150484066
152,196,1,2,659.859452310806,0.198366350005017,2,0.315615899393379,2.02000315480473,0.884456912781388,1,-4.78217183117598
153,259,2,3,663.07841209759,0.198341767118109,3,0.310260926873525,1.85686876629916,0.872560258074373,1,3.21354150484066
154,392,2,8,666.140495304229,0.198610715622635,3,0.243284554835554,1.96295124598691,0.793900575677981,1,-3.21354150484066
155,105,1,1,669.376184331863,0.218033246013874,1,0.0858601274630928,1.75102333589166,0.664981470647035,1,4.78217183117598
156,418,3,1,672.55664087707,0.199349372887809,3,0.538273947609923,2.0424449906659,1.09036786829165,1,-4.78217183117598
157,251,2,3,675.575351966967,0.198404980259511,3,0.269875045762092,1.85569610399216,0.821106809431512,1,3.21354150484066
158,274,2,2,678.676088839047,0.198416101089606,3,0.124063106615722,1.53913083686166,0.687164893528461,1,3.21354150484066
159,121,1,1,681.606636326309,0.199351128807393,1,0.0890626339805749,1.59255998883236,0.640707624295828,1,4.78217183117598
160,150,1,2,684.62501788844,0.198315135654411,2,0.23409787091623,1.85422873967946,0.785764810238106,1,-4.78217183117598
161,61,1,1,687.759834838109,0.198368398579987,1,0.329446993293459,1.83128178399056,0.912674849452742,1,4.78217183117598
162,323,2,3,690.793816291489,0.198303136863615,3,0.0709070002994849,1.70115577620345,0.632493720389903,1,3.21354150484066
163,408,3,1,693.939545995023,0.198881127393179,3,0.42496936650241,2.19537923641474,0.976379941415871,1,-4.78217183117598
164,189,1,1,697.224668869956,0.198352887948204,1,0.0562892539710447,1.72652648762414,0.607510189460299,1,4.78217183117598
165,31,1,1,700.409543896698,0.198322451989952,NaN,NaN,NaN,NaN,0,4.78217183117598
166,158,1,2,703.422677597468,0.199052037000001,2,0.167633642386136,1.72043110191953,0.718870673814308,1,-4.78217183117598
167,169,1,1,706.490389700237,0.198497751398463,1,0.132745548668026,1.85264694787475,0.683413369170012,1,4.78217183117598
168,313,2,1,709.725232374141,0.198264213957373,1,0.0150453129954258,1.40105899571427,0.565657821996865,0,3.21354150484066
169,203,2,3,712.625970182711,0.198261872728835,3,0.496756960981656,2.06091317821483,1.05756961273983,1,3.21354150484066
170,349,2,5,715.705506362139,0.198936438893725,2,0.268338029933147,1.78932113475821,0.820290013698468,0,-3.21354150484066
171,270,2,6,718.741063461604,0.198355521830308,3,0.21187142798226,1.88168548477006,0.762904479968711,1,-3.21354150484066
172,227,2,3,721.925543406211,0.198376007569095,3,0.128802921617535,1.79311860570488,0.690342817157216,1,3.21354150484066
173,35,1,1,725.104842214438,0.19908393622427,1,0.0173072313791636,1.50374435434969,0.568360476450835,1,4.78217183117598
174,384,2,8,728.106269777885,0.198207146539062,3,0.0819666661882366,1.45240767442556,0.633198429855838,1,-3.21354150484066
175,314,2,2,731.0082346823,0.198254556393294,3,0.249149622286495,2.03046785626248,0.811164201695647,1,3.21354150484066
176,83,1,1,734.305089155405,0.199191925341438,1,0.0509770088538062,1.82176849884308,0.603243595060121,1,4.78217183117598
177,329,2,1,737.590885425889,0.198335914048585,3,0.26346769149859,1.71189966903694,0.826278873553747,1,3.21354150484066
178,125,1,1,740.55487881075,0.199307816099463,1,0.0170271620427229,1.52161816277476,0.586551813850747,1,4.78217183117598
179,389,2,5,743.574408452299,0.198389469627728,2,1.25953706323889,2.82427507549619,1.82228737338119,0,-3.21354150484066
180,341,2,5,746.654164121801,0.199292598121247,2,0.0296624740167317,1.61658829895532,0.581041149705925,0,-3.21354150484066
181,241,2,1,749.756295194835,0.198145396665495,1,0.184496333198695,1.55403743212992,0.735584404030305,0,3.21354150484066
182,161,1,1,752.639754744716,0.198392981468714,1,0.219090310216416,1.6389575567664,0.770506445545834,1,4.78217183117598
183,249,2,1,755.57456707046,0.198396493307882,1,0.0200622707980074,1.75641284151607,0.605064777373627,0,3.21354150484066
184,174,1,2,758.825576212661,0.198360204283745,2,0.0838709620766167,1.79690495582145,0.644940270896768,1,-4.78217183117598
185,417,3,1,762.054068892374,0.199402928465133,3,0.325708345686508,1.91252296232051,0.877405720964816,1,-4.78217183117598
186,387,2,3,765.173904620149,0.19839356677403,1,0.505266737507554,2.13643239661724,1.06736999090572,0,3.21354150484066
187,358,2,6,768.319253581565,0.199044135355507,3,0.184677193021344,1.85492027974215,0.735455051211829,1,-3.21354150484066
188,405,3,1,771.521012370167,0.198304892785018,3,0.292640556323022,2.01323349559061,0.843816130529376,1,-4.78217183117598
189,423,3,1,774.755979129128,0.198361960205148,3,0.167349768555141,1.57040027087896,0.718646793939115,1,-4.78217183117598
190,222,2,6,777.673771023856,0.198377178181545,2,0.782691949192667,2.18029909766301,1.34496084443344,0,-3.21354150484066
191,40,1,2,780.586387927928,0.199041501475222,1,0.51494186000491,2.06795032266564,1.0658874086148,0,-4.78217183117598
192,301,2,5,783.654538132889,0.198358448362342,2,0.121476342921596,1.77575811140196,0.67273649397066,0,-3.21354150484066
193,297,2,1,786.823865360691,0.198373081035243,1,0.303478976215047,1.95053747266138,0.865046381179127,0,3.21354150484066
194,60,1,2,789.987037208835,0.198739190478591,2,0.135674424225726,1.55502630808041,0.686531298844784,1,-4.78217183117598
195,195,1,1,792.921010497186,0.198364301431866,1,0.061964974651346,1.54932893104524,0.613513974640227,1,4.78217183117598
196,129,1,1,795.922379237292,0.198337669968168,1,0.255066196743428,1.70775774499998,0.806250257899592,1,4.78217183117598
197,266,2,2,798.88939251293,0.198346742225112,3,0.352212796504318,1.80453911327641,0.902601425632383,1,3.21354150484066
198,220,2,4,801.856585185122,0.198397078616836,3,0.321645145420916,1.88573697889842,0.87912242600396,1,3.21354150484066
199,338,2,2,804.936378314263,0.199403806425835,3,0.147834759676698,1.91748285270296,0.699281916269683,1,3.21354150484066
200,218,2,2,808.221144444662,0.198319232802532,3,0.0885820970433997,1.64102281204214,0.639675435635581,1,3.21354150484066
201,364,2,4,811.287935567079,0.198320696070368,3,0.0307133924943628,1.68618538248666,0.601094348248807,1,3.21354150484066
202,394,2,2,814.457523841744,0.198218852676291,3,0.0169955554720218,1.44640535251347,0.578302498879566,1,3.21354150484066
203,324,2,4,817.402931977684,0.198819377521431,3,0.0204541337443516,1.77417397836871,0.572302225542444,1,3.21354150484066
204,238,2,6,820.670928773714,0.198369861846004,3,0.0186771420994774,1.6512039323261,0.581131872269907,1,-3.21354150484066
205,199,1,1,823.81892449278,0.199343519820104,1,1.08131668291389,2.63490752590587,1.63307639337472,1,4.78217183117598
206,219,2,3,826.887315844169,0.198522041631804,3,0.984516877470014,2.65455276555986,1.53553646739783,1,3.21354150484066
207,441,3,1,830.071522450469,0.198284992351546,3,0.472278257226208,2.07047006872381,1.03497559709285,1,-4.78217183117598
208,289,2,1,833.183943803517,0.217561781333643,1,0.0248781756927201,1.78206069573753,0.596227814308804,0,3.21354150484066
209,319,2,7,836.455679832461,0.198375714917347,3,0.241671449111891,1.62226197106247,0.803748949008877,1,-3.21354150484066
210,212,2,4,839.351138465752,0.199290842201663,3,0.147674092942907,1.75057616144659,0.698786161356111,1,3.21354150484066
211,276,2,4,842.485721000019,0.19836810592642,3,0.0648350268693321,1.73590749342111,0.616058010933557,1,3.21354150484066
212,351,2,7,845.671565587585,0.198326256484506,3,0.0163590342544921,1.43085755357606,0.57891004740668,1,-3.21354150484066
213,271,2,7,848.601475968324,0.19891683111382,NaN,NaN,NaN,NaN,0,-3.21354150484066
214,102,1,2,851.785453134333,0.198749726003371,2,0.659775166073814,2.16426959117234,1.22888512796817,1,-4.78217183117598
215,432,3,1,854.804240314123,0.198400590456004,3,0.393885182109443,2.0253142293077,0.957117199797722,1,-4.78217183117598
216,168,1,2,857.950895973117,0.1994169758309,2,0.277315466646542,1.81476266830941,0.82942314203865,1,-4.78217183117598
217,256,2,8,861.003338883018,0.198356692442758,3,0.109623586227826,1.74604793487561,0.660297259797517,1,-3.21354150484066
218,240,2,8,864.154374393293,0.19841873497171,3,0.016404980844527,1.41780374719383,0.599163713550297,1,-3.21354150484066
219,322,2,2,867.07002904,0.198422832118013,3,0.228546820599149,1.83132070689862,0.779410426246613,1,3.21354150484066
220,257,2,1,870.187311951879,0.198488679141519,1,0.229798791984649,1.7943012182277,0.7906228572283,0,3.21354150484066
221,245,2,5,873.266727850743,0.198984141403344,1,0.0680682619986328,1.75485651055897,0.619285978300468,0,-3.21354150484066
222,108,1,2,876.469182861863,0.198339718543139,2,0.239970840013484,1.76009003190302,0.791280449491751,1,-4.78217183117598
223,400,2,8,879.504169872442,0.198391225547311,3,0.305991991244809,2.06115666586811,0.876191209217723,1,-3.21354150484066
224,112,1,2,882.773420981086,0.19833006097906,2,0.297374225603562,1.7920466161795,0.856744095935937,1,-4.78217183117598
225,170,1,2,885.783840028609,0.199087740718824,2,0.233262052712234,1.86938379771163,0.78417833597814,1,-4.78217183117598
226,361,2,1,903.695565217671,0.198322744643519,2,0.958885997148172,2.70155934528702,1.5370664595448,0,3.21354150484066
227,164,1,2,906.952651015756,0.198328305059476,2,0.167839963054575,1.93242661495606,0.730073739885484,1,-4.78217183117598
228,365,2,5,910.231541250525,0.199104421963057,2,1.16587391729081,2.86973995693916,1.71697018241866,0,-3.21354150484066
229,247,2,7,913.451369925353,0.216533104518021,3,0.727011414363005,2.40948887785271,1.30626211036542,1,-3.21354150484066
230,165,1,1,916.648219452614,0.199029795337992,1,0.177125856485873,1.78084325745658,0.728179101559363,1,4.78217183117598
231,75,1,1,919.767120152672,0.198369569194256,NaN,NaN,NaN,NaN,0,4.78217183117598
232,312,2,8,922.84986000923,0.198960729128885,3,0.166345089319293,1.80308696694374,0.7182075211349,1,-3.21354150484066
233,166,1,2,926.000988290643,0.198293186647788,2,0.180098630060456,1.70002115884381,0.731807418824246,1,-4.78217183117598
234,133,1,1,929.035277615436,0.198266847839477,1,0.0190204245773202,1.63748843653229,0.602571077472021,1,4.78217183117598
235,99,1,1,932.168112423402,0.198291138074637,1,0.0164924842210894,1.39837272985096,0.580019789225844,1,4.78217183117598
236,187,1,1,935.064418581034,0.199299329149653,1,0.0202922963962919,1.75693376462732,0.571410217877201,1,4.78217183117598
237,354,2,2,938.316030881961,0.198609545008367,3,0.187963983727968,1.62502344885615,0.739462354671559,1,3.21354150484066
238,305,2,1,941.267423195301,0.198357570403459,1,0.247618166871689,1.61741797143804,0.798803691295689,0,3.21354150484066
239,401,3,1,944.151611744885,0.217329121855073,3,0.232048418925842,1.81332720321916,0.811596450816069,1,-4.78217183117598
240,281,2,1,947.247139678508,0.19903213656653,1,0.0962197663393454,1.76582164938918,0.646807985107444,0,3.21354150484066
241,260,2,4,950.431864866692,0.198691195317224,3,0.0714364103587286,1.50882335467941,0.623017016918311,1,3.21354150484066
242,10,1,2,953.401194786906,0.198327134445208,2,0.368009350862849,2.09942110224438,0.930839848042524,1,-4.78217183117598
243,190,1,2,956.648088343876,0.199099446856053,2,0.359709406848197,1.98038168446146,0.911586178681318,1,-4.78217183117598
244,172,1,2,959.783199702899,0.19828996745855,2,0.341308236937039,1.84558902502795,0.910834937318214,1,-4.78217183117598
245,80,1,2,962.801968152868,0.198352009987502,2,0.283098005829743,1.74678278764623,0.844788325235641,1,-4.78217183117598
246,228,2,4,965.780665909475,0.199009016943819,3,0.0188773170484637,1.65497828365187,0.569675660979556,1,3.21354150484066
247,143,1,1,968.931658692349,0.198898393948184,1,0.450627756246831,1.93667886933872,1.00177465041816,1,4.78217183117598
248,72,1,2,971.950633170334,0.198262165384222,2,0.166463613959422,1.59793017933043,0.729353519787765,1,-4.78217183117598
249,13,1,1,974.897042766324,0.199047061891179,1,0.230148512837332,1.88340599430194,0.781370911596241,1,4.78217183117598
250,426,3,1,978.065336634854,0.198285285005113,3,0.400395257727723,2.17111709619894,0.952246568711416,1,-4.78217183117598
251,84,1,2,981.350779087337,0.218650159451499,2,0.273909273339086,1.82156071490499,0.852869364482103,1,-4.78217183117598
252,302,2,6,984.413966475378,0.19926157685768,3,0.280672786831929,1.93464141613731,0.832820555742728,1,-3.21354150484066
253,107,1,1,987.582455836402,0.198508286921424,1,0.218174890278533,1.63789610276399,0.769471330353554,1,4.78217183117598
254,171,1,1,990.516597400476,0.198265384571641,1,0.0194008740381832,1.72350806011491,0.587881338396983,1,4.78217183117598
255,447,3,1,993.734848380645,0.19816090729546,3,0.564069299163748,2.07732927988945,1.12554276237279,1,-4.78217183117598
256,267,2,3,996.76361650577,0.199034770446815,3,0.165169207824874,1.75269233842118,0.717285662820359,1,3.21354150484066
257,448,3,1,999.8654786303,0.19837132511384,3,0.323287516488563,1.93894927467409,0.884269907237467,1,-4.78217183117598
258,261,2,5,1002.99607961461,0.199246066225896,2,0.309502954482014,1.89605506098815,0.860966499669303,0,-3.21354150484066
259,144,1,2,1006.09777463403,0.199009602250953,2,0.153049843853296,1.72258971364136,0.704486464925139,1,-4.78217183117598
260,414,3,1,1009.18156306784,0.198209780419347,3,0.27601403683002,1.86278329218112,0.844390316566205,1,-4.78217183117598
261,131,1,1,1012.28265902568,0.198291430728204,1,0.175924806797411,1.85747690013159,0.739131948947033,1,4.78217183117598
262,191,1,1,1015.47936954256,0.198984141403344,1,0.110585538062878,1.79674955685005,0.661594885119484,1,4.78217183117598
263,206,2,6,1018.68018949895,0.198407321486229,3,0.194235254144587,1.94805401562917,0.745640268643911,1,-3.21354150484066
264,409,3,1,1021.94850645784,0.198342059771676,3,0.0794346286857035,1.71146624930407,0.642795413887143,1,-4.78217183117598
265,114,1,2,1025.09448872128,0.198843375101205,2,0.251030505902236,2.0056262622511,0.801901135231674,1,-4.78217183117598
266,41,1,1,1028.36351390148,0.198924147449361,1,0.306067203177008,2.04051377066025,0.856606841476605,1,4.78217183117598
267,252,2,4,1031.61309460227,0.198236704534793,3,0.288218562947804,1.94286292903234,0.838971545599634,1,3.21354150484066
268,186,1,2,1034.78399601289,0.198269189066195,2,0.215267378420322,1.82806171826815,0.775472774304944,1,-4.78217183117598
269,232,2,8,1037.91165787877,0.19904998842685,3,0.0949569667754986,1.74825717564272,0.646147758963707,1,-3.21354150484066
270,76,1,2,1041.08000091308,0.198369276540689,2,0.219335553792916,1.83587029716909,0.780278436328445,1,-4.78217183117598
271,66,1,2,1044.21193200724,0.199286159746407,2,0.245015014583259,1.83207926459727,0.796798137318547,1,-4.78217183117598
272,216,2,8,1047.31379939953,0.198543112679545,3,0.32008618058353,1.89016541064666,0.871319700170716,1,-3.21354150484066
273,69,1,1,1050.39848276754,0.19823377800094,1,0.274769089124675,1.9891697744024,0.837005792489435,1,4.78217183117598
274,127,1,1,1053.62743696172,0.198989409163914,1,0.0373077523017855,1.62435561372149,0.588415723566868,1,4.78217183117598
275,347,2,3,1056.72943487744,0.198496580784195,3,0.216498571413467,1.98649053222289,0.767891294468427,1,3.21354150484066
276,64,1,2,1060.01453082826,0.198372203074541,2,0.202122849474108,1.82104593751683,0.785541515670047,1,-4.78217183117598
277,177,1,1,1063.14872413346,0.198274749480333,1,0.0471160321121715,1.51085992992193,0.608815423771375,1,4.78217183117598
278,157,1,1,1066.12811518605,0.199185194311212,NaN,NaN,NaN,NaN,0,4.78217183117598
279,356,2,4,1069.03094458871,0.198479021577441,3,0.116141856142349,1.58089072584153,0.678787396353073,1,3.21354150484066
280,231,2,7,1072.01128237515,0.199091252559811,3,0.34434276038337,1.86456789281692,0.895911660805723,1,-3.21354150484066
281,277,2,5,1075.04674933736,0.198251922514828,2,0.233257370258798,1.94865015067262,0.794579238990991,0,-3.21354150484066
282,117,1,1,1078.27828883196,0.198781625227639,1,0.384069878617083,2.03706104545927,0.935333248855386,1,4.78217183117598
283,178,1,2,1081.44665703447,0.198463510945658,2,0.1468596384384,1.54882966428886,0.698136470735335,1,-4.78217183117598
284,273,2,1,1084.36343956751,0.198376007569095,1,0.785125947793858,2.20026128098471,1.34830997032259,0,3.21354150484066
285,396,2,4,1087.31153162808,0.198724850461076,3,0.141654211824061,1.62814459772017,0.692688727076529,1,3.21354150484066
286,53,1,1,1090.31271072876,0.1985785237448,2,1.20410001606615,2.69067410084426,1.75500956830365,0,4.78217183117598
287,23,1,1,1093.31425945073,0.198289382153234,1,0.149926061110818,1.89728215683317,0.7116488650463,1,4.78217183117598
288,282,2,2,1096.57766422174,0.198700267572349,3,0.141881310886674,1.74571723649751,0.693425043114985,1,3.21354150484066
289,2,1,2,1099.69664276761,0.218681766024019,2,0.367369903111467,2.09879189736421,0.945987004432027,1,-4.78217183117598
290,386,2,2,1102.94425478876,0.19857003679499,3,0.272784313541706,1.64330111901836,0.824317802898804,1,3.21354150484066
291,370,2,2,1105.82949601274,0.198344693651961,3,0.017060524534827,1.44880569597262,0.580100854225748,1,3.21354150484066
292,141,1,1,1108.77628810677,0.199213289040927,1,0.159622254654096,1.74682112524715,0.711264318433678,1,4.78217183117598
293,3,1,1,1111.8972880099,0.198294649913805,1,0.0174237074443226,1.46451474695277,0.579433019091084,1,4.78217183117598
294,29,1,1,1114.85988690115,0.199003749183248,1,0.155153729385347,1.79134161405818,0.70641709962365,1,4.78217183117598
295,179,1,1,1118.01165024052,0.198283821739096,1,0.0183452731052967,1.60498634625401,0.569968314413927,1,4.78217183117598
296,250,2,2,1121.11385945202,0.198391518200879,3,0.631692142635075,2.34528920158482,1.19187558951489,1,3.21354150484066
297,93,1,1,1124.34264215128,0.199089203986659,3,0.0191149516358564,1.63885805459904,0.570344374074921,0,4.78217183117598
298,44,1,2,1127.4773230171,0.198374544301259,2,0.166353576269103,1.86992813309553,0.717548758255361,1,-4.78217183117598
299,101,1,1,1130.69615754822,0.198287333578264,1,0.273831134873035,1.84292061102497,0.857700487355032,1,4.78217183117598
300,9,1,1,1133.78042008059,0.198224413090429,1,0.125421896504122,1.6387172882969,0.686757519950334,1,4.78217183117598
301,330,2,2,1136.80919669266,0.199443607292778,3,0.354346825339235,1.84192383343361,0.906899333949696,1,3.21354150484066
302,328,2,8,1139.81125258303,0.198405565566645,3,0.0180546682458953,1.58364517995324,0.578022136891377,1,-3.21354150484066
303,435,3,1,1142.89186075198,0.199497455525488,3,0.51868694598852,2.23919384514738,1.07045514339916,1,-4.78217183117598
304,366,2,6,1146.12739057615,0.198277383362438,3,0.0168899075833906,1.47024226729081,0.568484854160488,1,-3.21354150484066
305,411,3,1,1149.09526864268,0.198471412588333,3,0.605044876940156,2.2917388910937,1.18973600026584,1,-4.78217183117598
306,110,1,2,1152.29626009398,0.198212999606767,2,0.60368257520895,2.05053744339602,1.16479227020318,1,-4.78217183117598
307,49,1,1,1155.25939512632,0.198309867892021,1,0.137176321644802,1.60756257442699,0.688299218234533,1,4.78217183117598
308,79,1,1,1158.24475104119,0.198361374898013,1,0.0178702965840785,1.50369606653294,0.56839588751609,1,4.78217183117598
309,325,2,5,1161.24561553943,0.218302487171968,2,0.205292871460188,1.66918894905575,0.784025863538773,0,-3.21354150484066
310,96,1,2,1164.22477393254,0.199484871427558,2,0.161567229370121,1.66623870979674,0.714285965132149,1,-4.78217183117598
311,362,2,2,1167.24403608885,0.198244020872153,3,0.231689918469783,1.64686827171499,0.794510172780065,1,3.21354150484066
312,46,1,2,1170.17527921332,0.21830951085758,2,0.261451016691353,1.79534306445021,0.843527574246764,1,-4.78217183117598
313,68,1,2,1173.22527436991,0.198961607087767,2,0.209331781490619,1.71330879531888,0.76130278772871,1,-4.78217183117598
314,360,2,8,1176.24361261933,0.198389762279476,3,0.0198105888466671,1.72282471434846,0.570814375487316,1,-3.21354150484066
315,63,1,1,1179.46123088278,0.198385372479606,1,0.242808407698249,1.87748854188612,0.825855111381316,1,4.78217183117598
316,253,2,5,1182.61116338227,0.198285285005113,2,0.882449310231095,2.26346213108445,1.44459704695146,0,-3.21354150484066
317,244,2,4,1185.50826087478,0.198839570606651,3,0.180661402611804,1.7345135851192,0.732463840473429,1,3.21354150484066
318,428,3,1,1188.57689542117,0.198494239557476,3,0.214276746548421,1.83345649165312,0.764815799540884,1,-4.78217183117598
319,304,2,8,1191.71085021383,0.19826450661094,3,0.0171026666284888,1.4815187893746,0.596887162493658,1,-3.21354150484066
320,113,1,1,1194.69074638624,0.198981800176625,1,0.146145564060134,1.61571472845571,0.697453124968888,1,4.78217183117598
321,272,2,8,1197.67503294546,0.198386250438489,3,0.307469305775157,1.92744653148475,0.858691997187634,1,-3.21354150484066
322,434,3,1,1200.81021863845,0.198415515782472,3,0.22161795791726,1.9363534387212,0.783699262308801,1,-4.78217183117598
323,136,1,2,1204.04051757515,0.19899935938156,2,0.31632733988954,1.9539091328661,0.868461939397093,1,-4.78217183117598
324,327,2,7,1207.19292504472,0.198310745854542,3,0.0333168374345405,1.68167149593501,0.596190354670398,1,-3.21354150484066
325,427,3,1,1210.35707874514,0.198395908002567,3,0.0619222472505498,1.82941553304954,0.623054183904969,1,-4.78217183117598
326,388,2,4,1213.64079044522,0.198745043548115,3,0.0172208986150508,1.52090379574292,0.568790969651673,1,3.21354150484066
327,58,1,2,1216.65941227582,0.198393566775849,2,0.181741293779851,1.75098412033185,0.733058512249045,1,-4.78217183117598
328,425,3,1,1219.74336664412,0.198396785963268,3,0.40100163563875,1.98705067089213,0.985029313631458,1,-4.78217183117598
329,4,1,2,1222.84411141784,0.198325085872057,2,0.236757212664088,1.95024277065568,0.798278671038133,1,-4.78217183117598
330,147,1,1,1226.07297576742,0.199064035790798,1,0.310490074511108,1.69708730817547,0.861685841808139,1,4.78217183117598
331,436,3,1,1228.97391053175,0.198615398077891,3,0.446889986598762,1.91643251953246,0.997923331238781,1,-4.78217183117598
332,374,2,6,1231.95856700491,0.198340303850273,3,0.296659273264595,1.99544397135469,0.876803440200092,1,-3.21354150484066
333,182,1,2,1235.17335413904,0.199426926048545,2,0.290883757763368,1.86093606371287,0.843128980270194,1,-4.78217183117598
334,280,2,8,1238.2583313311,0.198353180601771,3,0.0502383515886322,1.61563366345763,0.61351894974905,1,-3.21354150484066
335,299,2,3,1241.33929478132,0.198932927052738,3,0.0187757663061348,1.62306501208332,0.570836324495758,1,3.21354150484066
336,295,2,7,1244.45840999634,0.198383031252888,3,0.0186115877295379,1.56717581535304,0.578655731573235,1,-3.21354150484066
337,92,1,2,1247.52182184956,0.198819670173179,2,0.288536384578038,1.80810860720158,0.839181085457312,1,-4.78217183117598
338,26,1,2,1250.55657707862,0.198282651124828,2,0.083605525413077,1.53361168576885,0.645921830511725,1,-4.78217183117598
339,429,3,1,1278.56637014045,0.198983263442642,NaN,NaN,NaN,NaN,0,-4.78217183117598
340,368,2,8,1281.77328753112,0.198390932895563,3,1.48144123621387,2.98061697782032,2.0441236507595,1,-3.21354150484066
341,332,2,4,1284.78854209132,0.198429563148238,3,0.0206177270119952,1.82109890778702,0.584243363571659,1,3.21354150484066
342,407,3,1,1288.10490893942,0.198461169718939,3,0.300774273187926,1.9209071905243,0.851677094397019,1,-4.78217183117598
343,372,2,4,1291.24005541685,0.217782149369668,3,0.0263809510706778,1.64173805703285,0.605876597997849,1,3.21354150484066
344,111,1,1,1294.3714611981,0.198960729128885,1,0.164180917181511,1.91816619847123,0.716063542084157,1,4.78217183117598
345,391,2,7,1297.64116533426,0.198399127189987,3,0.301106142180288,1.84846317439406,0.863199152709058,1,-3.21354150484066
346,214,2,6,1300.70466849536,0.198322159338204,3,0.814832319825655,2.5688641330089,1.36621509266479,1,-3.21354150484066
347,284,2,4,1303.97396818447,0.198372203074541,3,0.0481174921587808,1.69954706028147,0.630742774897953,1,3.21354150484066
348,207,2,7,1307.14062173051,0.198376300222662,3,0.0202375702028803,1.76780086455619,0.581802926593809,1,-3.21354150484066
349,348,2,4,1310.40400689374,0.217956278163911,3,0.0202577632917382,1.77102297885358,0.602187116166533,1,3.21354150484066
350,340,2,4,1313.67093491944,0.198619202572445,3,0.0205281750622817,1.77431503732259,0.571940213245398,1,3.21354150484066
351,163,1,1,1316.93993054163,0.198390932893744,1,0.107450634488487,1.80548057937267,0.669778353068978,1,4.78217183117598
352,28,1,2,1320.15397140952,0.198526138779926,2,0.296522896765964,1.96743440392675,0.848247781466853,1,-4.78217183117598
353,123,1,1,1323.3399623238,0.198348790800082,1,0.23490676500478,1.95730040084709,0.805079936822949,1,4.78217183117598
354,30,1,2,1326.57763173721,0.198418734969891,2,0.0749453250227816,1.55169503405159,0.633362608430616,1,-4.78217183117598
355,442,3,1,1329.57033939897,0.198678611219293,3,0.48089543756214,1.96706097814604,1.03187434866413,1,-4.78217183117598
356,122,1,2,1332.58884621677,0.198304892785018,2,0.319677636391134,1.77260740454221,0.870445837019361,1,-4.78217183117598
357,100,1,2,1335.55699791426,0.198328890366611,2,0.668405808468378,2.3321645730739,1.23013358751268,1,-4.78217183117598
358,303,2,7,1338.73679364802,0.198843375103024,3,0.24089650282076,1.74450799251281,0.792724401531814,1,-3.21354150484066
359,390,2,6,1341.75550707914,0.198422539464445,3,0.0857369203677081,1.51749204202133,0.647565372191821,1,-3.21354150484066
360,317,2,5,1344.70336443166,0.198707876561457,2,0.564000818259956,2.21768089128273,1.11587876070553,0,-3.21354150484066
361,255,2,7,1347.87217073635,0.198280017242723,3,0.10356770873841,1.78499191252376,0.666059313241931,1,-3.21354150484066
362,82,1,2,1351.06977677274,0.198850398784998,2,0.394234610308558,2.0113423691073,0.976013831972523,1,-4.78217183117598
363,223,2,7,1354.20304265921,0.198955168712928,3,0.492861451133649,2.23001506287255,1.04467032737193,1,-3.21354150484066
364,376,2,8,1357.45533742794,0.198394444734731,3,0.079433750726821,1.6818195785745,0.629984509852875,1,-3.21354150484066
365,278,2,6,1360.57300254521,0.198391225547311,3,0.0189697955302108,1.6159465099754,0.59763869651033,1,-3.21354150484066
366,183,1,1,1363.68608617297,0.198903661708755,1,0.15821020184012,1.77888511333549,0.71016540479286,1,4.78217183117598
367,288,2,8,1366.82209217354,0.198408492100498,3,0.12584595133012,1.90693533032209,0.688297462314949,1,-3.21354150484066
368,175,1,1,1370.11906107414,0.19888405392885,1,0.156710060342448,1.61001676611522,0.708288033019926,1,4.78217183117598
369,153,1,1,1373.08765936077,0.19826772579836,1,0.0529468591121258,1.65727356452771,0.638348544969631,1,4.78217183117598
370,39,1,1,1376.20747196892,0.198290260113936,1,0.13529543803088,1.69725236471277,0.69514379672728,1,4.78217183117598
371,335,2,7,1379.28553756485,0.198344986305528,3,0.131700775911668,1.75545088968101,0.702795806042559,1,-3.21354150484066
372,350,2,6,1382.424914055,0.19831630626868,3,0.213394396447256,1.80775215531867,0.772588089414057,1,-3.21354150484066
373,419,3,1,1385.53538575088,0.198670416923051,3,0.249595626119117,1.9534089881472,0.801194377190768,1,-4.78217183117598
374,198,1,2,1388.7545018146,0.198258653541416,2,0.337607634275628,1.90212088869521,0.89949959189471,1,-4.78217183117598
375,439,3,1,1391.8352510425,0.198307526665303,3,0.220565868825361,1.72532719385345,0.772142670890389,1,-4.78217183117598
376,326,2,6,1394.85539935341,0.198206561231927,3,0.13185383365817,1.7453874160783,0.693070347155299,1,-3.21354150484066
377,344,2,8,1397.9850269724,0.198300795636897,3,0.0169733138118318,1.57090539070668,0.568322431505294,1,-3.21354150484066
378,450,3,1,1401.05433374373,0.198374251647692,3,0.0691502017398307,1.6502150563756,0.62951977620105,1,-4.78217183117598
379,381,2,5,1404.15209111121,0.198379519410082,2,0.522227174567888,1.97649232033473,1.0734656692639,0,-3.21354150484066
380,188,1,2,1407.12176372859,0.198393274122282,2,0.218006907207382,1.81485309821983,0.77922049416884,1,-4.78217183117598
381,230,2,6,1410.23458396827,0.217526370268388,3,0.0167544090418232,1.43387481046921,0.597962956513584,1,-3.21354150484066
382,234,2,2,1413.16792366194,0.198910100083594,3,0.018822298201485,1.67262440770719,0.570672731226296,1,3.21354150484066
383,339,2,3,1416.33712592672,0.198407906793364,3,0.168970190612526,1.78337324638414,0.731973938627561,1,3.21354150484066
384,16,1,2,1419.46767335546,0.19849716608951,2,0.255418844129963,1.8607391079513,0.825037437691208,1,-4.78217183117598
385,137,1,1,1422.58831329487,0.198401761072091,1,0.387931148012285,1.88434424120896,0.948900076704376,1,4.78217183117598
386,321,2,1,1425.60077886785,0.198756749685344,1,0.202507688736659,1.63959290736784,0.754081271614268,0,3.21354150484066
387,399,2,7,1428.55360576832,0.198403516993494,3,0.161455728413785,1.75896741333236,0.723211016880668,1,-3.21354150484066
388,265,2,1,1431.66727704418,0.217883114804863,1,0.141272591747111,1.92504238353285,0.722865685829674,0,3.21354150484066
389,119,1,1,1434.9673679716,0.198899857214201,1,0.0163733742738259,1.43667696709235,0.568113769606498,1,4.78217183117598
390,421,3,1,1437.90321950968,0.198372495728108,3,0.331879528630452,2.11287994097802,0.894492291654387,1,-4.78217183117598
391,148,1,2,1441.20032742066,0.198718412086237,2,0.337296251020234,1.80784492645762,0.888960263810077,1,-4.78217183117598
392,269,2,5,1444.18627888526,0.19834059650384,2,0.108231726499071,1.69384119629649,0.692168096618843,0,-3.21354150484066
393,209,2,1,1447.28735903982,0.198382445945754,1,0.161524209317577,1.62486219681523,0.722444850192915,0,3.21354150484066
394,395,2,3,1450.26660522896,0.198295527874507,3,0.343681070971797,2.07749989684089,0.904290913900695,1,3.21354150484066
395,380,2,4,1453.51652570038,0.198757920297794,3,0.0168644467357808,1.45412818396107,0.568467880260869,1,3.21354150484066
396,88,1,2,1456.46897976038,0.198418734969891,2,0.378397962429517,1.84306459651452,0.941251871883651,1,-4.78217183117598
397,14,1,2,1459.44964531867,0.198700267572349,2,0.365865664463854,1.82245272257023,0.936774567011526,1,-4.78217183117598
398,449,3,1,1462.42126056954,0.198426343960818,3,0.148014741538645,1.62693418312119,0.707862807583297,1,-4.78217183117598
399,291,2,3,1465.41635101555,0.198534625729735,3,0.478507678202732,2.21569553039262,1.03013130481486,1,3.21354150484066
400,431,3,1,1468.66815997958,0.198298161756611,3,0.378975660307333,2.04395244849911,0.941539257555633,1,-4.78217183117598
401,142,1,2,1471.86640019596,0.198312501774126,2,0.212855328823935,1.71739365193753,0.764663619753264,1,-4.78217183117598
402,94,1,2,1474.88603197356,0.198406443525528,2,0.0514060387868085,1.68174670786902,0.613881840004979,1,-4.78217183117598
403,67,1,1,1478.03198555697,0.199309572020866,1,0.270637407955292,2.00812259603481,0.822985644472283,1,4.78217183117598
404,292,2,4,1481.28464702045,0.198300795636897,3,0.29160251459507,1.92317203544189,0.853117241940708,1,3.21354150484066
405,139,1,1,1484.43173258734,0.199399416624146,1,0.14622838498326,1.60012303150324,0.698406004545177,1,4.78217183117598
406,359,2,7,1487.4006065535,0.198263628652057,3,0.169875660334583,1.93517814253391,0.732732788979774,1,-3.21354150484066
407,217,2,1,1490.6819457122,0.198242850256065,1,0.321315325001706,2.02184979796766,0.902174736926099,0,3.21354150484066
408,78,1,2,1493.89756603066,0.199052037000001,2,0.234485344060886,1.85432151081659,0.785578682656705,1,-4.78217183117598
409,331,2,3,1497.03244882735,0.198414345168203,3,0.289464095960284,1.94312778039057,0.841109671580853,1,3.21354150484066
410,367,2,7,1500.20135931666,0.198315135654411,3,0.0209396457903495,1.78854150601364,0.603069758921265,1,-3.21354150484066
411,393,2,1,1503.48401629377,0.198365764699702,1,0.197989412383322,1.68373206875731,0.748438328118937,0,3.21354150484066
412,410,3,1,1506.48508740534,0.198348790800082,3,0.306843320084226,1.9705953536577,0.869374140147556,1,-4.78217183117598
413,254,2,6,1509.66392118726,0.198840155913786,3,0.173936519371637,1.55975031979688,0.724446014368368,1,-3.21354150484066
414,145,1,1,1512.58222346958,0.198199244896387,1,0.228320014188284,1.68136772167418,0.77946046998477,1,4.78217183117598
415,416,3,1,1515.55041906508,0.198306356052854,3,0.336637488144333,1.80131758428615,0.898987155735085,1,-4.78217183117598
416,345,2,1,1518.5313044061,0.198497751396644,1,0.113846282614759,1.68431122990296,0.665237542401883,0,3.21354150484066
417,404,3,1,1521.6171630703,0.198412296593233,3,0.275875319102852,1.99035736203405,0.854529002101117,1,-4.78217183117598
418,385,2,1,1524.84835898977,0.198455901956549,1,0.109958674409427,1.84736513871394,0.661510308278594,0,3.21354150484066
419,57,1,1,1528.10129993728,0.198369569194256,1,0.0191971872500289,1.64927622416326,0.579878730270138,1,4.78217183117598
420,140,1,2,1531.24696320849,0.198252800473711,2,0.121001951705694,1.88861288418411,0.683285186965804,1,-4.78217183117598
421,97,1,1,1534.5300594584,0.199227336406693,1,0.0301184280651796,1.51721168003314,0.581811706195367,1,4.78217183117598
422,65,1,1,1537.5319265873,0.198375714915528,1,0.0179513615839824,1.53803777629037,0.569237558789609,1,4.78217183117598
423,52,1,2,1540.56713103938,0.198379519410082,2,0.0288339721464581,1.46421097268831,0.612201716647178,1,-4.78217183117598
424,181,1,1,1543.51755993762,0.198372495728108,1,0.0170608171865752,1.44715103346061,0.578457312547471,1,4.78217183117598
425,70,1,2,1546.46318727098,0.199258942977394,2,0.149280760289912,1.73597275513566,0.700827711705642,1,-4.78217183117598
426,268,2,4,1549.56502276405,0.198398541882852,3,0.214093838152621,1.65023524946264,0.765022705516458,1,3.21354150484066
427,336,2,8,1552.53322772446,0.198242850256065,3,0.0193379535503482,1.70013675695009,0.580881068277449,1,-3.21354150484066
428,379,2,3,1555.72950218773,0.198876444939742,3,0.0181658765504835,1.55572662774466,0.570077181489978,1,3.21354150484066
429,221,2,5,1558.782475093,0.198404394952377,2,0.379414055149027,2.1607811622489,0.941963605035198,0,-3.21354150484066
430,343,2,7,1562.09630200195,0.199019259815032,3,0.208704917835348,1.87876685208357,0.760303961562386,1,-3.21354150484066
431,103,1,1,1565.28116854175,0.198419320277026,1,0.184037745269961,1.8540104202184,0.735306675922402,1,4.78217183117598
432,315,2,3,1568.46649396212,0.198331524246896,3,0.268920702919786,1.93246641582482,0.830797149907085,1,3.21354150484066
433,308,2,4,1571.64575267683,0.198734800678722,3,0.016536089582587,1.42243557307847,0.586831005226486,1,3.21354150484066
434,248,2,8,1574.56697388448,0.198297869103044,3,0.0186502179822128,1.71498862602493,0.579334687537994,1,-3.21354150484066
435,47,1,1,1577.77937208865,0.198758505606747,1,0.227796457194927,1.76388838080857,0.778722690680297,1,4.78217183117598
436,130,1,2,1580.84820505407,0.19839239616158,2,0.110507399596827,1.75871953587557,0.673113431592355,1,-4.78217183117598
437,236,2,4,1584.01233709812,0.198700267574168,3,0.0911112080120802,1.57854042612234,0.642760588129022,1,3.21354150484066
438,32,1,2,1587.01493059285,0.198344986305528,2,0.15004429309738,1.84806838491386,0.713050089683748,1,-4.78217183117598
439,233,2,1,1590.22822899897,0.199190462073602,1,0.324483005761067,1.79461728393471,0.875899141092304,0,3.21354150484066
440,85,1,1,1593.21349302065,0.19827504213572,1,0.018260988917973,1.56751880517913,0.581698741971195,1,4.78217183117598
441,373,2,5,1596.27877580728,0.198907173549742,2,0.341920760571156,1.71246829465781,0.893699786156503,0,-3.21354150484066
442,87,1,1,1599.16448439879,0.198431026414255,1,0.107804159833904,1.52251104839706,0.670277912480742,1,4.78217183117598
443,1,1,1,1602.09539887346,0.198610422969068,1,0.0197857133025536,1.72648990594462,0.590990195818449,1,4.78217183117598
444,89,1,1,1605.31783070057,0.198381860638619,1,0.0246343953822361,1.76911195193679,0.583191567133326,1,4.78217183117598
445,445,3,1,1608.57859485966,0.198429563148238,3,0.0302861184827634,1.70008086014423,0.581054611764557,1,-4.78217183117598
446,152,1,2,1611.78080550516,0.19847697300429,2,0.202037979977831,1.64998649404333,0.764027391191121,1,-4.78217183117598
447,403,3,1,1614.74505086463,0.198818206907163,3,0.651160034309214,2.40562936437891,1.20352641533827,1,-4.78217183117598
448,430,3,1,1618.01521651525,0.198383616558203,3,0.0308278199863707,1.72761515839375,0.591837720159674,1,-4.78217183117598
449,433,3,1,1621.22784298909,0.19835961897661,3,0.209275006724056,1.82660693805155,0.771323241277059,1,-4.78217183117598
450,73,1,1,1624.36133890116,0.198336499355719,1,0.0626243228362,1.73346178867905,0.614230390245211,1,4.78217183117598
