PresOrder,TrialNumber,Illusory_Fragmented,Fat_Thin,StimPresTime,StimPresLength,Response,RespScreenOnset_to_Resp,ExpStartOnset_to_Resp,StimOnset_to_Resp,Accuracy,StepLevel
1,24,1,2,268.150999657304,0.199082182989514,1,0.0818201000220142,1.53139620739785,0.632847149609006,0,-1.56381080921721
2,344,2,8,271.110261248028,0.199246946389394,3,0.491135699781807,1.9481958114975,1.04209982906104,1,-2.74158061820689
3,155,1,1,274.07550933986,0.199050576511581,2,0.467967273247268,1.94282680732795,1.01876400525543,0,1.56381080921721
4,272,2,8,277.058601922552,0.19891800489313,3,0.000509800787767745,1.35880317972806,0.551264098172396,1,-2.74158061820689
5,68,1,2,279.929734116355,0.199256896577936,1,0.301685005739273,2.0246703195553,0.854471482616646,0,-1.56381080921721
6,162,1,2,283.162063680615,0.1989996549637,1,0.301674762900802,1.85618584141048,0.852284782564311,0,-1.56381080921721
7,145,1,1,286.225484713146,0.19850946189581,1,0.153787173096134,1.54472038655877,0.704832367140625,1,1.56381080921721
8,407,3,1,289.12470657921,0.198867083345249,3,1.27676476088345,2.68543681762458,1.82796535344642,1,-1.56381080921721
9,195,1,1,292.040895563709,0.199263627586333,1,0.441214145303093,2.03379551954822,0.992621350585978,1,1.56381080921721
10,422,3,1,295.140914556861,0.199241385991627,3,0.976001903412907,2.50123631080896,1.52667542868585,1,-1.56381080921721
11,179,1,1,298.173444354014,0.198918590198446,3,0.280492276751829,1.9732064860018,0.831657165699653,0,1.56381080921721
12,82,1,2,301.373556966726,0.198886398415198,1,0.161255081546187,1.82025629927375,0.712127025264635,0,-1.56381080921721
13,263,2,7,304.540648418608,0.198659007362949,3,0.969420439616442,2.66116596883694,1.52004011681493,1,-2.74158061820689
14,98,1,2,307.740487986464,0.198536385933039,1,0.29918019233628,1.75733248347024,0.849786407516149,0,-1.56381080921721
15,223,2,7,310.707045113273,0.199229972540707,3,0.436069313007465,2.0948103625924,0.986895017618735,1,-2.74158061820689
16,297,2,1,313.874755525354,0.199221485616363,3,0.295871169653765,1.68705840555231,0.846727310134156,1,2.74158061820689
17,420,3,1,316.774151227048,0.198573845464125,3,0.783739696067641,2.29160429508738,1.33452764849972,1,-1.56381080921721
18,27,1,1,319.789860232055,0.198656958795254,1,0.191896684276799,1.68391795075331,0.742566405064281,1,1.56381080921721
19,241,2,1,322.789724148608,0.198568870369854,3,0.479885842083604,2.17203610981596,1.0307832465769,1,2.74158061820689
20,246,2,6,325.990684283181,0.198580283820775,3,0.250684733866365,1.87501452288416,0.801576577961896,1,-2.74158061820689
21,7,1,1,329.123328478227,0.199083938903641,1,0.395579365769663,2.05438128709284,0.94674513267455,1,1.56381080921721
22,337,2,1,332.289641181602,0.199451803193369,1,0.167642224030715,1.52780565293506,0.719799205213349,0,2.74158061820689
23,327,2,7,335.157633213257,0.19925514066199,3,0.576025725333238,2.29989367931921,1.12670129917205,1,-2.74158061820689
24,404,3,1,338.389130766243,0.198709050953767,3,0.758249656644693,2.30033119492145,1.30886231018121,1,-1.56381080921721
25,335,2,7,341.438958379244,0.1984316163107,3,0.368187377249342,1.8103500095549,0.919279103054578,1,-2.74158061820689
26,341,2,5,344.38879538639,0.19864086290363,3,0.92358431510911,2.53254925855072,1.47441528746822,1,-2.74158061820689
27,289,2,1,347.505864611308,0.198580576472523,3,0.154849794602342,1.87958897530916,0.705451327339688,1,2.74158061820689
28,229,2,5,350.738227830616,0.198971267662273,3,0.302464046899331,1.89514609362959,0.853214247146752,1,-2.74158061820689
29,5,1,1,353.838381151301,0.199250750873034,1,0.360045197263389,1.80290609861549,0.91084778232289,1,1.56381080921721
30,402,3,1,356.790452268218,0.199134860453341,3,0.557254111110524,2.13083882130013,1.10780003985928,1,-1.56381080921721
31,180,1,2,359.872197741834,0.198439810583295,1,0.308187453341816,2.03308730031313,0.859053251355363,0,-1.56381080921721
32,221,2,5,363.104734504119,0.198758509239269,3,0.221337240829598,1.88048039505702,0.772027154647731,1,-2.74158061820689
33,28,1,2,366.271095202517,0.198427811828878,1,0.116057232307867,1.64199722506783,0.66712378999182,0,-1.56381080921721
34,249,2,1,369.305502951254,0.198842500527462,3,0.225647135326653,1.98376187913345,0.776481619515835,1,2.74158061820689
35,416,3,1,372.57139713218,0.199489262724455,3,0.445767234090454,1.92565132025811,1.00073016817987,1,-1.56381080921721
36,12,1,2,375.55860119092,0.199262164323954,1,0.3554151408498,1.81052384518625,0.90632893388829,0,-1.56381080921721
37,268,2,4,378.521794276359,0.198765825554801,3,0.347160582274228,1.85530290858514,0.897845228344522,1,2.74158061820689
38,123,1,1,381.537497135663,0.198809138135402,1,0.000361133279511705,1.72603650957899,0.551255025942737,1,1.56381080921721
39,160,1,2,384.771311619097,0.19898443702732,1,0.402716576807506,1.87771804738622,0.95326484677571,0,-1.56381080921721
40,356,2,4,387.754053896653,0.198598720931841,3,0.174746657979995,1.76699528624522,0.725639672686157,1,2.74158061820689
41,79,1,1,390.853770287042,0.198982095807878,1,0.0819681822249549,1.49104380687277,0.632722479611402,1,1.56381080921721
42,77,1,1,393.771540766065,0.199383615143233,3,0.404788557050779,1.81322297989936,0.955717275368443,0,1.56381080921721
43,109,1,1,396.687615616058,0.19918987913843,1,0.177446085348492,1.76918725404357,0.727993770011381,1,1.56381080921721
44,331,2,3,399.788005400025,0.198357575209229,3,0.20505580738245,1.81284019032864,0.75606529781362,1,2.74158061820689
45,46,1,2,402.903465035772,0.198455321171423,1,0.0168281084606861,1.60918735939958,0.567794286309436,0,-1.56381080921721
46,199,1,1,406.003230884446,0.19865754410057,1,0.334263383221696,2.09334563644734,0.885075040510856,1,1.56381080921721
47,332,2,4,409.270402493868,0.199024237779668,3,1.03070510833822,2.70630528755828,1.58180473576249,1,2.74158061820689
48,99,1,1,412.453545646924,0.19943892648007,1,0.902515378160388,2.56307262963855,1.45500100818754,1,1.56381080921721
49,280,2,8,415.62141789588,0.199259530450945,3,0.733843895019163,2.29115185420414,1.28446093834464,1,-2.74158061820689
50,388,2,4,418.686421886197,0.198795968770355,3,0.854649415381573,2.33006557466433,1.40527172645488,1,2.74158061820689
51,144,1,2,421.669339755301,0.1989358567007,1,0.40999543169346,1.81916119333255,0.96080445510961,0,-1.56381080921721
52,37,1,1,424.586076585423,0.19883372095137,1,0.343520276872368,1.90251567081395,0.894187071136912,1,1.56381080921721
53,201,2,1,427.652566958177,0.198689735883818,3,0.452910590833199,2.01191593496333,1.00372019955466,1,2.74158061820689
54,384,2,8,430.719012262436,0.19886825395406,3,0.162194788968918,1.52144660509839,0.71315043132563,1,-2.74158061820689
55,154,1,2,433.586050539343,0.199202755851729,1,0.312569047717261,2.03832987857095,0.863363145852418,0,-1.56381080921721
56,250,2,2,436.819687382664,0.199157394701615,3,0.264223134712665,1.97247953700025,0.814693851749325,1,2.74158061820689
57,205,2,5,440.035612892048,0.198378353541557,3,0.153328879159744,1.82876692885293,0.704269010930147,1,-2.74158061820689
58,323,2,3,443.218977290453,0.198466734622343,3,0.175039895862938,1.71721215643629,0.725992026389576,1,2.74158061820689
59,76,1,2,446.268660040427,0.19847229502011,1,0.224455746687454,1.68347663066743,0.775418998011446,0,-1.56381080921721
60,226,2,2,449.235132590638,0.198756460671575,3,0.149944644765128,1.50909725167185,0.700899701816525,1,2.74158061820689
61,415,3,1,452.101682723051,0.199355520495374,3,0.327916041487697,1.75447326779613,0.879208819611449,1,-1.56381080921721
62,437,3,1,455.035977244506,0.199086572778469,3,0.389160616805384,1.76421157493496,0.940008563014999,1,-1.56381080921721
63,428,3,1,457.918473137859,0.1988796674068,3,0.479973930509004,2.10554895623864,1.03059477831812,1,-1.56381080921721
64,26,1,2,461.051291461188,0.198906884095777,1,0.318204951037842,2.06069585173645,0.868932031731674,0,-1.56381080921721
65,397,2,5,464.301281145184,0.198485757038725,3,0.156192777274555,1.69876743514214,0.707212217894266,1,-2.74158061820689
66,161,1,1,467.351140364663,0.198525265135686,1,0.297283218334996,1.87268734959434,0.847812465886818,1,1.56381080921721
67,426,3,1,470.433994406238,0.199025993693795,3,0.717304341998897,2.1100438071644,1.26793309142704,1,-1.56381080921721
68,33,1,1,473.334123787943,0.199882295133648,1,0.126417718825905,1.52179222779159,0.67962912724397,1,1.56381080921721
69,72,1,2,476.237240567149,0.199305184252808,3,0.180889435563586,1.77046936498118,0.731553888606868,0,-1.56381080921721
70,22,1,2,479.33473572448,0.198811479356664,1,0.296485740063872,1.70492660127093,0.84715077841247,0,-1.56381080921721
71,228,2,4,482.251355200919,0.198572967505243,3,0.31930210554674,1.84438169973146,0.870252772809181,1,2.74158061820689
72,88,1,2,485.284335390388,0.198799773252176,1,0.0719606347174704,1.54729514392784,0.622609577172625,0,-1.56381080921721
73,32,1,2,488.267518695378,0.198692662408575,1,0.458804613726898,1.88421551989268,1.00973186878218,0,-1.56381080921721
74,25,1,1,491.200886386123,0.199176709771564,1,0.158156768717163,1.566832337292,0.708921894247396,1,1.56381080921721
75,329,2,1,494.117153216208,0.199302843031546,3,0.391510616997039,1.83445375372321,0.942614341556691,1,2.74158061820689
76,184,1,2,497.067782726532,0.199250750873034,1,0.170251514404299,1.81188467966786,0.720879971178874,0,-1.56381080921721
77,193,1,1,500.217170453445,0.198331529129064,1,0.14384869159403,1.50243706433139,0.694866961601292,1,1.56381080921721
78,169,1,1,503.083497584592,0.19883255034074,1,0.25248308395021,1.82797413302433,0.803088128517629,1,1.56381080921721
79,240,2,8,506.166462248842,0.198819673629259,3,0.355843876874133,2.06499433278259,0.906685970030594,1,-2.74158061820689
80,52,1,2,509.383227963774,0.19885918172622,1,0.345083919588433,1.90425431977019,0.896051853353129,0,-1.56381080921721
81,292,2,4,512.449948361453,0.199056722214664,3,0.538394115810661,1.99738573453214,1.08943550537151,1,2.74158061820689
82,326,2,6,515.417632200681,0.199539598967021,3,0.533378928605089,2.14182119454199,1.08470594707978,1,-2.74158061820689
83,120,1,2,518.533620074328,0.198821429543386,1,0.122726199224417,1.69782392323577,0.673598142942865,0,-1.56381080921721
84,84,1,2,521.616204875532,0.19887703353379,1,0.191645881017394,1.76721536098376,0.74261498539272,0,-1.56381080921721
85,231,2,7,524.699984284556,0.198265389646622,3,0.314963823751896,1.92330395394129,0.866054671598249,1,-2.74158061820689
86,301,2,5,527.815751498161,0.198869717218258,3,0.263063645203147,1.855523568629,0.81370878317648,1,-2.74158061820689
87,348,2,4,530.915952521216,0.199317183009043,3,1.24218288386328,2.85127630178431,1.79307297204286,1,2.74158061820689
88,366,2,6,534.03338463533,0.199201877892847,3,0.542932571966958,1.9178266683175,1.09364121554972,1,-2.74158061820689
89,112,1,2,536.915923255958,0.199203633808793,1,0.384983293928599,1.82713714665624,0.935598873989875,0,-1.56381080921721
90,271,2,7,539.865844547048,0.19884132991865,3,0.12605834146234,1.5013507379681,0.676747377319771,1,-2.74158061820689
91,282,2,2,542.749021442947,0.198381280069952,3,0.516720265984986,2.24202836330187,1.06768088343779,1,2.74158061820689
92,319,2,7,545.982615558991,0.198925321208662,3,1.18596051941131,2.94431348241596,1.73666243198386,1,-2.74158061820689
93,406,3,1,549.248743276672,0.198886398415198,3,0.905901661126336,2.59811719038407,1.4568256970033,1,-1.56381080921721
94,209,2,1,552.448829550653,0.19921153542964,3,0.400963587873775,2.12621812976795,0.951829971194456,1,2.74158061820689
95,85,1,1,555.681808218327,0.199508870444333,1,0.30902970745592,1.68516406542403,0.860281806872081,1,1.56381080921721
96,284,2,4,558.565252306029,0.198834013604937,3,0.203443876991514,1.74555789970327,0.754315235406466,1,2.74158061820689
97,286,2,6,561.615430224163,0.199000240267196,3,0.17911537564396,1.68743504941813,0.729855918356407,1,-2.74158061820689
98,215,2,7,564.631822280284,0.198914493063057,3,0.173768320415547,1.79900855160122,0.724564759771965,1,-2.74158061820689
99,159,1,1,567.764833461661,0.198802699778753,1,0.371024643980491,2.12974283740186,0.921802938875771,1,1.56381080921721
100,8,1,2,571.031178620207,0.199321865449747,3,0.381698268754917,1.80753205789551,0.932536557427738,0,-1.56381080921721
101,365,2,5,573.964564748065,0.199102961321842,3,0.265130650353967,1.67405702218457,0.815772276495409,1,-2.74158061820689
102,73,1,1,576.881231048916,0.199365470683915,1,0.169786196807763,1.64534897502926,0.720490157948007,1,1.56381080921721
103,274,2,2,579.864812361411,0.198701441986486,3,0.173341925614295,1.78164957136505,0.72403944839607,1,2.74158061820689
104,63,1,1,582.980837987241,0.198883471888621,1,0.283072887172239,2.04190258122435,0.833762215683237,1,1.56381080921721
105,308,2,4,586.248133096051,0.19845707708555,3,0.417632200678781,2.14239684216045,0.968631448271481,1,2.74158061820689
106,65,1,1,589.480627716364,0.199036236535903,1,0.211423927450596,1.85379106537584,0.762356157600152,1,1.56381080921721
107,50,1,2,592.630765804483,0.199436292607061,1,0.423787562325742,2.16758632738856,0.976221100192561,0,-1.56381080921721
108,300,2,4,595.882115445003,0.199376884133017,3,0.229096338593081,1.62036259068918,0.780469303525024,1,2.74158061820689
109,218,2,2,598.78156938456,0.198436006099655,3,0.435052637956687,1.79284060589634,0.98620494284296,1,2.74158061820689
110,448,3,1,601.647078844408,0.19894990402463,3,1.13253064584569,2.79116136541234,1.68330513625915,1,-1.56381080921721
111,401,3,1,604.81371258766,0.198692077105079,3,0.502658602332303,2.14463212254122,1.0534807951135,1,-1.56381080921721
112,444,3,1,607.963468178861,0.198906591444029,3,0.391532273288249,1.86685566169945,0.942128830933143,1,-1.56381080921721
113,69,1,1,610.946510425309,0.199082768294829,1,0.466167752552792,2.09176589783965,1.01697589801188,1,1.56381080921721
114,441,3,1,630.311358344008,0.19903418796639,3,0.550453157882657,2.31047745975229,1.1011896034579,1,-1.56381080921721
115,31,1,1,633.579167643395,0.199732457014761,1,0.188633315394327,1.68287054718166,0.741183328987972,1,1.56381080921721
116,81,1,1,636.581894580104,0.199190171790178,1,0.192333907225475,1.84837670005436,0.742876616795911,1,1.56381080921721
117,191,1,1,639.745748709181,0.198672469383382,1,0.124075620255098,1.71606934812553,0.674741243909011,1,1.56381080921721
118,170,1,2,642.845746046043,0.198610134382761,1,0.377112110227245,1.75195382176571,0.927523126138112,0,-1.56381080921721
119,321,2,1,645.728817001709,0.198555993656555,3,0.338072256505257,1.79684526375422,0.888756609925622,1,2.74158061820689
120,36,1,2,648.695429439855,0.198582332388469,1,0.145799221016205,1.65443905670872,0.696619365231527,0,-1.56381080921721
121,166,1,2,651.711742187126,0.199050869163329,1,0.286973653366658,1.84609225404347,0.837743461335776,0,-1.56381080921721
122,379,2,3,654.778694365647,0.198982681113193,3,0.24290427246342,1.63508828304111,0.793563165107116,1,2.74158061820689
123,136,1,2,657.678584942849,0.199151248998533,1,0.302630566215157,1.69513737258239,0.853751849930632,0,-1.56381080921721
124,128,1,2,660.578720762909,0.198361379692869,2,1.20621705280792,2.93106597823135,1.75719259553807,1,-1.56381080921721
125,317,2,5,663.811731329717,0.198703783207748,3,0.28459204669889,2.0099194590839,0.835435310464163,1,-2.74158061820689
126,367,2,7,667.044674293778,0.198361087041121,3,0.120160806736749,1.7289823504143,0.671228242379584,1,-2.74158061820689
127,47,1,1,670.161594265883,0.198988826818095,1,0.154343505642828,1.57989781157266,0.705452790603886,1,1.56381080921721
128,66,1,2,673.09504858179,0.199363422114402,2,0.518787563787555,1.87865043849706,1.07093722865466,1,-1.56381080921721
129,111,1,1,675.96256739423,0.19921153542964,2,0.470796053054073,2.19484867081519,1.02148625952395,0,1.56381080921721
130,3,1,1,679.194677176405,0.198820844238071,2,0.383245815579357,1.87521528255274,0.934421825328172,0,1.56381080921721
131,434,3,1,682.194163863785,0.198401180443398,3,0.361152594614396,2.0033078520737,0.912268025276717,1,-1.56381080921721
132,305,2,1,685.344424280682,0.198797432030915,3,0.452484196030127,1.86085803979586,1.00304241618505,1,2.74158061820689
133,38,1,2,688.260929329963,0.198678029781149,1,1.39247256601629,2.78427495763026,1.94329241757805,0,-1.56381080921721
134,208,2,8,691.160488917099,0.199222948878742,3,0.287911604875262,1.79684526375604,0.838647757798753,1,-2.74158061820689
135,394,2,2,694.177184161292,0.199187245263602,3,0.169115437101937,1.82813801846714,0.719831396996597,1,2.74158061820689
136,296,2,8,697.344011640549,0.199310451998826,3,0.104261870206756,1.81306494750788,0.655039579796721,1,-2.74158061820689
137,142,1,2,700.560721458838,0.198794505506157,2,0.349600719457158,1.92444588429498,0.900145477595288,1,-1.56381080921721
138,217,2,1,703.644498526641,0.198901909001506,3,0.301612720553749,1.99275772668625,0.852370822420198,1,2.74158061820689
139,352,2,8,706.843315273742,0.198431908964267,3,0.453444974438753,1.96188053863443,1.00393325062942,1,-2.74158061820689
140,419,3,1,709.859964571478,0.199096522965192,3,0.447423062369126,1.87300663355563,0.998282422027842,1,-1.56381080921721
141,103,1,1,712.793148476407,0.199254848010241,2,0.28612057110513,1.79592018895892,0.837634594578049,0,1.56381080921721
142,281,2,1,715.810805962268,0.199434244039367,3,0.274507238907972,1.86629230549079,0.825780116658279,1,2.74158061820689
143,115,1,1,718.910217993978,0.198631205368656,2,1.03556401906826,2.7105949890265,1.5864658133487,0,1.56381080921721
144,1,1,1,722.093534982665,0.198761435765846,2,0.362020602156917,1.90346766964467,0.91304648113146,0,1.56381080921721
145,43,1,1,725.14302370398,0.198986485596834,2,0.432762631542573,2.15792176869945,0.983401038507509,0,1.56381080921721
146,439,3,1,728.376104507406,0.198678907740032,3,0.299418704187701,1.92471307609594,0.850142273051461,1,-1.56381080921721
147,183,1,1,731.509319667628,0.199003752097269,2,0.421497848563376,2.06353545968886,0.972309798506103,0,1.56381080921721
148,265,2,1,734.659379910161,0.199253970051359,3,0.181051565092275,1.67334529111758,0.731899511300071,1,2.74158061820689
149,316,2,4,737.659121205283,0.199265383502279,3,0.542233424963342,2.21772239620441,1.09286919805345,1,2.74158061820689
150,288,2,8,740.84244492498,0.198379524152188,3,0.405717728981472,2.11411109267465,0.956645569342072,1,-2.74158061820689
151,412,3,1,744.058788342243,0.198719001140489,3,0.387592876953931,2.12984380254056,0.938480623910436,1,-1.56381080921721
152,303,2,7,747.308881039946,0.198388889035414,3,0.102597847657307,1.72781203276281,0.653602655645955,1,-2.74158061820689
153,40,1,2,750.442382707042,0.199117593951087,2,0.637324441377132,2.1461720604002,1.18856980978489,1,-1.56381080921721
154,290,2,2,753.459337241415,0.199482824365987,3,0.193200158852051,1.75320081439349,0.745793777679864,1,2.74158061820689
155,311,2,7,756.527493977941,0.199313963830718,3,0.119139449245267,1.50894741355114,0.669865359330288,1,-2.74158061820689
156,440,3,1,759.425880906205,0.198842793181029,3,0.248045885584361,1.72254106720357,0.798740189187811,1,-1.56381080921721
157,210,2,2,762.408082654452,0.198925321206843,3,0.153008131936076,1.62843336344667,0.703711800424571,1,2.74158061820689
158,369,2,1,765.391650212276,0.198820551584504,3,0.384863599023447,1.87675990285061,0.935537709601704,1,2.74158061820689
159,374,2,6,768.391306345498,0.19894346566798,3,0.0429605202898529,1.68497032941741,0.593533373074024,1,-2.74158061820689
160,315,2,3,771.541433898123,0.199225290100003,3,0.29751265795494,2.02292669550479,0.848325778506478,1,2.74158061820689
161,436,3,1,774.774944608183,0.199279723477957,3,0.242012267412065,1.9174254416339,0.792914939649563,1,-1.56381080921721
162,190,1,2,777.958211260628,0.199206267681802,1,0.0771572665198619,1.50211924363248,0.627730997262915,0,-1.56381080921721
163,299,2,3,780.891650065949,0.198301678567077,3,0.0260694915250497,1.4006320125045,0.577138390428445,1,2.74158061820689
164,64,1,2,783.774298138642,0.198838696045641,1,0.00126777096193109,1.70987096655153,0.552017971209352,0,-1.56381080921721
165,438,3,1,786.991398648121,0.198911859190048,3,0.286211293405358,1.66080922534456,0.836818093888724,1,-1.56381080921721
166,13,1,1,789.874069255062,0.199061697307116,1,0.000393032411011518,1.7091589428328,0.551221956200607,1,1.56381080921721
167,119,1,1,793.090739857906,0.199302257726231,1,0.0622205716608732,1.70542850043967,0.614123823061163,1,1.56381080921721
168,431,3,1,796.24181121509,0.199415221621166,3,0.231502528078636,1.90634502977991,0.782907684793827,1,-1.56381080921721
169,126,1,2,799.424595868741,0.198277095751109,1,0.000379863044145168,1.64138967831968,0.551443201547954,0,-1.56381080921721
170,146,1,2,802.573505693994,0.198814405881421,1,0.0316752516300767,1.79041510134266,0.582442718379752,0,-1.56381080921721
171,443,3,1,805.840641599803,0.198888739636459,3,0.454966767836595,1.96318606177556,1.00568975139504,1,-1.56381080921721
172,400,2,8,808.856907522664,0.198750900273808,3,0.21658573359673,1.67509418291411,0.767408219031495,1,-2.74158061820689
173,35,1,1,811.823157656918,0.198558334877816,1,0.445749674936451,1.80461284844387,0.996945292405144,1,1.56381080921721
174,129,1,1,814.689755491698,0.198996728437123,1,0.0111734753736528,1.37002055299126,0.561722915956125,1,1.56381080921721
175,70,1,2,817.556361520752,0.199332693593533,2,0.545048742751533,2.28738951267769,1.09580889318386,1,-1.56381080921721
176,410,3,1,820.807213359238,0.19829494755686,3,0.348620625978583,1.95631077479629,0.899651187393829,1,-1.56381080921721
177,357,2,5,823.923166992536,0.198360794387554,3,0.190101846023026,1.84846478847976,0.74107768140675,1,-2.74158061820689
178,252,2,4,827.090032516628,0.198756753323323,3,0.100399734154053,1.84176333712821,0.651094915718204,1,2.74158061820689
179,41,1,1,830.339425189368,0.198760265155215,1,0.2096958139864,1.96825012196314,0.760525030429562,1,1.56381080921721
180,197,1,1,833.605868386527,0.199490725986834,1,0.0586039711197373,1.48562358849995,0.610827091786632,1,1.56381080921721
181,399,2,7,836.540489508259,0.199459119508901,3,0.108989087279042,1.56708167728539,0.660360003641472,1,-2.74158061820689
182,279,2,7,839.506593608878,0.198563895275583,3,0.000366401025530649,1.42491251882711,0.55134662619821,1,-2.74158061820689
183,291,2,3,842.438996424078,0.19882991646773,3,0.000378107130018179,1.57557591832119,0.551333749484911,1,2.74158061820689
184,275,2,3,845.522352950127,0.198542531637941,3,0.000415274005717947,1.37514899674352,0.55092140200577,1,2.74158061820689
185,320,2,8,848.404894789935,0.198998484353069,3,0.0107207418386679,1.68657260227519,0.561432019294443,1,-2.74158061820689
186,432,3,1,851.588488042655,0.199074281370486,3,0.475386308717134,2.15082845554571,1.0262005998793,1,-1.56381080921721
187,334,2,6,854.771946089882,0.199248409651773,3,0.0717402673253673,1.64736183945024,0.622571532338043,1,-2.74158061820689
188,200,1,2,857.855348562387,0.199188123222484,1,0.0475659938874742,1.75601876605469,0.598146455640745,0,-1.56381080921721
189,174,1,2,861.071806114156,0.198333577696758,1,0.000392447105696192,1.4754252315106,0.551406034670435,0,-1.56381080921721
190,336,2,8,864.054776075418,0.198862108252797,3,0.143002925646215,1.66836756344128,0.693634601602753,1,-2.74158061820689
191,137,1,1,867.088619589988,0.198902201655073,1,0.138520073478503,1.54656292718209,0.689111363377378,1,1.56381080921721
192,83,1,1,870.004855106246,0.199090669913858,1,0.147046506299375,1.62236579757518,0.69792898551168,1,1.56381080921721
193,376,2,8,872.987870721308,0.19922324153049,3,0.0926031768613029,1.53510353023921,0.643707486724452,1,-2.74158061820689
194,385,2,1,875.938459845578,0.199187245263602,3,0.218868423693493,1.96064349619155,0.769888156964953,1,2.74158061820689
195,342,2,6,879.187865687685,0.198924150598032,3,0.0685137726686662,1.72715795425211,0.619269240663925,1,-2.74158061820689
196,312,2,8,882.355660091056,0.198630912716908,3,0.128720309297933,1.51922244551497,0.679729799729103,1,-2.74158061820689
197,54,1,2,885.25437771673,0.198890495552405,1,0.120679972407743,1.61253559752731,0.671381592328544,0,-1.56381080921721
198,212,2,4,888.254178127672,0.198502730887412,3,0.17891871311258,1.62076791450818,0.729885768920212,1,2.74158061820689
199,113,1,1,891.204511180938,0.19900609331853,1,0.015665985078158,1.39037307643048,0.566254055798709,1,1.56381080921721
200,360,2,8,894.087074677036,0.199485165587248,3,0.130147283261977,1.53960716073925,0.681355192138653,1,-2.74158061820689
201,216,2,8,897.004541382683,0.199233191719031,3,0.135969020968332,1.89411859043321,0.68676311910167,1,-2.74158061820689
202,447,3,1,900.270270214904,0.198582039736721,3,0.283868902180984,1.8924908568024,0.834507016492353,1,-1.56381080921721
203,328,2,8,903.38729027419,0.198525850441001,3,0.000375765908756875,1.40859947890203,0.551340187841561,1,-2.74158061820689
204,339,2,3,906.303599246243,0.198828160553603,3,0.0180253501512198,1.443191013459,0.568694485637025,1,2.74158061820689
205,372,2,4,909.236746276947,0.198972145621156,3,0.0826398198914831,1.7579514436693,0.633409042555286,1,2.74158061820689
206,90,1,2,912.41973227557,0.199189586484863,2,0.663739848247133,2.42287858342024,1.21463783804575,1,-1.56381080921721
207,56,1,2,915.686812577387,0.199201292587531,1,0.420391914478387,1.99577702331953,0.971354287843496,0,-1.56381080921721
208,89,1,1,918.770063163205,0.198959854211353,1,0.172791738768865,1.66456746973563,0.72354018310034,1,1.56381080921721
209,30,1,2,921.769718418471,0.198448297507639,1,0.537710186737968,1.9128536230819,1.0887585999626,0,-1.56381080921721
210,302,2,6,924.652911117608,0.198611890298707,3,0.36052134300553,1.88549031451657,0.911052639126865,1,-2.74158061820689
211,322,2,2,927.685746444051,0.198510047202944,3,0.0664678385073785,1.50876040855474,0.617289738635009,1,2.74158061820689
212,225,2,1,930.636097056471,0.198947270151621,3,0.0735781255079928,1.58235814178443,0.624560691900115,1,2.74158061820689
213,251,2,3,933.652822151224,0.199268602680604,3,0.0397152958685183,1.54944906689343,0.591669176163123,1,2.74158061820689
214,414,3,1,936.670458566101,0.199325669933387,3,0.232253767242582,1.9237511270785,0.783713942642862,1,-1.56381080921721
215,293,2,5,939.870021869927,0.19868563874661,3,0.0247197778408008,1.73228230086897,0.575441298135047,1,-2.74158061820689
216,411,3,1,943.085637752883,0.198549847953473,3,0.302160566176099,1.66066582558415,0.853147815012562,1,-1.56381080921721
217,175,1,1,945.952532922684,0.198829331162415,1,0.163524309626155,1.92172245941583,0.714177056564949,1,1.56381080921721
218,202,2,2,949.218548554427,0.198670713465617,3,0.160748499934925,1.51953763234269,0.711620443655193,1,2.74158061820689
219,23,1,1,952.085410361833,0.199015165550009,1,0.267669411454335,1.89277794897862,0.818432781068623,1,1.56381080921721
220,57,1,1,955.218888324069,0.199314549136034,1,0.0484790699265432,1.80729822848662,0.599484170568758,1,1.56381080921721
221,413,3,1,958.485742698098,0.199225290100003,3,0.510365607937274,1.86832272906759,1.0609308517578,1,-1.56381080921721
222,78,1,2,961.351767811786,0.198409960021309,1,0.348597799078561,1.89029274329914,0.899710010562558,0,-1.56381080921721
223,20,1,2,964.401443245446,0.198599598890723,1,0.273751024649755,2.03245897523084,0.824631455294366,0,-1.56381080921721
224,266,2,2,967.668770838693,0.198659592668264,3,0.110032393713482,1.70124971429686,0.660784642530416,1,2.74158061820689
225,423,3,1,970.768154775753,0.199090084608542,3,0.196926504109797,1.70564740456757,0.747997744234453,1,-1.56381080921721
226,153,1,1,989.618706762411,0.198450346077152,1,0.10490482791829,1.49507275489304,0.655583328285502,1,1.56381080921721
227,220,2,4,992.517055938491,0.199189001179548,3,0.000426394804890151,1.70971439742425,0.551510511641027,1,2.74158061820689
228,351,2,7,995.734205028297,0.199971846821427,3,0.260039958782727,1.73934517815542,0.814281211616617,1,-2.74158061820689
229,16,1,2,998.72163881931,0.199369860472871,1,0.000413518089771969,1.47264473938048,0.551883058371459,0,-1.56381080921721
230,267,2,3,1001.70153856239,0.198452394644846,3,0.0356957127278292,1.67625308711831,0.58684304252165,1,2.74158061820689
231,333,2,5,1004.8509775035,0.198733926423301,3,0.000393325062759686,1.50822485433855,0.551249758196718,1,-2.74158061820689
232,48,1,2,1007.86748398678,0.198709343607334,3,0.46896170670334,2.10999961662492,1.01969464044851,0,-1.56381080921721
233,165,1,1,1011.01691678219,0.199126958834313,1,0.145855995617239,1.5045371392207,0.696916992901606,1,1.56381080921721
234,247,2,7,1013.88375137291,0.199475215400525,3,0.149617166531243,1.52551593917633,0.701350094132067,1,-2.74158061820689
235,298,2,2,1016.76760312565,0.199401466948984,3,0.0717870917396795,1.52984836791984,0.623010218549098,1,2.74158061820689
236,313,2,1,1019.73365689002,0.198830501773045,3,0.0881408103723516,1.77955242300231,0.639016851228007,1,2.74158061820689
237,373,2,5,1022.9330618688,0.198646130651468,3,0.0278830595434556,1.43627387715787,0.578915669526396,1,-2.74158061820689
238,377,2,1,1025.84970124562,0.198687394662556,3,0.000392154453948024,1.40889886248806,0.55146163866084,1,2.74158061820689
239,104,1,2,1028.76632101471,0.19859872093366,1,0.0313706002980325,1.722962486916,0.582150065803944,0,-1.56381080921721
240,75,1,1,1031.9661301467,0.199304306295744,1,0.29841783237498,1.90706788164425,0.8493137736059,1,1.56381080921721
241,157,1,1,1035.08284262813,0.200021597760497,1,0.121046373435092,1.56613875068251,0.675063454395058,1,1.56381080921721
242,158,1,2,1038.03587101162,0.19938156657372,1,0.000447758442533086,1.58921440635095,0.55119854399527,0,-1.56381080921721
243,262,2,6,1041.13282973678,0.198793042243778,3,0.270973459044399,2.01225980173876,0.821613036618146,1,-2.74158061820689
244,233,2,1,1044.38231722895,0.198707880343136,3,0.0750045141667215,1.66675534039859,0.625728960987544,1,2.74158061820689
245,44,1,2,1047.48247640269,0.198908640009904,1,0.376286244654693,1.73446256256466,0.926988157227242,0,-1.56381080921721
246,237,2,5,1050.34893903198,0.199073403411603,3,0.0377115036753821,1.59597614413178,0.588386784864269,1,-2.74158061820689
247,206,2,6,1053.41553768619,0.199333571552415,3,0.0906848392205575,1.64947069391746,0.641766029531937,1,-2.74158061820689
248,219,2,3,1056.48268623459,0.199220900311047,3,0.0675442146821297,1.74232789321468,0.618563947953589,1,2.74158061820689
249,255,2,7,1059.66545801152,0.198860937640347,3,0.0150958978592826,1.6233207229343,0.565747766841014,1,-2.74158061820689
250,340,2,4,1062.78164313301,0.198732755812671,3,0.0652205532260268,1.70704891775495,0.616230628960693,1,2.74158061820689
251,285,2,5,1065.93177536808,0.198908932663471,3,0.0252439186060656,1.71692974670077,0.576013433923436,1,-2.74158061820689
252,11,1,1,1069.13172555861,0.19854136102731,1,0.347185165090195,1.8049453017702,0.897655004167973,1,1.56381080921721
253,138,1,2,1072.09743106642,0.199242556600439,1,0.258802623689917,1.75135388398303,0.809633596047206,0,-1.56381080921721
254,260,2,4,1075.09786038775,0.199972139474994,3,0.0539496245419286,1.58271722649624,0.608005920947107,1,2.74158061820689
255,130,1,2,1078.13456194738,0.199369567819303,1,0.61266875444926,2.21814703509335,1.16353045532924,0,-1.56381080921721
256,370,2,2,1081.24800432892,0.198647008608532,3,0.201937008874665,1.57671345888775,0.752623996166221,1,2.74158061820689
257,429,3,1,1084.13084730822,0.198710514216145,3,0.373098965443205,1.98163166102859,0.923897746019065,1,-1.56381080921721
258,167,1,1,1087.24753403623,0.19865491022756,1,1.26667936778722,2.82504555869127,1.81728060787464,1,1.56381080921721
259,139,1,1,1090.31444348747,0.198889910245271,2,0.729814361691751,2.23794117741818,1.28068718336726,0,1.56381080921721
260,363,2,3,1093.33078637796,0.199071354843909,3,1.13512676685423,2.49365485316048,1.68596505552523,1,2.74158061820689
261,135,1,1,1096.19778719534,0.199172905287924,2,0.556357423616646,2.31455703667052,1.10723639099706,0,1.56381080921721
262,238,2,6,1099.46412123309,0.199154760826787,1,0.00039273975744436,1.39211377395623,0.551219907632913,0,-2.74158061820689
263,446,3,1,1102.36416516024,0.198704075861315,3,0.398038818022542,1.77218518703921,0.948429933559964,1,-1.56381080921721
264,51,1,1,1105.24652614075,0.198457955042613,2,1.16036746628197,2.58577456796411,1.71119492680918,0,1.56381080921721
265,424,3,1,1108.18082651526,0.198382158025197,3,0.410462797859509,2.05150363430585,0.961658415326383,1,-1.56381080921721
266,164,1,2,1111.3304676793,0.199002581488458,2,0.295524376349931,1.65386926214342,0.8465277210762,1,-1.56381080921721
267,176,1,2,1114.19708102467,0.199469655000939,2,0.360562314366689,1.98698193543532,0.912912153597063,1,-1.56381080921721
268,124,1,2,1117.3312001887,0.199450632582739,2,0.170192691237389,1.64480317797279,0.721651988676967,1,-1.56381080921721
269,248,2,8,1120.31413181248,0.198580283818956,3,0.306655124448298,2.01400576701235,0.85738483901514,1,-2.74158061820689
270,196,1,2,1123.5296078075,0.198351722157895,2,0.308809340065636,1.95051479051472,0.859871215307066,1,-1.56381080921721
271,283,2,3,1126.68065897166,0.198885520456315,3,0.137638896570934,1.71145655821238,0.688143853958536,1,2.74158061820689
272,21,1,1,1129.76263739673,0.198410545324805,2,0.246797722344127,1.80535911251354,0.797930126855135,0,1.56381080921721
273,19,1,1,1132.82948948807,0.199149493082587,2,0.252583171130027,1.99442467576228,0.803392779851492,0,1.56381080921721
274,242,2,2,1136.07931645723,0.199992332502006,3,0.132571324555101,1.66448581966506,0.689313586306525,1,2.74158061820689
275,15,1,1,1139.120480676,0.198627693536764,2,0.364563167740926,1.71932013294645,0.915843654458513,0,1.56381080921721
276,256,2,8,1141.98382362883,0.199217973784471,3,0.0349819330931496,1.45604724115037,0.585817002587646,1,-2.74158061820689
277,347,2,3,1144.91321417106,0.198530532881705,3,0.231911071075956,1.62269210520026,0.782762236462077,1,2.74158061820689
278,409,3,1,1147.8125188578,0.19887322905015,3,0.267312375312031,1.67527796873401,0.817917712534836,1,-1.56381080921721
279,141,1,1,1150.72892528316,0.19905467364697,2,0.417012069870907,2.15871544248512,0.96783104347378,0,1.56381080921721
280,203,2,3,1153.97867938183,0.199283820613346,3,0.106226446954679,1.74898339811261,0.657840557607415,1,2.74158061820689
281,278,2,6,1157.12981453728,0.199464387253101,3,0.190706173592844,1.78183891758454,0.742006560685695,1,-2.74158061820689
282,181,1,1,1160.22929973213,0.198836940131514,1,1.12327287423795,2.71428007027134,1.67412462492939,1,1.56381080921721
283,222,2,6,1163.32869069286,0.198832842994307,3,0.10093119123303,1.75895641261923,0.651812499834705,1,-2.74158061820689
284,239,2,7,1166.49476751826,0.198822014848702,3,0.142841674078227,1.58476667249124,0.693601239208874,1,-2.74158061820689
285,269,2,5,1169.44452931369,0.198633546589917,3,0.000402397292418755,1.55906914239131,0.55126497612946,1,-2.74158061820689
286,214,2,6,1172.51112474872,0.19925631127262,3,0.000407665040256688,1.42584490993795,0.551169278736779,1,-2.74158061820689
287,96,1,2,1175.44491151796,0.199179928949889,2,0.432262195638032,2.09059967732173,0.98302936973414,1,-1.56381080921721
288,182,1,2,1178.6114879013,0.199324206669189,2,0.331654970806994,1.93991462153645,0.882384685373836,1,-1.56381080921721
289,80,1,2,1181.72823579369,0.19881323527261,2,0.309929321476375,1.75104396490315,0.86054870602311,1,-1.56381080921721
290,178,1,2,1184.67754807477,0.198555701004807,2,0.130102507417178,1.52186304971656,0.680958355245821,1,-1.56381080921721
291,42,1,2,1187.57755044526,0.198843378488164,2,0.0814226778238663,1.78978384973379,0.632087130867149,1,-1.56381080921721
292,405,3,1,1190.794119205,0.198807674871205,3,0.654829455246727,2.21306278187876,1.20557409509456,1,-1.56381080921721
293,74,1,2,1193.86073746693,0.199226460710634,2,0.0722998190522048,1.51441796816653,0.623356133895868,1,-1.56381080921721
294,192,1,2,1196.81086127361,0.199175539160933,2,0.21317135598656,1.78831648971391,0.764126413036138,1,-1.56381080921721
295,121,1,1,1199.89416131771,0.198868253955879,2,0.414374684849463,1.88915227620782,0.965055819089685,0,1.56381080921721
296,194,1,2,1202.87696739353,0.198549555299905,2,0.193912475222533,1.60223159295674,0.745096971893872,1,-1.56381080921721
297,86,1,2,1205.79355497083,0.198911273882914,2,0.162304533687347,1.83748504911273,0.713057660457707,1,-1.56381080921721
298,325,2,5,1208.97673382751,0.198550725910536,3,0.365623740679439,1.79032233047292,0.916189569805283,1,-2.74158061820689
299,185,1,1,1211.90966546591,0.198778994919849,2,0.312672354077222,1.72145678940797,0.863523519463342,0,1.56381080921721
300,122,1,2,1214.8265685227,0.199210364817191,2,0.21299283791268,1.58853808624553,0.763986232452226,1,-1.56381080921721
301,17,1,1,1217.71020049335,0.199214461954398,2,0.149416699516223,1.84079582771119,0.700041351810796,0,1.56381080921721
302,95,1,1,1220.90980506119,0.198502145582097,2,0.142925665368239,1.80121281080756,0.693624066108896,0,1.56381080921721
303,433,3,1,1224.07637003109,0.198795090811473,3,0.263948333944427,1.73850819178369,0.81443661013509,1,-1.56381080921721
304,259,2,3,1227.05950095127,0.198910688579417,3,0.0894884754870873,1.53133240913667,0.640233700640238,1,2.74158061820689
305,403,3,1,1230.00961334449,0.198796846727419,3,0.295648168388652,1.83718683613552,0.8465277210762,1,-1.56381080921721
306,10,1,2,1233.05941549671,0.199193390968503,2,0.43224463648221,1.90729673595706,0.983046928889962,1,-1.56381080921721
307,258,2,2,1236.04284462987,0.200115831888979,3,0.109604828297961,1.77192823807673,0.663828814631415,1,2.74158061820689
308,354,2,2,1239.21370720285,0.199379518007845,3,0.000414396048654453,1.47307318275125,0.552534503007337,1,2.74158061820689
309,304,2,8,1242.19452646033,0.198335333612704,3,0.000393032411011518,1.42314197073938,0.551322043382243,1,-2.74158061820689
310,92,1,2,1245.12580314841,0.198659885320012,1,0.919320659721052,2.56071472782969,1.47007817628219,0,-1.56381080921721
311,107,1,1,1248.27680924407,0.198976242756544,1,0.454697820119691,2.16171396078607,1.00543426569493,1,1.56381080921721
312,116,1,2,1251.49225451058,0.198494243963069,2,0.258129815416396,1.86627328307441,0.809114137724464,1,-1.56381080921721
313,143,1,1,1254.60843465697,0.199287917750553,2,0.0537681799451093,1.64619737484827,0.604898828540172,0,1.56381080921721
314,61,1,1,1257.70945510724,0.199359324980833,2,0.00043107724377478,1.52542433892086,0.551937491751232,0,1.56381080921721
315,232,2,8,1260.74256055201,0.198405862884101,2,0.000417322575231083,1.64119857618607,0.551260293688756,0,-2.74158061820689
316,224,2,8,1263.89145691525,0.198913029798859,3,0.198427226523563,1.90693033493335,0.749245614819301,1,-2.74158061820689
317,147,1,1,1267.10839032011,0.198870009870006,1,0.669207768989509,2.19400436813339,1.21987163672748,1,1.56381080921721
318,273,2,1,1270.1415943888,0.198768459427811,3,0.1019194789842,1.57677959836838,0.652765669277869,1,2.74158061820689
319,270,2,6,1273.12459127409,0.199008727193359,3,0.612024040823599,2.1537447384726,1.16275375539044,1,-2.74158061820689
320,55,1,1,1276.17428953466,0.199143640029433,1,0.428169742004684,2.10391010181047,0.979032028189977,1,1.56381080921721
321,445,3,1,1279.35793312362,0.198958683600722,3,0.321422373464884,1.89628685337266,0.87196771690833,1,-1.56381080921721
322,168,1,2,1282.44092646782,0.198362842955248,1,0.414952673687367,1.97321526557789,0.965905974824636,0,-1.56381080921721
323,172,1,2,1285.50751458654,0.198797432032734,1,0.234658200812191,1.82647516652651,0.785495026222634,0,-1.56381080921721
324,276,2,4,1288.60795353614,0.198638521684188,3,0.054997613417072,1.64617571855706,0.605840584532416,1,2.74158061820689
325,380,2,4,1291.70763422291,0.199107643764364,3,0.000409420954383677,1.74238554577278,0.551625231451908,1,2.74158061820689
326,177,1,1,1294.95769004639,0.199414051010535,1,0.196565370830285,1.65635066334107,0.748969058136936,1,1.56381080921721
327,59,1,1,1297.92548275237,0.19919251301144,1,0.092402709846283,1.83256585194977,0.643123352183466,1,1.56381080921721
328,9,1,1,1301.17383855704,0.198845427054039,1,0.330568059136567,1.87203473434965,0.881167835959786,1,1.56381080921721
329,108,1,2,1304.22368841163,0.198825234027026,2,0.533275914896876,1.95824433036978,1.08412415375824,1,-1.56381080921721
330,330,2,2,1307.15688021818,0.198922979987401,3,0.400162305119011,2.02503672058265,0.950733694642622,1,2.74158061820689
331,87,1,1,1310.28986974326,0.198752363536187,1,0.209304830143083,1.66788000424822,0.760194333017353,1,1.56381080921721
332,353,2,1,1313.25693315903,0.199179050991006,3,0.108617418505673,1.7168881900343,0.659458048399756,1,2.74158061820689
333,378,2,2,1316.37369831792,0.199191927704305,3,0.213920253929246,1.6721530245195,0.764686842720039,1,2.74158061820689
334,450,3,1,1319.34042664649,0.198963658694993,3,0.242247560083342,1.83330538501104,0.792822461435208,1,-1.56381080921721
335,355,2,3,1322.43988989239,0.198341186665857,3,0.0758649127419631,1.53386736575521,0.626851283617725,1,2.74158061820689
336,359,2,7,1325.40632205655,0.198987070902149,3,0.000396544241084484,1.60858712896334,0.550935741981448,1,-2.74158061820689
337,207,2,7,1328.52318086427,0.198678029781149,3,0.000395373630453832,1.65831406947655,0.551225175378931,1,-2.74158061820689
338,386,2,2,1331.68979295123,0.198957220338343,3,0.000416737268096767,1.72537599271345,0.551603575160698,1,2.74158061820689
339,102,1,2,1360.36654793752,0.198827575248288,1,0.239786644566266,1.68674409668529,0.790457535964379,0,-1.56381080921721
340,254,2,6,1363.32160528133,0.198543116943256,3,0.106801509267825,1.73170431202925,0.657854312279596,1,-2.74158061820689
341,277,2,5,1366.45483683009,0.19850946189581,3,0.0305570261352841,1.62234150741097,0.581661043346685,1,-2.74158061820689
342,244,2,4,1369.55601209358,0.198809723440718,3,0.0500948048011196,1.45715756502432,0.600852321364073,1,2.74158061820689
343,314,2,2,1372.47158445909,0.198930003649366,3,0.000430199286711286,1.57512435539684,0.551131233902197,1,2.74158061820689
344,435,3,1,1375.55475719933,0.199678608940303,3,0.249967442399793,1.82636278793689,0.80207145346867,1,-1.56381080921721
345,204,2,4,1378.6393317454,0.199269480639487,3,0.000376351214072201,1.35722256316149,0.550972323553651,1,2.74158061820689
346,375,2,7,1381.50437910683,0.198666616332048,3,0.000398300155211473,1.75858240262642,0.551025001017479,1,-2.74158061820689
347,125,1,1,1384.7706932442,0.198624767012006,1,0.00483988831183524,1.74637440039078,0.555387572976542,1,1.56381080921721
348,264,2,8,1388.02078740517,0.198775483089776,3,0.0810460339580459,1.65602962346566,0.631711950263707,1,-2.74158061820689
349,309,2,5,1391.10413807817,0.198917712239563,3,0.130505490016731,1.58877542748451,0.681360459884672,1,-2.74158061820689
350,349,2,5,1394.07084094596,0.199309866693511,3,0.0222123305647983,1.41404223152313,0.573190214516217,1,-2.74158061820689
351,60,1,2,1396.97086350947,0.199077793200559,1,0.142513317887278,1.63399785953879,0.693276394847999,0,-1.56381080921721
352,213,2,5,1399.97083365891,0.19890659144221,3,0.239925654539547,1.89793565799118,0.790650979317434,1,-2.74158061820689
353,131,1,1,1403.13736116928,0.19861013438458,2,0.609703305892253,2.06742276386285,1.16055125210005,0,1.56381080921721
354,382,2,6,1406.10346965968,0.198767874122495,3,0.101508302113871,1.49325977218177,0.652328446327374,1,-2.74158061820689
355,343,2,7,1409.00422824443,0.198762313722909,3,0.00755863075028174,1.64834895659078,0.558340437473817,1,-2.74158061820689
356,381,2,5,1412.15350271479,0.198975657451228,3,0.112684118710604,1.57121159044618,0.663875346390341,1,-2.74158061820689
357,261,2,5,1415.12005369589,0.199246068432331,3,0.108112300158609,1.7166204129262,0.659041603783407,1,-2.74158061820689
358,421,3,1,1418.23687153225,0.199331815638288,3,0.231596469557189,1.62368097825492,0.783039671105143,1,-1.56381080921721
359,97,1,1,1421.13726459392,0.198377768236242,1,0.136687483045534,1.82732034716901,0.687461973455356,1,1.56381080921721
360,425,3,1,1424.33632951041,0.198913322452427,3,0.170617622778082,1.81219723261893,0.721515612574876,1,-1.56381080921721
361,149,1,1,1427.48640760475,0.198899860435631,1,0.185885307699209,1.89391314832392,0.736578733347415,1,1.56381080921721
362,396,2,4,1430.70286808305,0.198793042243778,3,0.0015223787031573,1.50964831647252,0.552325549067973,1,2.74158061820689
363,93,1,1,1433.71933857006,0.199139542894045,1,0.10404033220766,1.62904383672321,0.654875109050408,1,1.56381080921721
364,338,2,2,1436.75261258271,0.199323036060377,3,0.0477389515617688,1.53986849949251,0.598741418329155,1,2.74158061820689
365,132,1,2,1439.75283499867,0.199265676155846,2,0.707290648782873,2.11531740659484,1.25796183283637,1,-1.56381080921721
366,318,2,6,1442.66918816127,0.198514436990081,3,0.0985036381098325,1.82313190349123,0.649267593029435,1,-2.74158061820689
367,189,1,1,1445.90239275673,0.19847873337676,1,0.0837475098924187,1.74185555195618,0.634760512153662,1,1.56381080921721
368,427,3,1,1449.06925067186,0.198366940092455,3,0.197913913903903,1.63900953491429,0.748992177690525,1,-1.56381080921721
369,389,2,5,1452.01894340128,0.199088621346164,3,0.254219976992317,1.72909999675176,0.805113284350227,1,-2.74158061820689
370,383,2,7,1455.00221333144,0.199263627586333,3,0.0463072951570211,1.7379776126636,0.597262352206599,1,-2.74158061820689
371,67,1,1,1458.20223522185,0.199254262704926,1,0.0545246868532558,1.74577299934572,0.605210210882433,1,1.56381080921721
372,390,2,6,1461.40199196903,0.198576771988883,3,0.0878434753540205,1.76204272669202,0.638148551031918,1,-2.74158061820689
373,211,2,3,1464.58475379578,0.198875570269593,3,0.0188626291746914,1.42726690880772,0.569704429675767,1,2.74158061820689
374,198,1,2,1467.50183215146,0.198850109494742,NaN,NaN,NaN,NaN,0,-1.56381080921721
375,133,1,1,1470.75192455651,0.198714026046218,1,0.144922726551158,1.83603378498265,0.695897391324252,1,1.56381080921721
376,395,2,3,1473.95165116047,0.19926274962927,3,0.000393032409192529,1.70990432894723,0.552595374741941,1,2.74158061820689
377,105,1,1,1477.16982950939,0.199302843031546,2,0.713758563379088,2.12192842829973,1.2654888571069,0,1.56381080921721
378,187,1,1,1480.08662018758,0.198938783225458,2,0.362194730440024,2.08504220489158,0.91288054711913,0,1.56381080921721
379,418,3,1,1483.31777884889,0.198378938848691,3,0.583986168068805,2.14199151834146,1.13498980544864,1,-1.56381080921721
380,173,1,1,1486.38411587169,0.198914200411309,2,0.441676829028438,2.08350490090743,0.992442832513916,0,1.56381080921721
381,350,2,6,1489.53479887891,0.198545458162698,3,0.0620400050229364,1.65292867676362,0.613038374654934,1,-2.74158061820689
382,362,2,2,1492.63525802153,0.199082475641262,3,0.462751033721361,2.12054505957167,1.01420974585744,1,2.74158061820689
383,392,2,8,1495.80144049451,0.199444194226089,3,0.000389227927371394,1.35833756947977,0.551474515374139,1,-2.74158061820689
384,18,1,2,1498.66812436915,0.19938273718617,2,0.373989507235819,2.0315538008108,0.924828966517452,1,-1.56381080921721
385,235,2,3,1501.8342070476,0.198613060909338,3,0.0837536555973202,1.64137387507981,0.634360456080685,1,2.74158061820689
386,234,2,2,1504.9004472024,0.199053795689906,3,0.0697789097575878,1.71114780974312,0.620527939394378,1,2.74158061820689
387,118,1,2,1508.05020689074,0.198918590198446,2,0.258544796768547,1.63330427293295,0.809140769108126,1,-1.56381080921721
388,91,1,1,1510.93367556126,0.198708172994884,2,0.190992973119137,1.56564533843812,0.741924032658062,0,1.56381080921721
389,294,2,6,1513.81645503496,0.198489561522365,3,0.0972812282980158,1.73908413205572,0.648590102315211,1,-2.74158061820689
390,49,1,1,1516.96647811061,0.1992958193714,2,0.358412781191873,1.71701520125316,0.909158591650339,0,1.56381080921721
391,127,1,1,1519.83344673621,0.199394443288838,2,0.266945388979366,1.84198633839333,0.817900446032581,0,1.56381080921721
392,101,1,1,1522.91697563462,0.198324505468918,2,0.0868885499985481,1.49440550701911,0.637869360474724,0,1.56381080921721
393,94,1,2,1525.8332980687,0.198834598910253,2,0.132705944739428,1.67386211556732,0.683416636889888,1,-1.56381080921721
394,346,2,2,1528.88330976017,0.198915663673688,3,0.123749019980096,1.64799601758386,0.674325091944411,1,2.74158061820689
395,152,1,2,1531.91623346769,0.198869717220077,2,0.0124187120873103,1.48700461601038,0.563153401750242,1,-1.56381080921721
396,417,3,1,1534.89915133679,0.199431902818105,3,0.172718868278025,1.83198464393354,0.724235232970386,1,-1.56381080921721
397,4,1,2,1538.06705694814,0.199361958852023,2,0.253074534806728,1.94410101664653,0.80437755577077,1,-1.56381080921721
398,39,1,1,1541.26647860812,0.198824356069963,2,0.101824659550402,1.59273384623702,0.652660314350214,0,1.56381080921721
399,361,2,1,1544.26588744992,0.19884132991865,3,0.159700511059782,1.81720715207848,0.710199908049617,1,2.74158061820689
400,117,1,1,1547.43196544593,0.198917712241382,2,0.378062938449148,1.80312763661641,0.928702808674643,0,1.56381080921721
401,156,1,2,1550.36520524749,0.198385084551774,2,0.174176570761119,1.56584697606559,0.725219716237916,1,-1.56381080921721
402,29,1,1,1553.26502939256,0.199033602661075,2,0.313610890891141,1.72203155906755,0.864303438580464,0,1.56381080921721
403,345,2,1,1556.18237728126,0.199980919051086,3,0.125137363802423,1.88464864570778,0.677422819466301,1,2.74158061820689
404,243,2,3,1559.45041367905,0.199391809415829,NaN,NaN,NaN,NaN,0,2.74158061820689
405,227,2,3,1562.4487440961,0.198838988697389,3,0.0170042853133054,1.4580583496554,0.567651471852514,1,2.74158061820689
406,71,1,1,1565.39817636473,0.199259823104512,2,0.475794266409139,2.1006657553462,1.02642594236386,0,1.56381080921721
407,186,1,2,1568.53127300066,0.198870595175322,2,0.303815809151274,1.89542206501028,0.854369054213748,1,-1.56381080921721
408,6,1,2,1571.63124868123,0.199028042261489,2,0.233998561905537,1.6755401854407,0.784586047318953,1,-1.56381080921721
409,387,2,3,1574.58132507819,0.199219437048669,3,0.027813993532618,1.45337707904037,0.579236709403631,1,2.74158061820689
410,150,1,2,1577.51499244517,0.199303720990429,2,0.503228396899431,1.87963697033229,1.05512228341649,1,-1.56381080921721
411,358,2,6,1580.39982253548,0.198865912734618,3,0.0525835223143076,1.65881333477409,0.603213735004829,1,-2.74158061820689
412,393,2,1,1583.51431788098,0.198433372226646,3,0.0808291783978348,1.47222244171098,0.631842473312645,1,2.74158061820689
413,58,1,2,1586.41418943577,0.198714026048037,2,0.373396300461536,1.94836701325403,0.924227272820644,1,-1.56381080921721
414,140,1,2,1589.49795099299,0.198376890279178,2,0.337563333676371,1.92852107142426,0.888662961098817,1,-1.56381080921721
415,430,3,1,1592.59754739582,0.198995265174744,3,0.267215214655153,1.70889526286192,0.818271822152383,1,-1.56381080921721
416,306,2,2,1595.54763462092,0.19950272474307,3,0.000377521824702853,1.62660633341147,0.552700144366099,1,2.74158061820689
417,148,1,2,1598.68234494315,0.199259823104512,2,0.627734801746556,2.18417065625181,1.17850578032812,1,-1.56381080921721
418,34,1,2,1601.74714875911,0.198405277580605,2,0.20533031550076,1.86327798395178,0.756031057462678,1,-1.56381080921721
419,442,3,1,1604.91368563436,0.199119349865214,3,0.309466637752848,2.00075709221528,0.86000612814496,1,-1.56381080921721
420,408,3,1,1608.11351378876,0.198849816842994,3,0.551267610002469,1.99278230950222,1.10198825233965,1,-1.56381080921721
421,287,2,7,1611.06356209107,0.198895470646676,3,0.0914703187354462,1.68272480619817,0.642098190208344,1,-2.74158061820689
422,257,2,1,1614.16477159491,0.199212706038452,3,0.0159723923261481,1.38944361184804,0.566810388347221,1,2.74158061820689
423,253,2,5,1617.04654844088,0.199261286365072,3,0.181027860231552,1.93970683820771,0.731965065477198,1,-2.74158061820689
424,391,2,7,1620.31361469537,0.199013409634063,3,0.00768769053502183,1.44862088936497,0.558198793629344,1,-2.74158061820689
425,295,2,7,1623.26333932393,0.198394742086748,3,0.000420541751736891,1.42475214521619,0.551400766924417,1,-2.74158061820689
426,245,2,5,1626.19642723881,0.198979169281301,3,0.00555952099784918,1.41358803472394,0.556257629086758,1,-2.74158061820689
427,14,1,2,1629.11285093068,0.198892251466532,1,0.309875180750169,1.80119378839117,0.8604632514689,0,-1.56381080921721
428,100,1,2,1632.11277659692,0.198853621328453,1,0.000385716095479438,1.52507725296346,0.55111806453715,0,-1.56381080921721
429,236,2,4,1635.14575473782,0.199491018638582,3,0.0205041174740472,1.49629165287661,0.571820015153207,1,2.74158061820689
430,110,1,2,1638.12988682247,0.199160321228192,1,0.0322064160554874,1.43993964333276,0.583089480574927,0,-1.56381080921721
431,307,2,3,1641.04577583808,0.198881715972675,3,0.0859561588877114,1.4441790085566,0.636625879677013,1,2.74158061820689
432,2,1,2,1643.91240820586,0.198893129423595,1,0.330685412820458,1.90532045310829,0.881430637973608,0,-1.56381080921721
433,188,1,2,1646.99552036701,0.198984729680888,2,0.558807803638047,2.15035113919475,1.10946698893531,1,-1.56381080921721
434,62,1,2,1650.0961179343,0.198687687316124,2,0.272150800361487,1.72957672779921,0.822964506218341,1,-1.56381080921721
435,134,1,2,1653.06218837988,0.199076037284613,2,0.740842096081906,2.2995264003348,1.29224813075416,1,-1.56381080921721
436,45,1,1,1656.129481206,0.199356691106004,1,0.237568045382432,1.91207955701793,0.788687865833708,1,1.56381080921721
437,398,2,6,1659.31244906016,0.199328303806396,3,0.248061103517102,1.88918007820212,0.798876565289902,1,-2.74158061820689
438,106,1,2,1662.46222484439,0.19876992269019,2,0.725270930439365,2.29946084615949,1.27588826641841,1,-1.56381080921721
439,449,3,1,1665.54476165057,0.198711099521461,3,0.243729845384223,1.76870788912311,0.794598277270779,1,-1.56381080921721
440,230,2,6,1668.57830870808,0.198674517949257,3,0.164601856413356,1.83921784501763,0.715265724149504,1,-2.74158061820689
441,364,2,4,1671.76149371046,0.198770507995505,3,0.0180227162782103,1.7760678087725,0.568954068470703,1,2.74158061820689
442,324,2,4,1675.02810137836,0.199312793220088,3,0.000416737269915757,1.54222435273186,0.55150231737025,1,2.74158061820689
443,371,2,3,1678.07827110223,0.199201877892847,3,0.000480828182844562,1.64217925497178,0.551721806801652,1,2.74158061820689
444,368,2,8,1681.22879783297,0.19886181559923,3,0.000405323818995384,1.64091002074565,0.551059826673736,1,-2.74158061820689
445,53,1,1,1684.37800938303,0.198711392173209,2,0.610336898718742,2.35137185285021,1.16127556722495,0,1.56381080921721
446,163,1,1,1687.62778747921,0.198826404637657,1,0.103623887591311,1.6615674881723,0.654400426570646,1,1.56381080921721
447,151,1,1,1690.69434896654,0.198586136872109,1,0.0351253328553867,1.44295074569345,0.586026834485892,1,1.56381080921721
448,171,1,1,1693.61092249653,0.199159735922876,1,0.000427272761953645,1.67512198491022,0.551274048360938,1,1.56381080921721
449,114,1,2,1696.79409550014,0.199223241532309,1,0.118202668349113,1.74314234533449,0.669072856151615,0,-1.56381080921721
450,310,2,6,1699.92788835655,0.199313671177151,3,0.113767225897391,1.72126217544428,0.664459480934966,1,-2.74158061820689
