PresOrder,TrialNumber,Illusory_Fragmented,Fat_Thin,StimPresTime,StimPresLength,Response,RespScreenOnset_to_Resp,ExpStartOnset_to_Resp,StimOnset_to_Resp,Accuracy,StepLevel
1,393,2,1,192.092153077198,0.199437463217691,3,0.286467364408963,1.89290437489399,0.84086489371839,1,3.29443782510277
2,408,3,1,195.218390229384,0.200017793276857,3,0.581759667264123,2.26235279209686,1.13989905241942,1,-2.59485791820674
3,212,2,4,198.414392829311,0.199419026104806,3,0.291726038558409,2.01836482713952,0.848748368827728,1,3.29443782510277
4,82,1,2,201.655463926034,0.199383615143233,2,0.262551795847685,1.87347663359469,0.819953403857653,1,-2.59485791820674
5,118,1,2,204.786440294047,0.200021305108748,1,0.19217119239147,1.82249275026334,0.75034891503492,0,-2.59485791820674
6,119,1,1,207.933651271092,0.199457948898271,1,0.391333854839104,2.08308231058618,0.947094267199645,1,2.59485791820674
7,259,2,3,211.139629812051,0.19993438729216,3,0.229089900236431,1.95701957933488,0.7871719254872,1,3.29443782510277
8,415,3,1,214.381562185308,0.199979455788707,3,0.289513585077657,1.66767017235179,0.848057123441322,1,-2.59485791820674
9,191,1,1,217.273461591252,0.200037693652121,1,0.175288065247514,1.70343729230808,0.733461105448441,1,2.59485791820674
10,46,1,2,220.316092877392,0.199904244076606,1,0.305497683510112,1.91625249010758,0.863329490804972,0,-2.59485791820674
11,301,2,5,223.440619767922,0.200015452055595,3,0.291109712230536,1.73599547676167,0.849175348936114,1,-3.29443782510277
12,81,1,1,226.398591931393,0.200005501867054,1,0.312569340369009,2.05845208443316,0.87114799704068,1,2.59485791820674
13,72,1,2,229.657537076888,0.199997892901592,2,0.29938563444739,1.6948119429162,0.857578282368195,1,-2.59485791820674
14,384,2,8,232.568007044732,0.199630028613683,3,0.348773390622227,1.99229211643797,0.906387171749884,1,-3.29443782510277
15,346,2,2,235.725539000199,0.199997014944529,3,0.382291182875633,1.82702506071837,0.940409204391472,1,3.29443782510277
16,298,2,2,238.683950727842,0.199985016188293,3,0.378054158871237,2.15641051079365,0.936060972408086,1,3.29443782510277
17,256,2,8,241.975747295672,0.199977992526328,3,0.377225952079243,2.07256291371959,0.935336949933117,1,-3.29443782510277
18,258,2,2,245.184184703578,0.200044424660518,3,0.355956548117319,1.96813832867883,0.914130173621743,1,3.29443782510277
19,145,1,1,248.309049315179,0.200065495646413,1,0.321759509231924,1.85113407263088,0.879946596756781,1,2.59485791820674
20,339,2,3,251.351873459367,0.200030669990156,3,0.389097111197771,1.98424563384287,0.947151919755925,1,3.29443782510277
21,36,1,2,254.460774458221,0.200026865506516,1,0.510593291641271,1.9555759241739,1.06870253358102,0,-2.59485791820674
22,27,1,1,257.419084928071,0.199996136985646,1,0.366363273738898,1.84501031746549,0.924428617792728,1,2.59485791820674
23,252,2,4,260.411525419364,0.199985016188293,3,0.35413829765821,1.93236886750128,0.912167938095081,1,3.29443782510277
24,84,1,2,263.503073291035,0.200054667500808,1,0.254696708039774,2.01679035627785,0.812838727066264,0,-2.59485791820674
25,50,1,2,266.778158226129,0.200042376092824,1,0.341998190820959,2.03781276146583,0.90019376527016,0,-2.59485791820674
26,423,3,1,269.987638355164,0.199947849310774,3,0.376934470114065,1.98850782596855,0.934998936207194,1,-2.59485791820674
27,410,3,1,273.112620613101,0.200028036117146,3,0.529232626899102,1.99122334922868,1.08735474555215,1,-2.59485791820674
28,137,1,1,276.088127348354,0.19999935616579,2,0.573162705175491,2.15165402846651,1.13123302432177,0,2.59485791820674
29,101,1,1,279.179469777915,0.200044132006951,2,0.252647554698342,1.9484594914702,0.810724019547706,0,2.59485791820674
30,433,3,1,282.389803574517,0.199944044827134,3,0.493796789660337,2.13787448189578,1.05164908263578,1,-2.59485791820674
31,364,2,4,285.548212317104,0.199989113325501,3,0.393836619676222,1.77163646345616,0.951845189129017,1,3.29443782510277
32,58,1,2,288.439343217382,0.200167631395743,2,0.433841348942224,2.11279561934134,0.992649737885586,1,-2.59485791820674
33,209,2,1,291.632045281549,0.200025987549452,3,0.404362162245889,1.8157749103666,0.96255246894907,1,3.29443782510277
34,127,1,1,294.558985443753,0.199570620139639,1,0.648361247998764,2.02470982765408,1.20593230184932,1,2.59485791820674
35,387,2,3,297.448819307812,0.200013696139649,3,0.275054206573259,1.88697552634403,0.833159351375798,1,3.29443782510277
36,424,3,1,300.574744492353,0.199965993771912,3,0.459501712162819,1.92077982546652,1.01751379344751,1,-2.59485791820674
37,107,1,1,303.549354247458,0.200058471984448,2,0.350626759391162,1.7460191201626,0.908774631468987,0,2.59485791820674
38,211,2,3,306.457810180271,0.200345271508922,1,0.028906172950883,1.55784907379893,0.587422201970185,0,3.29443782510277
39,412,3,1,309.500726802675,0.200035937737994,3,0.527262489753412,1.93862402367449,1.08537407291442,1,-2.59485791820674
40,19,1,1,312.425216292204,0.200021305108748,1,0.547984926050049,2.11017023307613,1.10605202601982,1,2.59485791820674
41,159,1,1,315.501056914782,0.20001867123392,2,0.315076202339696,2.01025718015626,0.873242804183974,0,2.59485791820674
42,185,1,1,318.709173868116,0.200044132006951,2,0.386730137157429,2.08237438400283,0.944890300643237,0,2.59485791820674
43,290,2,2,321.918246332112,0.200046180576464,3,0.364547071849302,1.99321133818012,0.922704308810353,1,3.29443782510277
44,161,1,1,325.059785702224,0.20024840350743,1,0.262310064819758,1.8914179924559,0.820802096328407,1,2.59485791820674
45,144,1,2,328.201910962794,0.20030078831951,1,0.285543460226108,1.78123371205584,0.84389735971854,0,-2.59485791820674
46,219,2,3,331.21176574566,0.199984430882978,3,0.284328366726186,1.79538258617686,0.842287477893478,1,3.29443782510277
47,178,1,2,334.235618686569,0.200245769634421,2,1.10355979667656,2.69957310768768,1.66190813577123,1,-2.59485791820674
48,120,1,2,337.344687668001,0.200168216701059,2,0.761693299513354,2.19059467296211,1.31995530609856,1,-2.59485791820674
49,181,1,1,340.286966337053,0.200015159403847,1,0.258209124263885,1.92029080301108,0.816352606552755,1,2.59485791820674
50,6,1,2,343.461967310122,0.200220601513138,2,0.610173013277745,2.28919517907525,1.16853071725382,1,-2.59485791820674
51,96,1,2,346.653869554797,0.199348204181661,2,0.371319930431127,1.80912789239483,0.92379502496442,1,-2.59485791820674
52,238,2,6,349.605357122477,0.200018085928605,3,0.407558221035288,1.78557521302901,0.965694094358696,1,-3.29443782510277
53,398,2,6,352.496608302963,0.200055838111439,3,0.146826138909091,1.54226386083064,0.704962304884248,1,-3.29443782510277
54,344,2,8,355.404844161039,0.199438341174755,3,0.314415978129546,1.78630333264118,0.866659877126949,1,-3.29443782510277
55,329,2,1,358.390055548385,0.200037400998553,3,1.06429723434485,2.80866959846026,1.62240998811467,1,3.29443782510277
56,320,2,8,361.647757213083,0.200024816938821,3,0.381786649833884,1.92712950842179,0.939938911702484,1,-3.29443782510277
57,284,2,4,364.706064727141,0.20028176589949,3,0.288879406945853,1.68466538543362,0.847394850659839,1,3.29443782510277
58,201,2,1,367.615472658787,0.199993210460889,3,0.301441518797219,2.06305931394672,0.85953876198073,1,3.29443782510277
59,205,2,5,370.890050719618,0.200294057307474,3,0.621535542215497,2.30071603305987,1.17997372565151,1,-3.29443782510277
60,422,3,1,374.081974327932,0.200129293909413,3,0.507488540455597,2.03668078130067,1.06571894056287,1,-2.59485791820674
61,108,1,2,377.124690483319,0.200065202994665,2,0.260722131937655,1.9059344382149,0.818807376366749,1,-2.59485791820674
62,271,2,7,380.283043914567,0.200062861773404,3,0.126715639149552,1.55544668879702,0.684756693037343,1,-3.29443782510277
63,345,2,1,383.225202303411,0.200025987547633,3,0.441428074338546,2.05350625588653,0.99953790157997,1,3.29443782510277
64,195,1,1,386.350413415663,0.200189872992269,2,0.290122887743564,1.95230758019898,0.848470348881165,0,2.59485791820674
65,168,1,2,389.525883803466,0.20005174097605,2,0.048930047547401,1.74439958080438,0.607101624485949,1,-2.59485791820674
66,21,1,1,392.734454660946,0.200133391044801,1,0.670880863770435,2.19974269985505,1.22918501232562,1,2.59485791820674
67,340,2,4,395.776327684262,0.200224405996778,3,0.171757797215832,1.93420438446265,0.730140376661438,1,3.29443782510277
68,222,2,6,399.05171873395,0.200171143225816,3,0.479787510816095,2.05878014797054,1.03805127331543,1,-3.29443782510277
69,236,2,4,402.144221238324,0.200031547947219,3,0.187587960388555,1.56609631606079,0.745644524864474,1,3.29443782510277
70,328,2,8,405.035820382725,0.199429854250411,3,0.152968331187367,1.87435166479736,0.704822709605651,1,-3.29443782510277
71,116,1,2,408.270497313304,0.200020134498118,2,0.213627016048122,1.99167491215303,0.771785130966236,1,-2.59485791820674
72,291,2,3,411.561658239736,0.200099735999174,2,0.0196135756850708,1.71512759213329,0.577801833820558,0,3.29443782510277
73,162,1,2,414.770110572923,0.20002247571756,2,0.241110604822097,1.82018781857187,0.799169510519278,1,-2.59485791820674
74,421,3,1,417.86279627781,0.200023646328191,3,0.433106790973397,1.91145854825118,0.991171257068345,1,-2.59485791820674
75,302,2,6,420.854266918466,0.200083054802235,3,0.220698380255271,1.99968920296305,0.77887493228809,1,-3.29443782510277
76,175,1,1,424.146598455205,0.199999648817538,1,0.389905710266248,2.03526580609105,0.948015244857743,1,2.59485791820674
77,285,2,5,427.305027390817,0.200017793276857,3,0.299057570906371,1.84477970723674,0.857285044487071,1,-3.29443782510277
78,11,1,1,430.363872215008,0.200033011211417,1,0.173536539576162,1.60226495535244,0.731697581022672,1,2.59485791820674
79,399,2,7,433.305877253901,0.200011940225522,3,0.192413801378279,1.58788312977958,0.750522750664459,1,-3.29443782510277
80,60,1,2,436.215548572865,0.199813521778196,1,0.239365810159143,1.9504905003505,0.797194983582813,0,-2.59485791820674
81,165,1,1,439.439748833853,0.200250452075124,1,0.27300095609462,1.70190584137526,0.831286667538734,1,2.59485791820674
82,311,2,7,442.381902832907,0.200027450810012,3,0.158096482286055,1.72017877560575,0.716157729202678,1,-3.29443782510277
83,122,1,2,445.456817210079,0.200325663787225,1,0.376976904735784,1.77287379855079,0.935640430656349,0,-2.59485791820674
84,359,2,7,448.365946536473,0.200065495646413,3,0.186137866872741,1.8316059514982,0.744301834844009,1,-3.29443782510277
85,321,2,1,451.524715827032,0.200234941488816,3,0.170263513158716,1.64903844606124,0.728683552135408,1,3.29443782510277
86,405,3,1,454.516566623384,0.200040034871563,3,0.414226017341207,1.99306823106963,0.972399057542134,1,-2.59485791820674
87,383,2,7,457.608709457741,0.200030377336589,3,0.336272150507284,1.76507138820671,0.894436996435616,1,-3.29443782510277
88,286,2,6,460.550739664755,0.200031547949038,3,0.19155047627828,1.88690236319781,0.749621673381625,1,-3.29443782510277
89,308,2,4,463.760485814984,0.200087151937623,3,0.194697369433925,1.78903553709461,0.752695403394682,1,3.29443782510277
90,432,3,1,466.867921502386,0.200041498135761,3,0.246028338720862,1.84159155006637,0.804126459861436,1,-2.59485791820674
91,202,2,2,469.977152028039,0.200048521795907,3,0.337783993718404,1.71612934190307,0.895848752465099,1,3.29443782510277
92,203,2,3,472.868697324366,0.200053496891996,3,0.121936329920572,1.60075047826831,0.680056400005924,1,3.29443782510277
93,368,2,8,475.861059677422,0.200052618933114,3,0.0612984233939642,1.45649031715038,0.61944102772577,1,-3.29443782510277
94,355,2,3,478.769584676244,0.200054960154375,3,0.0186803066171706,1.61397369228871,0.576877344330569,1,3.29443782510277
95,134,1,2,481.878313010076,0.200051155668916,1,0.351212357196346,2.06317842354474,0.909349693782133,0,-2.59485791820674
96,49,1,1,485.103841328455,0.200063447078719,1,0.473021090592738,1.90142846649178,1.03115930513741,1,2.59485791820674
97,447,3,1,488.045364661206,0.20036985432489,3,0.612355030887556,2.00788288980402,1.17077419190537,1,-2.59485791820674
98,313,2,1,490.953911023667,0.20026128022073,3,0.311704844658379,1.9073649240072,0.870160294594825,1,3.29443782510277
99,193,1,1,494.062734469586,0.20013222043417,1,0.271137637140782,1.76670848672074,0.829322383444378,1,2.59485791820674
100,149,1,1,497.071680273548,0.199989113325501,1,0.16874728016046,1.79736881921417,0.72681906256912,1,2.59485791820674
101,16,1,2,500.213245982393,0.200034474473796,1,0.244940549093371,1.82411492349638,0.803133489669563,0,-2.59485791820674
102,76,1,2,503.305307166682,0.199649051030065,1,0.173113949256731,1.81177873943307,0.725265370039779,0,-2.59485791820674
103,233,2,1,506.457178343358,0.199997014944529,3,0.357189493421174,1.86806665806216,0.915243424024084,1,3.29443782510277
104,296,2,8,509.48149484595,0.200018085928605,3,0.269576042990593,1.93150115261233,0.827723037113174,1,-3.29443782510277
105,297,2,1,512.65643231341,0.19974152924442,3,0.37343288203374,2.01232798979072,0.925852665232014,1,3.29443782510277
106,341,2,5,515.808374019358,0.199983845577663,3,0.192383365510977,1.83644671777074,0.750431150408986,1,-3.29443782510277
107,157,1,1,518.965534891358,0.200184312592683,1,0.261061316276027,2.02337328333488,0.819320396332841,1,2.59485791820674
108,189,1,1,522.241308437964,0.200076031138451,1,0.318856395671901,1.9474442796818,0.877014217940086,1,2.59485791820674
109,265,2,1,525.383293810602,0.199990869239628,3,0.314218437639283,1.90938949453448,0.872210325895139,1,3.29443782510277
110,445,3,1,528.491462592709,0.200176410973654,3,0.347097954623678,1.8094995611682,0.905388641158424,1,-2.59485791820674
111,91,1,1,531.467327242062,0.200034474473796,1,0.216390826981296,1.76164764571331,0.774507677886504,1,2.59485791820674
112,326,2,6,534.525629195723,0.20004676588178,3,0.204060495969316,1.58299612440351,0.762158324458142,1,-3.29443782510277
113,358,2,6,537.417751310279,0.200102369870365,3,0.257914715772131,1.78676074861687,0.816006398556056,1,-3.29443782510277
114,54,1,2,559.174286900783,0.199386249016243,1,0.829960951365138,2.6381257241319,1.38499031758874,0,-2.59485791820674
115,397,2,5,562.497124834761,0.200010769614892,3,0.232593536884451,1.8431812388626,0.790579864740721,1,-3.29443782510277
116,71,1,1,565.620764402678,0.199448291363296,1,0.247704652678294,1.75177149920819,0.800475618967539,1,2.59485791820674
117,315,2,3,568.637884578409,0.199423123242013,3,0.152969794449746,1.79044904904003,0.705923375946441,1,3.29443782510277
118,53,1,1,571.788529248139,0.199414928967599,1,0.17765708785555,1.63162473979355,0.730455856137269,1,2.59485791820674
119,292,2,4,574.755915167043,0.199411417139345,3,0.160728599559661,1.86443835141654,0.713389821134115,1,3.29443782510277
120,217,2,1,577.972689368899,0.199426049766771,3,0.405858787522448,1.95952614865382,0.958805930662493,1,3.29443782510277
121,210,2,2,581.039602917279,0.199396784508281,3,0.470590318293034,2.12458805491588,1.02322315256424,1,3.29443782510277
122,342,2,6,584.206695539769,0.199414636315851,3,0.234350330303641,1.82161830436598,0.786856446009551,1,-3.29443782510277
123,146,1,2,587.307376805704,0.199496579036349,1,0.180253501514017,1.60084178587022,0.732614168889995,0,-2.59485791820674
124,47,1,1,590.241031588626,0.200104418438059,1,0.238545504987997,1.86689868163012,0.796792878942142,1,2.59485791820674
125,374,2,6,593.382515940055,0.199483409671302,3,0.0848039856937248,1.80562103656848,0.637440039145076,1,-3.29443782510277
126,15,1,1,596.616769695007,0.200047643838843,1,0.334113252449242,1.77903091611006,0.892220153167727,1,2.59485791820674
127,275,2,3,599.575000270705,0.199433951387618,3,0.179751309693529,1.91706050387074,0.732519349458016,1,3.29443782510277
128,173,1,1,602.825500048142,0.199363129462654,1,0.203550987833296,1.87419831484658,0.755757427303251,1,2.59485791820674
129,92,1,2,606.00940439055,0.200229673740978,1,0.267955625675313,1.94637873164902,0.826356349580237,0,-2.59485791820674
130,223,2,7,609.201205377432,0.199452681150433,3,0.0810167687013745,1.63494898041426,0.633659260507557,1,-3.29443782510277
131,200,1,2,612.268170432666,0.199416684885364,2,0.405642224617623,2.15957613371575,0.958500401373385,1,-2.59485791820674
132,26,1,2,615.53524107695,0.19946058277128,2,0.640559130308247,2.24465755405072,1.1925370081135,1,-2.59485791820674
133,183,1,1,618.652633097661,0.20004032752513,1,0.294901611667228,2.02318247385665,0.85301524339593,1,2.59485791820674
134,40,1,2,621.894265209374,0.200217967638309,2,0.507352457008892,2.26941713264387,1.06570430793363,1,-2.59485791820674
135,64,1,2,625.169583388571,0.199437463215872,2,0.295544276725195,1.86619075504677,0.848114190694105,1,-2.59485791820674
136,333,2,5,628.253431278297,0.199390053499883,3,0.231670803310408,1.90227920753205,0.784155555380494,1,-3.29443782510277
137,240,2,8,631.437301673008,0.199408490612768,3,0.30670838721926,1.91041114467771,0.859464428225692,1,-3.29443782510277
138,330,2,2,634.554085561664,0.199397662465344,3,0.31394041769272,2.01759280964325,0.866965406416057,1,3.29443782510277
139,267,2,3,637.770574427257,0.199406442043255,3,0.0173156676519284,1.55513413584595,0.569926845635564,1,3.29443782510277
140,31,1,1,640.821657812463,0.199413173053472,2,0.306251849198816,1.9100128445225,0.858932678493147,0,2.59485791820674
141,110,1,2,643.938743133274,0.199464972560236,2,0.272133241205665,1.7924932272872,0.82472920125474,1,-2.59485791820674
142,230,2,6,646.972405788551,0.199571498096702,3,0.256618264857025,1.9112217923157,0.808725202448841,1,-3.29443782510277
143,155,1,1,650.140433728679,0.200064910341098,1,0.238848107752347,1.78292963373679,0.797031098141815,1,2.59485791820674
144,100,1,2,653.197752077029,0.199420782020752,1,0.154747366199445,1.92549738500384,0.707708264011671,0,-2.59485791820674
145,448,3,1,656.481731309232,0.199459997465965,3,0.634353139766972,2.32148675703138,1.18702431152815,1,-2.59485791820674
146,367,2,7,659.68207862931,0.200271230407452,3,0.210786822790396,1.88931733225945,0.76904590284903,1,-3.29443782510277
147,353,2,1,662.873800307345,0.19942487915614,3,0.262701633966572,1.83342625052501,0.815669555440763,1,3.29443782510277
148,414,3,1,665.957990307932,0.199382151880855,3,0.262272605288672,1.9492279971364,0.81510561392497,1,-2.59485791820674
149,4,1,2,669.158129259376,0.199406442043255,1,0.439689718032241,2.07689651307373,0.992354744088516,0,-2.59485791820674
150,352,2,8,672.308337291461,0.199430732207475,3,0.278963167038455,1.9829184544069,0.831870509427972,1,-3.29443782510277
151,250,2,2,675.525373710025,0.199433951385799,3,0.269536534893632,1.77355655701285,0.822274431442565,1,3.29443782510277
152,357,2,5,678.543082702741,0.19948106845186,3,0.114483639403261,1.66783932554063,0.666936199690099,1,-3.29443782510277
153,66,1,2,681.609929818986,0.199483702324869,2,0.258874030916559,1.72905258703395,0.811299374514419,1,-2.59485791820674
154,360,2,8,684.594671498946,0.200008135741882,3,0.267863147460957,1.72826125446772,0.825878155270402,1,-3.29443782510277
155,402,3,1,687.568188781983,0.199435707301745,3,0.345226441393606,1.88249501539576,0.898244113805049,1,-2.59485791820674
156,190,1,2,690.619091893202,0.199444779531404,2,0.206616816225505,1.74409141764045,0.758597327905591,1,-2.59485791820674
157,79,1,1,693.669750639519,0.200033303863165,1,0.291086885330515,1.66913138666678,0.849161886919319,1,2.59485791820674
158,135,1,1,696.560980749022,0.199484580281933,1,0.260054298758405,1.89770065796984,0.812601093173726,1,2.59485791820674
159,261,2,5,699.711745113653,0.199418733453058,3,0.27737523415999,1.93112831323015,0.829815210383458,1,-3.29443782510277
160,37,1,1,702.878903875628,0.200053496890177,1,0.199265090850531,1.62757384283032,0.75736643116943,1,2.59485791820674
161,70,1,2,705.820607189713,0.199462046033659,1,0.293612769719402,2.0140508355089,0.84643699877779,0,-2.59485791820674
162,293,2,5,709.05421184125,0.199485750892563,3,0.232375803367177,1.8363837974648,0.785020636396439,1,-3.29443782510277
163,20,1,2,712.171584839543,0.199414051010535,2,0.174494976763526,1.69481574740166,0.7272238010828,1,-2.59485791820674
164,376,2,8,715.205017762548,0.199391224110514,3,0.268799928358931,1.78941452218169,0.821131915781734,1,-3.29443782510277
165,89,1,1,718.238732802638,0.199400003688424,1,0.228681064587363,1.71587005171932,0.781424521535882,1,2.59485791820674
166,235,2,3,721.239369029339,0.199497164343484,3,0.124724138366219,1.59522666088378,0.676613635092508,1,3.29443782510277
167,117,1,1,724.222973461387,0.199356691106004,1,0.312756638018982,1.69970421604194,0.86551180107017,1,2.59485791820674
168,224,2,8,727.122921398493,0.199481946408923,3,0.115021534840707,1.53571136964092,0.667812986810532,1,-3.29443782510277
169,361,2,1,730.056929998382,0.200147731020479,3,0.307185703570212,1.98561963769134,0.865455319120883,1,3.29443782510277
170,99,1,1,733.249311607977,0.200061398511025,1,0.187685999004316,1.84902814469206,0.745735539816451,1,2.59485791820674
171,124,1,2,736.424105675675,0.199428098334465,2,0.299869389154992,1.77039298266027,0.852625722814992,1,-2.59485791820674
172,2,1,2,739.408372965809,0.199413758358787,1,0.348273540023001,2.0019083874522,0.90008636177663,0,-2.59485791820674
173,43,1,1,742.575847792566,0.200059349943331,1,0.11752781150426,1.7785366259086,0.675733921447318,1,2.59485791820674
174,322,2,2,745.750380814166,0.199498627605863,3,0.29603271387532,1.69994331319504,0.848501955357278,1,3.29443782510277
175,438,3,1,748.667611056531,0.200177874237852,3,0.419704766227369,2.01456619669625,0.978012426614441,1,-2.59485791820674
176,318,2,6,751.775764035399,0.199401466950803,3,0.428977755769665,1.8663578596661,0.981578398259444,1,-3.29443782510277
177,431,3,1,754.72710878862,0.20003271855785,3,0.625185797804079,2.20291037134484,1.18331464746734,1,-2.59485791820674
178,228,2,4,757.818225290392,0.199395321247721,3,0.20157382702746,1.6559309995464,0.753445471947998,1,3.29443782510277
179,59,1,1,760.786264995153,0.200048521797726,1,0.103738900053941,1.64797816577629,0.661841118331722,1,2.59485791820674
180,283,2,3,763.843956182885,0.199429268945096,3,0.267517524767754,1.8379562197606,0.820438914481201,1,3.29443782510277
181,237,2,5,766.928247441267,0.200051448322483,3,0.257485979745979,1.78546049321812,0.815612780839729,1,-3.29443782510277
182,332,2,4,769.970024474535,0.199407320002138,3,0.234169471010318,1.68787958868415,0.786403419820999,1,3.29443782510277
183,75,1,1,772.93695385542,0.200017793276857,1,0.204078640430453,1.84908696785897,0.762302016873946,1,2.59485791820674
184,198,1,2,776.095837280485,0.199420782020752,2,0.362466312029937,2.06597998666075,0.914650509903367,1,-2.59485791820674
185,41,1,1,779.313468661738,0.20000345329936,1,0.304998710864311,1.83254507361926,0.863140729892621,1,2.59485791820674
186,309,2,5,782.354285209251,0.199707874196974,3,0.185382530573406,1.83941772672915,0.738035557873445,1,-3.29443782510277
187,204,2,4,785.522339195457,0.200037693652121,3,0.220871923234881,1.61523853672588,0.778977945994484,1,3.29443782510277
188,74,1,2,788.430824978834,0.200033303863165,2,0.510267276671584,2.15476990044954,1.06835427701481,1,-2.59485791820674
189,61,1,1,791.589199481068,0.199998478206908,1,0.228950304957834,1.94047066143321,0.788164603027326,1,2.59485791820674
190,227,2,3,794.81457796133,0.200019549190984,3,0.231664364953758,1.84309958879385,0.789707760062811,1,3.29443782510277
191,351,2,7,797.939519247906,0.19941083183403,3,0.0606349800018506,1.79783998986386,0.613474426994799,1,-3.29443782510277
192,343,2,7,801.190153938182,0.199441853006647,3,0.224994520080145,1.79529332714083,0.777401719216869,1,-3.29443782510277
193,188,1,2,804.274194100652,0.200206261535641,2,0.396643743189998,1.99140274525598,0.955068757259141,1,-2.59485791820674
194,354,2,2,807.383814439538,0.199897513068208,3,0.219561132342278,1.72990596194722,0.777450299545308,1,3.29443782510277
195,17,1,1,810.407557050425,0.199458241550019,1,0.165778319771562,1.58608916948469,0.718649665892372,1,2.59485791820674
196,192,1,2,813.341519411208,0.199383615143233,2,0.22155526700044,1.69195565376867,0.773837503485993,1,-2.59485791820674
197,65,1,1,816.325426738671,0.19939824777066,1,0.238653493788661,1.69215231630187,0.790821888422215,1,2.59485791820674
198,277,2,5,819.292221206719,0.200204505621514,3,0.253584042942748,1.96523082532985,0.811940868961756,1,-3.29443782510277
199,23,1,1,822.517228018207,0.199414928967599,1,0.166751974893486,1.6041200800355,0.719229117994473,1,2.59485791820674
200,220,2,4,825.467771196021,0.199407905307453,3,0.28012060798028,1.7173219011529,0.832300708716502,1,3.29443782510277
201,215,2,7,828.418516304115,0.199390053499883,3,0.259187169174766,1.66266669124889,0.811294692071897,1,-3.29443782510277
202,207,2,7,831.335413215196,0.200047643840662,3,0.227591811697494,1.9057635291083,0.785607112160505,1,-3.29443782510277
203,245,2,5,834.526617776128,0.199420196715437,3,0.257954223869092,1.97864543413743,0.811091298532119,1,-3.29443782510277
204,400,2,8,837.761148087764,0.199409368569832,3,0.276711205462561,1.66411649211477,0.828856773196094,1,-3.29443782510277
205,153,1,1,840.662140209264,0.200037400998553,1,0.26280406236765,1.90702661762953,0.820946374047708,1,2.59485791820674
206,388,2,4,843.819757033978,0.199427805682717,3,0.200195433390036,1.83739374150719,0.752983373529787,1,3.29443782510277
207,395,2,3,846.970385315162,0.199420196715437,3,0.239860100362421,1.92678154450914,0.792639553576009,1,3.29443782510277
208,214,2,6,850.171275798422,0.200125782077521,1,0.102874404341492,1.61399593388523,0.661093976303164,0,-3.29443782510277
209,104,1,2,853.196119660957,0.199694997485494,2,0.269189741591617,1.94071707490184,0.821618011712417,1,-2.59485791820674
210,171,1,1,856.381122621136,0.200028328768894,1,0.275914019845004,2.01957904268238,0.833985216948349,1,2.59485791820674
211,295,2,7,859.638226981924,0.200375414724476,3,0.208740303321974,1.97075932515509,0.767391245180988,1,-3.29443782510277
212,30,1,2,862.914186070264,0.20005437484906,2,0.15677925304044,1.53478805076156,0.714919516152804,1,-2.59485791820674
213,249,2,1,865.805562506055,0.199454144412812,3,0.205381237046822,1.6594109313337,0.757485833419196,1,3.29443782510277
214,317,2,5,868.772918281744,0.2003353213222,3,0.133498155264533,1.81175064478703,0.692195628882473,1,-3.29443782510277
215,194,1,2,871.96465488506,0.199453266455748,2,0.267994841120526,1.771933213171,0.820718690345529,1,-2.59485791820674
216,221,2,5,874.982089662311,0.200044424662337,3,0.226587720708267,1.75472875349624,0.784761053560942,1,-3.29443782510277
217,382,2,6,878.023530437771,0.199443023615459,3,0.190544044065973,1.74512418858285,0.743645122460293,1,-3.29443782510277
218,29,1,1,881.091616937678,0.200008428395449,2,0.242716096858203,1.63704525081994,0.800892648889203,0,2.59485791820674
219,105,1,1,884.000218026171,0.200079542970343,1,0.25468822111543,1.83249473737487,0.812890819226595,1,2.59485791820674
220,449,3,1,887.091443687352,0.199397662467163,3,0.347477232362507,1.90125404555693,0.900076411588088,1,-2.59485791820674
221,373,2,5,890.15881231049,0.200366927801952,3,0.257396135404633,1.78563198762822,0.815946112126767,1,-3.29443782510277
222,323,2,3,893.200474331297,0.199460875424847,3,0.0762892589773401,1.48004387447327,0.628936725879612,1,3.29443782510277
223,51,1,1,896.117967083024,0.200004916563557,2,0.325010586706412,1.98642765145451,0.884177182406347,0,2.59485791820674
224,279,2,7,899.292766418468,0.199522625116515,3,0.160357223441679,1.74754618130828,0.713271882144909,1,-3.29443782510277
225,22,1,2,902.39327823856,0.19941083183403,2,0.192759131419734,1.86325603500882,0.745255296938922,1,-2.59485791820674
226,131,1,1,934.875471353556,0.200002282690548,NaN,NaN,NaN,NaN,0,2.59485791820674
227,138,1,2,938.332855431676,0.199382151879036,NaN,NaN,NaN,NaN,0,-2.59485791820674
228,8,1,2,941.62354167563,0.199938777081115,NaN,NaN,NaN,NaN,0,-2.59485791820674
229,234,2,2,944.748596804058,0.199995259028583,NaN,NaN,NaN,NaN,0,3.29443782510277
230,143,1,1,948.040743091717,0.200009891656009,2,0.328274540894199,2.02285499562277,0.886424754193285,0,2.59485791820674
231,255,2,7,951.249492174617,0.200077787056216,3,0.161086513660848,1.82228145510453,0.719244628582601,1,-3.29443782510277
232,218,2,2,954.424818870004,0.200037400998553,3,0.224296251033593,1.9187280382539,0.78232003841913,1,3.29443782510277
233,403,3,1,957.633368656499,0.200050863018987,3,0.333091894957761,1.89446538373704,0.891230694807746,1,-2.59485791820674
234,87,1,1,960.708449260335,0.200126660036403,1,0.368420036049429,1.96335843414454,0.92662439007654,1,2.59485791820674
235,94,1,2,963.817208615341,0.2000581793327,2,0.1452902981855,1.79028106646183,0.703556987211414,1,-2.59485791820674
236,216,2,8,966.976058970666,0.200017207971541,3,0.291686530459629,1.71972633472251,0.849826208266677,1,-3.29443782510277
237,103,1,1,969.91836192988,0.200103540480995,1,0.299535472564457,1.7773771364009,0.857781383256224,1,2.59485791820674
238,253,2,5,972.909955484616,0.199415514274733,3,0.24736693160412,2.01751291549044,0.800086976345483,1,-3.29443782510277
239,7,1,1,976.193929741727,0.200028328768894,1,0.280421454828684,1.7417537088586,0.838617029277884,1,2.59485791820674
240,45,1,1,979.169281371112,0.199996136985646,1,0.216977302743544,1.87826618566396,0.77518107146534,1,2.59485791820674
241,306,2,2,982.344626796264,0.199461168076596,3,0.181437281187755,1.73475960493124,0.733439449157231,1,3.29443782510277
242,404,3,1,985.41203141567,0.199989698630816,3,0.325787579298776,2.00333067897373,0.88390999060357,1,-2.59485791820674
243,132,1,2,988.603761287975,0.200010769614892,2,0.0931173674380261,1.78769987073611,0.651256459939759,1,-2.59485791820674
244,126,1,2,991.81232219527,0.200046180576464,2,0.233196401193709,2.01118313290863,0.791379684233107,1,-2.59485791820674
245,62,1,2,995.104177000961,0.199411709791093,2,0.100891975787818,1.8711269260566,0.652945943265877,1,-2.59485791820674
246,125,1,1,998.388416986609,0.200070470740684,1,0.257522561318183,1.81851413848563,0.815654337508022,1,2.59485791820674
247,206,2,6,1001.46335682456,0.199996722290962,3,0.240181140239656,1.75159151787557,0.798307941331586,1,-3.29443782510277
248,177,1,1,1004.48882491504,0.20004296139814,1,0.691890684898681,2.28649428844619,1.25011259807798,1,2.59485791820674
249,369,2,1,1007.59768347927,0.200176703625402,3,0.303620902534021,1.88139200783371,0.861851302639479,1,3.29443782510277
250,213,2,5,1010.68944089018,0.200152413461183,3,0.366255284940053,2.07758366132475,0.924461102229543,1,-3.29443782510277
251,129,1,1,1013.91474649995,0.200356977611591,1,0.281055925614055,1.89249085680058,0.839624924750751,1,2.59485791820674
252,128,1,2,1017.04028421248,0.200114075974852,2,0.202285558094445,1.6467800461287,0.760455379115228,1,-2.59485791820674
253,426,3,1,1019.99856717298,0.200133976348297,3,0.327990082589167,1.85626836943629,0.886201460276425,1,-2.59485791820674
254,141,1,1,1023.0409005388,0.199568571571945,1,0.168772448281743,1.80620429315422,0.721136334836046,1,2.59485791820674
255,334,2,6,1026.19235673413,0.200079542970343,3,0.0910161219380825,1.53451149407556,0.649003327753235,1,-3.29443782510277
256,78,1,2,1029.14999000592,0.200045302619401,2,0.174954441310547,1.95286830253644,0.733050806536994,1,-2.59485791820674
257,208,2,8,1032.44197474935,0.20002247571756,3,0.202997874463108,1.58093467965227,0.761036001827961,1,-3.29443782510277
258,148,1,2,1035.33395785393,0.200308104633223,1,0.222218125087238,1.61684022427653,0.780654552605483,0,-2.59485791820674
259,10,1,2,1038.24265522512,0.199426635072086,2,0.182757729611694,1.63603413616693,0.73508415663855,1,-2.59485791820674
260,294,2,6,1041.20998115025,0.20004676588178,3,0.171617031326605,1.73250676539465,0.72968559455694,1,-3.29443782510277
261,14,1,2,1044.2848937715,0.199392687372892,2,0.163912366942895,1.81758906369032,0.715877953340168,1,-2.59485791820674
262,278,2,6,1047.45275460701,0.200029792033092,3,0.0913099451263406,1.60185465643735,0.649399579340752,1,-3.29443782510277
263,44,1,2,1050.47768480205,0.200035645084427,2,0.243451825435841,1.72107956023683,0.801475027516062,1,-2.59485791820674
264,268,2,4,1053.46931025592,0.199386834321558,3,0.234630691471466,1.90518671088103,0.78649648334067,1,3.29443782510277
265,409,3,1,1056.65386662827,0.20004793649241,3,0.301983804021802,1.91249512367722,0.86010563002128,1,-2.59485791820674
266,350,2,6,1059.77967065464,0.200017500623289,3,0.126498198284025,1.58655565769186,0.684605391656078,1,-3.29443782510277
267,77,1,1,1062.75386747696,0.200122562899196,1,0.183360008615637,1.64456934856389,0.741561436116172,1,2.59485791820674
268,299,2,3,1065.72888314119,0.200064910342917,3,0.0638085045411572,1.52530376605682,0.621896968148576,1,3.29443782510277
269,257,2,1,1068.70440041194,0.199448584015045,3,0.1955764977738,1.76572956385098,0.7478985350117,1,3.29443782510277
270,348,2,4,1071.78849208126,0.200031547947219,3,0.280727569424926,1.84166207933777,0.838846468897827,1,3.29443782510277
271,356,2,4,1074.86325223053,0.199471410916885,3,0.375219818666665,2.07895239742538,0.92759365540951,1,3.29443782510277
272,262,2,6,1078.08129303273,0.200037693652121,3,0.180266085575568,1.94081628412641,0.738449075965036,1,-3.29443782510277
273,115,1,1,1081.35581519692,0.200142755926208,1,0.40635249242041,1.83440722196246,0.96460571942589,1,2.59485791820674
274,419,3,1,1084.29823492452,0.200142170620893,3,0.314037870999528,1.89167084428118,0.8722627107054,1,-2.59485791820674
275,164,1,2,1087.390056719,0.200091541726579,2,0.136054182868975,1.86392679471464,0.694123624058193,1,-2.59485791820674
276,450,3,1,1090.63181525662,0.199431902819924,3,0.187481142198521,1.77436954587029,0.73943824167327,1,-2.59485791820674
277,378,2,2,1093.73310670318,0.200021305108748,3,0.126279001504372,1.73680114930357,0.684344930861698,1,3.29443782510277
278,39,1,1,1096.8578595215,0.200033011209598,1,0.213826312452511,1.90831897140743,0.771967453520119,1,2.59485791820674
279,335,2,7,1100.06646315606,0.19948867741914,3,0.156680629121183,1.64340517661549,0.709164795885954,1,-3.29443782510277
280,274,2,2,1103.06729984978,0.200034181820229,3,0.236519471200154,1.73060159712259,0.794737872549376,1,3.29443782510277
281,430,3,1,1106.07522049177,0.200062861773404,3,0.298510895894651,2.02664279792225,0.85661487008656,1,-2.59485791820674
282,381,2,5,1109.31770158861,0.200043546703455,3,0.195107083040057,1.85625373680705,0.753323143171656,1,-3.29443782510277
283,444,3,1,1112.49274528895,0.199435707301745,3,0.269852599676597,1.87311286644217,0.822435975664121,1,-2.59485791820674
284,98,1,2,1115.61037523621,0.200038864262751,2,0.254191882344458,1.93161060467719,0.812319854048837,1,-2.59485791820674
285,48,1,2,1118.80124880707,0.199548963848429,2,0.170738195638478,1.92466039863393,0.723581154461499,1,-2.59485791820674
286,273,2,1,1122.06858722847,0.199414928969418,3,0.235466507228921,1.88922046425796,0.787420680177092,1,3.29443782510277
287,248,2,8,1125.23600645123,0.200194848086539,3,0.0527386281810323,1.5139151910389,0.611093405630527,1,-3.29443782510277
288,390,2,6,1128.21095129354,0.199480775798293,3,0.223674656959702,1.61058184892681,0.776408749024995,1,-3.29443782510277
289,187,1,1,1131.11119568771,0.19947726396822,2,0.224682845086136,1.87834637246851,0.777496245998918,0,2.59485791820674
290,300,2,4,1134.27854321059,0.199420489367185,3,0.29433064648947,2.03117335246134,0.846643026190577,1,3.29443782510277
291,83,1,1,1137.52922209141,0.200053496891996,1,0.205884599479759,1.70024562330764,0.764062907428524,1,2.59485791820674
292,97,1,1,1140.53736778322,0.199362544159158,1,0.379153654601396,2.11618921861918,0.931214353087853,1,2.59485791820674
293,380,2,4,1143.78837384962,0.199994673723268,3,0.220668822345033,1.66493708993767,0.77875494473119,1,3.29443782510277
294,246,2,6,1146.74629626215,0.199460582769461,3,0.157363972886742,1.81111939317816,0.709681327682119,1,-3.29443782510277
295,264,2,8,1149.91424577139,0.20004296139814,3,0.129922233430989,1.89106885793262,0.688377683367435,1,-3.29443782510277
296,244,2,4,1153.18896606137,0.200102077220436,3,0.0867185188490112,1.84821369257043,0.644847953817589,1,3.29443782510277
297,52,1,2,1156.46413001266,0.199479312535914,2,0.196119368303698,1.93321287753133,0.74846042795798,1,-2.59485791820674
298,102,1,2,1159.7153561538,0.200054667500808,2,0.22248619484526,1.6499617649406,0.780536320964529,1,-2.59485791820674
299,418,3,1,1162.65627867081,0.199316597701909,3,0.345478415261823,1.73269113651986,0.897684562078211,1,-2.59485791820674
300,174,1,2,1165.55695677609,0.200454138268469,2,0.221880989318379,2.00011940225158,0.78049798347638,1,-2.59485791820674
301,160,1,2,1168.84905243485,0.199376591481268,2,0.152750597668273,1.75629824926546,0.704715306110302,1,-2.59485791820674
302,93,1,1,1171.96625949914,0.2002343561835,1,0.196278863957559,1.79098548121328,0.754700073543063,1,2.59485791820674
303,180,1,2,1175.07499631989,0.200095931513715,2,0.100321010611879,1.77827616511604,0.658614623673202,1,-2.59485791820674
304,172,1,2,1178.26675194563,0.200352002519139,2,0.292270372350686,1.97052549574619,0.850912241980041,1,-2.59485791820674
305,446,3,1,1181.45954619536,0.20000316064943,3,0.607907882334985,1.98531293778979,1.16598581044855,1,-2.59485791820674
306,158,1,2,1184.35045643559,0.200159729776715,2,0.393302236070667,2.0385042995058,0.951494298689795,1,-2.59485791820674
307,163,1,1,1187.50921665392,0.199409075918084,1,0.152643486826491,1.83977359226083,0.70513438459966,1,2.59485791820674
308,140,1,2,1190.71019346969,0.20006198381634,2,0.0965425731956202,1.77444241636113,0.654680495086723,1,-2.59485791820674
309,5,1,1,1193.901611667,0.19940966122158,1,0.190995899643895,1.91146147477593,0.743710676639239,1,2.59485791820674
310,42,1,2,1197.13573577687,0.199475508052274,1,0.20677572657587,1.87703206974584,0.75874160562671,0,-2.59485791820674
311,386,2,2,1200.31963046174,0.200256597780026,3,0.192633583463248,1.63710875642755,0.750971094412307,1,3.29443782510277
312,406,3,1,1203.27806969872,0.200130464518224,3,0.26726642885842,1.67866600761408,0.825427177649544,1,-2.59485791820674
313,389,2,5,1206.20314215218,0.199373079651195,3,0.171946850781751,1.60961141298321,0.724003452129182,1,-3.29443782510277
314,9,1,1,1209.1545881632,0.200109393534149,1,0.227326375810662,1.93790117181015,0.785348699935639,1,2.59485791820674
315,314,2,2,1212.37858122616,0.199430439555726,3,0.17561817735259,1.94621660212215,0.728380071413994,1,3.29443782510277
316,407,3,1,1215.66323765643,0.200021597760497,3,0.300164968257377,1.86115683807657,0.858253724516544,1,-2.59485791820674
317,310,2,6,1218.73857081944,0.200214748459985,3,0.278413858153726,1.70605360634363,0.836690204712795,1,-3.29443782510277
318,365,2,5,1221.68044679854,0.200134561655432,3,0.0931264396676852,1.60425528552514,0.651315868413803,1,-3.29443782510277
319,392,2,8,1224.70561638339,0.200081006232722,3,0.16343300202243,1.67468710318281,0.721543999876303,1,-3.29443782510277
320,379,2,3,1227.73115353988,0.200035937736175,3,0.237639159959144,1.66541294302806,0.795690749340793,1,3.29443782510277
321,226,2,2,1230.67301313044,0.200031840600786,3,0.112193632992785,1.72346789791482,0.670338285892285,1,3.29443782510277
322,276,2,4,1233.79795295376,0.199586423377696,3,0.186023439715427,1.5905930926383,0.738186859254711,1,3.29443782510277
323,363,2,3,1236.71642140918,0.199995844333898,3,0.337263950090346,2.06408798775374,0.895271934237826,1,3.29443782510277
324,327,2,7,1239.95765785461,0.200015159402028,3,0.304268250034511,1.99863799490777,0.862316912889582,1,-3.29443782510277
325,63,1,1,1243.16556292747,0.199444486879656,2,0.201795072372988,1.63892203179421,0.754277483223632,0,2.59485791820674
326,113,1,1,1246.1171865786,0.200054960152556,1,0.459135311139107,2.10298531966873,1.01716261035472,1,2.59485791820674
327,325,2,5,1249.27480486658,0.199419318758373,3,0.3258355743219,1.72948249366891,0.878252430991779,1,-3.29443782510277
328,186,1,2,1252.19223089352,0.200005501868873,2,0.180700967304801,1.8918856512737,0.73878562642858,1,-2.59485791820674
329,133,1,1,1255.41726521435,0.199419318756554,1,0.221892988074615,1.65880455519618,0.774138642987964,1,2.59485791820674
330,18,1,2,1258.36792779442,0.200000526774602,2,0.196415240057831,1.72433297893076,0.754554917866699,1,-2.59485791820674
331,123,1,1,1261.41037295352,0.200028914076029,1,0.188120295426415,1.66557214603017,0.74632933189605,1,2.59485791820674
332,440,3,1,1264.40159601009,0.200255427169395,3,0.363976106673363,2.04221806070382,0.922503841797152,1,-2.59485791820674
333,55,1,1,1267.59344206547,0.200351417213824,1,0.315210237220526,2.01031102823254,0.873685587534055,1,2.59485791820674
334,439,3,1,1270.80226753069,0.199381859227287,3,0.376119432687119,1.91362593323174,0.928253294316164,1,-2.59485791820674
335,247,2,7,1273.85391427211,0.200027743463579,3,0.211829251269592,1.62209421598527,0.76996892907664,1,-3.29443782510277
336,442,3,1,1276.77796478277,0.200008721047197,3,0.247843955305143,1.62604356250813,0.805899934475747,1,-2.59485791820674
337,396,2,4,1279.67034062711,0.200094468251336,3,0.0871733009535092,1.58170933102338,0.645315027330071,1,3.29443782510277
338,434,3,1,1282.67911522932,0.200089493157066,2,0.272240352049266,1.71666167693911,0.830317402203946,0,-2.59485791820674
339,3,1,1,1298.52543136258,0.200039742219815,2,0.0959838994258462,1.84596407221215,0.654098409109793,0,2.59485791820674
340,270,2,6,1301.78990969034,0.199935265249223,3,0.158214128621694,1.88571360843162,0.716228551125823,1,-3.29443782510277
341,425,3,1,1305.03083358282,0.199415221621166,3,0.208094419085683,1.82868235225942,0.760860410280657,1,-2.59485791820674
342,375,2,7,1308.16489304573,0.200098565388544,3,0.281498708962317,1.92642860550222,0.839728816417846,1,-3.29443782510277
343,437,3,1,1311.32343553054,0.200312494420359,3,0.450870217067859,2.09596721822891,1.00954252256452,1,-2.59485791820674
344,139,1,1,1314.48189402406,0.200060520552142,1,0.110914155926366,1.68955092754732,0.669048273333829,1,2.59485791820674
345,288,2,8,1317.5743300963,0.200234063529933,3,0.0920708418252616,1.83697641893377,0.650390208313183,1,-3.29443782510277
346,25,1,1,1320.83282602009,0.199426342418519,1,0.157131021436726,1.79432581772198,0.709062952788372,1,2.59485791820674
347,86,1,2,1323.9836670597,0.200003453301179,1,0.0955935008878441,1.52358589543292,0.653759810080373,0,-2.59485791820674
348,88,1,2,1326.92544646345,0.200019256539235,1,0.283164194777783,1.87796943595094,0.841265242443114,0,-2.59485791820674
349,67,1,1,1330.03379054445,0.199423123242013,1,0.155601033766288,1.80948639180133,0.708199920340121,1,2.59485791820674
350,225,2,1,1333.20120888926,0.199950483183784,3,0.264108707555351,1.84222543554642,0.822171125080786,1,3.29443782510277
351,167,1,1,1336.29272720302,0.199421952629564,1,0.176415655625533,1.63044564256415,0.728325345380654,1,2.59485791820674
352,147,1,1,1339.26017750549,0.20027532754284,1,0.228624582639895,2.00683314501111,0.787127149642401,1,2.59485791820674
353,428,3,1,1342.55212859388,0.199516772065181,3,0.28121629922498,1.83482717841071,0.833906200750789,1,-2.59485791820674
354,197,1,1,1345.61946356197,0.200116417194295,1,0.0891577780766966,1.58371253790938,0.647327013793983,1,2.59485791820674
355,112,1,2,1348.62777489515,0.200043839355203,2,0.311094664035409,2.03946068812547,0.869211222288868,1,-2.59485791820674
356,394,2,2,1351.86962620364,0.200050277711853,3,0.222263778887282,1.91746816890918,0.780422771766098,1,3.29443782510277
357,57,1,1,1355.07855438992,0.200054667502627,1,0.0682433616875642,1.79657953521564,0.626428107992979,1,2.59485791820674
358,156,1,2,1358.32092457143,0.200073397267261,2,0.561882411609986,2.08984843815597,1.12012539577699,1,-2.59485791820674
359,304,2,8,1361.36288626848,0.200007257783,3,0.247982087321361,1.77600898560377,0.806097182310623,1,-3.29443782510277
360,287,2,7,1364.40444410497,0.199323621365693,3,0.0240118512574554,1.69455821313386,0.576070501176218,1,-3.29443782510277
361,441,3,1,1367.58875640507,0.200017793276857,3,0.198354648684472,1.72624868269668,0.756495497102151,1,-2.59485791820674
362,324,2,4,1370.63026536858,0.20024342841316,3,0.0928194471161987,1.60447506761011,0.651371765055956,1,3.29443782510277
363,263,2,7,1373.65573843415,0.199458241550019,3,0.115839498790592,1.60280226548275,0.667960776359905,1,-3.29443782510277
364,281,2,1,1376.65610395722,0.20032507848191,3,0.184446334980748,1.56262545650134,0.743360371503513,1,3.29443782510277
365,272,2,8,1379.54832118386,0.20002130510693,3,0.24682289046541,1.75819697918087,0.804997686580464,1,-3.29443782510277
366,231,2,7,1382.57321567529,0.199457363591137,3,0.154899838191341,1.9253797386682,0.707153687377286,1,-3.29443782510277
367,241,2,1,1385.85710564846,0.200017793276857,3,0.206482781346494,1.60137587682402,0.764539053168846,1,3.29443782510277
368,371,2,3,1388.76580623883,0.199746796990439,3,0.203213559414507,1.72461685193048,0.755616368762276,1,3.29443782510277
369,239,2,7,1391.80085079957,0.200050863017168,3,0.134664668434198,1.56153005790657,0.692744059810138,1,-3.29443782510277
370,366,2,6,1394.74164806128,0.200024816938821,3,0.116820762881616,1.64475371968729,0.674823479283077,1,-3.29443782510277
371,417,3,1,1397.78320443451,0.199404686129128,3,0.281475004103413,2.03537584346122,0.834243336519648,1,-2.59485791820674
372,80,1,2,1401.0506964985,0.200059642595079,2,0.263118956541803,2.00783899191811,0.821226442565603,1,-2.59485791820674
373,243,2,3,1404.30920910349,0.200352002519139,3,0.448691711289939,2.07701240349525,1.00722529946506,1,3.29443782510277
374,136,1,2,1407.45124773889,0.200206261535641,2,0.247709627772565,1.75922301911669,0.805974560882532,1,-2.59485791820674
375,337,2,1,1410.47609452795,0.199398833075975,3,0.207769574724807,1.67834379712622,0.760631263314281,1,3.29443782510277
376,307,2,3,1413.46018271471,0.200285277731382,3,0.11550646015894,1.69384999389695,0.674198958682609,1,3.29443782510277
377,152,1,2,1416.55199602227,0.200080420927407,2,0.200165290174482,1.7620292646734,0.7582157089455,1,-2.59485791820674
378,362,2,2,1419.62771109689,0.200172313838266,3,0.123950364952179,1.51867694111206,0.682126624331431,1,3.29443782510277
379,24,1,2,1422.53733734736,0.200045595271149,2,0.222758654395875,1.81666925664285,0.780762834057896,1,-2.59485791820674
380,196,1,2,1425.64513241212,0.200055545457872,2,0.246983849383469,1.92510113341268,0.805132599418357,1,-2.59485791820674
381,179,1,1,1428.83714381621,0.199412002442841,1,0.193386871194889,1.79682770460022,0.7459872210311,1,2.59485791820674
382,401,3,1,1431.95424172108,0.199377176786584,3,0.2947418233598,2.03182128526714,0.846716189336803,1,-2.59485791820674
383,269,2,5,1435.20486646117,0.19939941838129,3,0.0926418070012005,1.81299178436348,0.644483894011501,1,-3.29443782510277
384,170,1,2,1438.43877693465,0.200148316325794,2,0.264334342691654,1.67527621281806,0.822623565965841,1,-2.59485791820674
385,319,2,7,1441.36343879654,0.199412002442841,3,0.100794815132758,1.65437730701706,0.653396920884916,1,-3.29443782510277
386,109,1,1,1444.43050979201,0.200111442100024,1,0.155657808365504,1.66710593818425,0.713774659270712,1,2.59485791820674
387,336,2,8,1447.45553744036,0.199404686129128,3,0.151631494216417,1.9221260273207,0.704627802990217,1,-3.29443782510277
388,111,1,1,1450.74004549577,0.200020719803433,2,0.250091234440333,1.87779735623553,0.808160382977803,0,2.59485791820674
389,182,1,2,1453.88171831546,0.200079542970343,2,0.237985075304096,1.81606551437653,0.796067393206613,1,-2.59485791820674
390,331,2,3,1456.97391499789,0.200122855550944,3,0.250530213306774,1.81167806694793,0.808682767827122,1,3.29443782510277
391,130,1,2,1460.04874509112,0.200009013700765,2,0.279122955345883,2.04087507802979,0.837156400268213,1,-2.59485791820674
392,12,1,2,1463.32428656423,0.2000953462084,2,0.474537908898128,2.06951786365971,1.03275894412036,1,-2.59485791820674
393,114,1,2,1466.43329408862,0.200052618933114,1,0.138908423448811,1.60018536614189,0.69703142005892,0,-2.59485791820674
394,266,2,2,1469.40829043778,0.200041205484013,3,0.290978603878102,1.76922822540473,0.84914637633301,1,3.29443782510277
395,316,2,4,1472.40052929145,0.200097394777913,3,0.131019387939887,1.60905303186701,0.68919155018375,1,3.29443782510277
396,349,2,5,1475.39243774036,0.200361660054114,3,0.272185626017745,2.01701716202479,0.831016841862947,1,-3.29443782510277
397,199,1,1,1478.65072880734,0.199502724741251,1,0.205808509810595,1.92656761547551,0.758338330375409,1,2.59485791820674
398,56,1,2,1481.88508733192,0.200283521817255,2,0.257593968546644,1.85218235416141,0.816099462075726,1,-2.59485791820674
399,427,3,1,1484.99339307543,0.199420489369004,3,0.257192741866675,1.74413853470651,0.809866547499041,1,-2.59485791820674
400,184,1,2,1487.99435912159,0.199996429637395,1,0.189364946836577,1.96706458637345,0.74747740795101,0,-2.59485791820674
401,413,3,1,1491.28586976785,0.200007257784819,3,0.260022984934039,1.97151700267568,0.818055551897487,1,-2.59485791820674
402,251,2,3,1494.51119849717,0.199437463217691,3,0.0770009900443256,1.51384056463212,0.629744154339278,1,3.29443782510277
403,411,3,1,1497.46183649442,0.199659293870354,3,0.270317331967817,1.69125006840841,0.822635857373825,1,-2.59485791820674
404,28,1,2,1500.39663174444,0.199962774591768,1,0.417080550572791,1.86052207463763,0.97508619349901,0,-2.59485791820674
405,229,2,5,1503.35377072602,0.199434536691115,3,0.270378789009555,1.80744894456257,0.823117270861985,1,-3.29443782510277
406,121,1,1,1506.40497058695,0.200009599004261,1,0.149963374529761,1.64411807829129,0.708090468275259,1,2.59485791820674
407,33,1,1,1509.41271797861,0.199392394719325,1,0.18439248690629,1.78821142743982,0.736775688530543,1,2.59485791820674
408,347,2,3,1512.5310104913,0.200010184309576,3,0.125982544443104,1.86982081760652,0.684081250890813,1,3.29443782510277
409,1,1,1,1515.78852661426,0.199458241550019,2,0.289240247573616,1.67633854167252,0.841617888798282,0,2.59485791820674
410,169,1,1,1518.68934285157,0.200034474473796,1,0.0451741443794162,1.6396993170365,0.603266705122223,1,2.59485791820674
411,150,1,2,1521.79807586784,0.200048521797726,2,0.242234976019972,1.98677005496756,0.800429672513928,1,-2.59485791820674
412,391,2,7,1525.05615798089,0.200413459560878,3,0.310884246833666,2.07271889754156,0.86968970925227,1,-3.29443782510277
413,34,1,2,1528.3318753382,0.200149486936425,2,0.171593033815952,1.932961781622,0.729758757701347,1,-2.59485791820674
414,142,1,2,1531.60704133805,0.200380975124062,2,0.212318859028528,1.67393615667061,0.771226164544714,1,-2.59485791820674
415,166,1,2,1534.58278775577,0.199909219170877,1,0.14667688609552,1.85790868712866,0.705747784400955,0,-2.59485791820674
416,372,2,4,1537.80827451748,0.200069885435369,3,0.214809917761158,1.79266911148625,0.773022173407298,1,3.29443782510277
417,429,3,1,1540.90029004797,0.200188702381638,3,0.343764641773305,1.98823273254675,0.902086642137874,1,-2.59485791820674
418,90,1,2,1544.05942076446,0.200004038606494,2,0.457161954813273,2.10125427967978,1.01532094769209,1,-2.59485791820674
419,338,2,2,1547.21782628787,0.200021305108748,3,0.193062904792896,1.87071809040572,0.751193510370285,1,3.29443782510277
420,232,2,8,1550.40929482143,0.200302251580069,3,0.041806005874605,1.70339222381153,0.600175123301597,1,-3.29443782510277
421,305,2,1,1553.58528964265,0.200079250316776,3,0.259236627458449,1.90341089504545,0.81734147960924,1,3.29443782510277
422,377,2,1,1556.74370248237,0.20026245083136,3,0.150814408221777,1.72871603657222,0.709199036236896,1,3.29443782510277
423,68,1,2,1559.83633141265,0.200024524285254,2,0.515537071618382,2.27611858399541,1.07361441442663,1,-2.59485791820674
424,282,2,2,1563.11138152209,0.2000019900388,3,0.192735133907263,1.9370340422247,0.750862812959895,1,3.29443782510277
425,95,1,1,1566.37025526036,0.200024816938821,1,0.193436036828643,1.85415541783368,0.751598248883965,1,2.59485791820674
426,260,2,4,1569.54534051737,0.200022768371127,3,0.0818847762420774,1.74297319214747,0.640035574848298,1,3.29443782510277
427,416,3,1,1572.72067306581,0.200072519308378,3,0.426727842761466,2.08776036202289,0.984845864279123,1,-2.59485791820674
428,13,1,1,1575.89548644858,0.200103540480995,1,0.269886840027539,1.66475447473022,0.82796740201411,1,2.59485791820674
429,35,1,1,1578.80455168406,0.200324200524847,1,0.199162077142319,1.84361729120064,0.757678106163439,1,2.59485791820674
430,85,1,1,1581.96280239425,0.200095638861967,1,0.249300194525858,1.67758846082688,0.807438994375843,1,2.59485791820674
431,443,3,1,1584.90515627501,0.200114075973033,3,0.299864121408973,1.71113200650507,0.858016090624005,1,-2.59485791820674
432,280,2,8,1587.83021585176,0.199458241550019,3,0.222955902230751,1.60989967577007,0.775088300599236,1,-3.29443782510277
433,312,2,8,1590.73094107411,0.199424293850825,3,0.0832380017563992,1.65311129197107,0.635620032770021,1,-3.29443782510277
434,176,1,2,1593.81486534616,0.200053789543745,2,0.254801185010365,1.84912881717719,0.812973639904158,1,-2.59485791820674
435,73,1,1,1596.92316728519,0.20006725156054,1,0.234870081278132,1.61278054773538,0.792972299554094,1,2.59485791820674
436,303,2,7,1599.81560166004,0.200037986305688,3,0.210265901205275,1.90447995490831,0.768314856713914,1,-3.29443782510277
437,32,1,2,1603.02391322734,0.200217089681246,1,0.302066917352931,1.87996737509093,0.860388039756799,0,-2.59485791820674
438,154,1,2,1606.11632296085,0.200027743465398,2,0.565243233799265,2.25948713806611,1.12331677212387,1,-2.59485791820674
439,289,2,1,1609.32503663279,0.200040034873382,3,0.489264771857052,2.06680263305316,1.04737957419638,1,3.29443782510277
440,370,2,2,1612.41685140361,0.200023353674624,3,0.17606622844869,1.6871804416769,0.734198004634891,1,3.29443782510277
441,242,2,2,1615.44242338575,0.200060227898575,3,0.235620442485015,2.01316058637167,0.79379377533769,1,3.29443782510277
442,69,1,1,1618.73447368336,0.20006461768935,1,0.153540466973936,1.68108624442175,0.711690094969526,1,2.59485791820674
443,254,2,6,1621.77569350613,0.199416684885364,3,0.151110279977729,1.88816779294029,0.703338668390643,1,-3.29443782510277
444,436,3,1,1625.02722342063,0.20004296139814,3,0.33374304694189,1.84429419661137,0.891921354887018,1,-2.59485791820674
445,38,1,2,1628.05241992952,0.20000345329936,2,0.296112315376377,1.72339297885628,0.85426282132903,1,-2.59485791820674
446,151,1,1,1630.9937073843,0.200034474473796,1,0.114503539780344,1.72588520819772,0.672647022069214,1,2.59485791820674
447,420,3,1,1634.12003525878,0.200051155670735,3,0.301598380578071,1.89530002888569,0.859707622517817,1,-2.59485791820674
448,106,1,2,1637.22793626378,0.200098565388544,2,0.0276542052270088,1.75550574608678,0.585721305196785,1,-2.59485791820674
449,435,3,1,1640.46997428462,0.200035352432678,3,0.28094676620276,2.02546779782642,0.8390899558417,1,-2.59485791820674
450,385,2,1,1643.72855127317,0.199987064755987,3,0.186291802128835,1.83091441346187,0.744343976815799,1,3.29443782510277
