PresOrder,TrialNumber,Illusory_Fragmented,Fat_Thin,StimPresTime,StimPresLength,Response,RespScreenOnset_to_Resp,ExpStartOnset_to_Resp,StimOnset_to_Resp,Accuracy,StepLevel
1,120,1,2,253.826174027025,0.198389181687162,2,1.05707427610105,2.41227695118141,1.60917448268447,1,-4.75
2,321,2,1,256.693159333818,0.198724854193642,3,0.480698830941037,1.89720900164139,1.03153770491917,1,1.90363541900917
3,268,2,4,259.619118524586,0.1990368218394,3,0.490537225261505,1.93127346890833,1.04141121754947,1,1.90363541900917
4,419,3,1,262.568118252711,0.199011653718117,3,1.17118127163849,2.8461686363662,1.72208862632033,1,-4.75
5,279,2,7,265.757891449892,0.19830899488079,3,0.386723113495464,1.77638182498777,0.939856676326599,1,-1.90363541900917
6,429,3,1,268.658844355947,0.198384791900025,2,1.29750095185227,2.93127434686539,1.86140910459835,0,-4.75
7,46,1,2,271.801003271563,0.198732463159104,1,1.30008800062933,2.72509182706199,1.85093799540482,0,-4.75
8,167,1,1,274.73387813537,0.19891420040949,1,0.993599980802173,2.35219098741254,1.54431740396103,1,4.75
9,362,2,2,277.599855254035,0.198790115717202,3,0.361299506206706,2.07075461344903,0.912642620574843,1,1.90363541900917
10,147,1,1,280.817109406116,0.198955464422397,1,0.679153566807145,2.22097171776295,1.22981216679545,1,4.75
11,159,1,1,283.867450917041,0.198647008606713,1,0.855848998293368,2.53056565938641,1.406816054101,1,4.75
12,238,2,6,287.051434275645,0.198982973766761,3,0.536705217789859,2.21059806187986,1.08729299585866,1,-1.90363541900917
13,232,2,8,290.233857503363,0.199130178010819,3,0.366725284977292,1.90812552805619,0.917526699426162,1,-1.90363541900917
14,58,1,2,293.283105956914,0.198638229030621,1,0.492988483243607,2.23537871145527,1.04427453035896,0,-4.75
15,257,2,1,296.533962770494,0.198551311215851,3,0.294063747338441,1.75184056521903,0.84511801361441,1,1.90363541900917
16,414,3,1,299.499427717887,0.198666616330229,2,1.09604974625472,2.53828554170468,1.64702089919956,0,-4.75
17,215,2,7,302.449190391279,0.199028334915056,3,0.329100406464931,1.9085876264744,0.883547979365176,1,-1.90363541900917
18,446,3,1,305.536791842953,0.199011653718117,3,0.566339510351099,2.02100074889859,1.1169665038633,1,-4.75
19,357,2,5,308.49915320977,0.198896641255487,3,0.336968663639709,1.96239589981997,0.887543272341645,1,-1.90363541900917
20,342,2,6,311.63207279089,0.198390352297793,3,0.339016939024077,1.98153976811955,0.889987799313531,1,-1.90363541900917
21,383,2,7,314.782042311124,0.198716952574614,3,0.254476047995922,1.86347552444022,0.805148110006485,1,-1.90363541900917
22,6,1,2,317.898478528519,0.198933808133006,1,0.705234471781296,2.13114639915875,1.25597355122954,0,-4.75
23,69,1,1,320.832393186931,0.19905467364697,1,0.57051975975628,2.02906596125649,1.13782092647307,1,4.75
24,71,1,1,323.798929242752,0.199083060946577,1,0.31210314481541,1.67058323610036,0.862666340066426,1,4.75
25,340,2,4,326.665564829716,0.198979461934869,3,0.152029794373448,1.6439735079166,0.702829160252804,1,1.90363541900917
26,37,1,1,329.665652918142,0.198713148089155,1,0.333978046959601,1.87563699491329,0.884885401641441,1,4.75
27,70,1,2,332.715614273369,0.19895634238128,2,1.03676243136943,2.76167661831641,1.58741283708878,1,-4.75
28,99,1,1,335.94847763593,0.198543702248571,1,0.469738406640317,2.14490077760638,1.02069229308108,1,4.75
29,88,1,2,339.131240047984,0.19870612442719,NaN,NaN,NaN,NaN,0,-4.75
30,10,1,2,342.114787705432,0.198662811846589,1,0.920304265031518,2.36240514764177,1.47124527475899,0,-4.75
31,275,2,3,345.0647634299,0.198959561559604,3,0.359830097620943,1.86841491462837,0.910367832097108,1,1.90363541900917
32,225,2,1,348.080890050134,0.199615688636186,3,0.324523027513351,1.88419269299266,0.87575347064012,1,1.90363541900917
33,208,2,8,351.148204239891,0.199168515498968,3,0.215400490660613,1.85704214285033,0.765905448050034,1,-1.90363541900917
34,183,1,1,354.296932913201,0.198703783207748,1,0.596688460504083,2.15615502509354,1.14741788241736,1,4.75
35,431,3,1,357.365503167817,0.198979754588436,3,0.578026005694483,2.33548257385701,1.12863397678848,1,-4.75
36,398,2,6,360.630858282697,0.199142469420622,3,0.342794205829705,1.91834846786151,0.893580987651148,1,-1.90363541900917
37,276,2,4,363.714503364188,0.199076622589928,3,0.240942329590325,1.88250291701479,0.791500257095322,1,1.90363541900917
38,307,2,3,366.864029808421,0.199011068412801,3,0.346962163826902,1.78900627183793,0.897697731445078,1,1.90363541900917
39,285,2,5,369.814581180508,0.198913029798859,3,0.325549360099103,1.7502128315864,0.876293999948757,1,-1.90363541900917
40,256,2,8,372.747178317019,0.198573552812377,3,0.291031866647245,2.04978898286026,0.841941855202094,1,-1.90363541900917
41,376,2,8,376.013327105686,0.198436884056719,3,0.263914093591666,1.83955732200775,0.814982992495061,1,-1.90363541900917
42,361,2,1,379.097466770032,0.199047942636753,3,0.169783270281187,1.81130142308029,0.720442748230198,1,1.90363541900917
43,74,1,2,382.246451806997,0.199000825572512,2,0.901025191240478,2.52693910865673,1.4520844326089,1,-4.75
44,38,1,2,385.379503081778,0.199050869163329,2,0.558046321635629,2.01729635258198,1.108684435947,1,-4.75
45,423,3,1,388.346508844985,0.199570327486072,2,0.765675715778343,2.25824980297148,1.31677329463128,0,-4.75
46,380,2,4,391.346833396692,0.199025701042046,3,0.282276286859997,1.67391684160066,0.832837140889751,1,1.90363541900917
47,426,3,1,394.245951371093,0.198789823065454,3,0.741131236827641,2.16681489519578,1.2917362813987,1,-4.75
48,240,2,8,397.17922043792,0.198441566499241,3,0.263648072399519,1.68942801346566,0.814732189237475,1,-1.90363541900917
49,192,1,2,400.11244443625,0.199090669913858,2,0.865729827237374,2.30813038608721,1.41628453556586,1,-4.75
50,165,1,1,403.062762564234,0.19885040214831,1,0.996342428095886,2.42182035170299,1.54724919747241,1,4.75
51,151,1,1,405.995567191421,0.198879960058548,1,0.509022917916809,2.18493886926808,1.05976346062926,1,4.75
52,35,1,1,409.179035481491,0.198909517968787,1,0.472524459171836,2.08136678118171,1.02301302801425,1,4.75
53,21,1,1,412.295346443583,0.198764947597738,1,0.551216395801021,2.27699683437822,1.1018905063811,1,4.75
54,395,2,3,415.529075765118,0.198765825554801,3,0.422632462605179,2.13128043403958,0.973489481042634,1,1.90363541900917
55,19,1,1,418.745408354236,0.198900153087379,1,0.40145963399118,2.0269819822588,0.952074921400708,1,4.75
56,246,2,6,421.879570245545,0.198673347338627,3,0.37112297524618,2.02870804715531,0.921664514205986,1,-1.90363541900917
57,356,2,4,425.044621323661,0.199016043507072,3,0.403053419924618,2.07967524928972,0.954224161923776,1,1.90363541900917
58,214,2,6,428.228768275056,0.199283527961597,3,0.284748030520859,1.74349967413218,0.835627583206588,1,-1.90363541900917
59,226,2,2,431.195292039469,0.199108229067861,3,0.315091127622509,1.85690284022348,0.86564086085491,1,1.90363541900917
60,278,2,6,434.244662529145,0.198920053462643,3,0.351008085699505,1.94339016353661,0.901693024421547,1,-1.90363541900917
61,303,2,7,437.344943153701,0.198864742123988,3,0.213300123117733,1.95535702004599,0.764094513904638,1,-1.90363541900917
62,402,3,1,440.59457316768,0.199027749609741,3,0.563172131514875,2.30549797616186,1.11382224458066,1,-4.75
63,372,2,4,443.844979588946,0.199112618858635,3,0.278521554300823,1.887050152749,0.829256536615503,1,1.90363541900917
64,272,2,8,446.960886105178,0.198950196676378,3,0.131866617148262,1.89119586914967,0.682746755141125,1,-1.90363541900917
65,9,1,1,450.227733748197,0.198695296283404,1,0.530870018066707,2.25632941676486,1.08198164424539,1,4.75
66,196,1,2,453.460466002403,0.198921224071455,2,0.307313592746141,1.98340133115926,0.858019895107645,1,-4.75
67,44,1,2,456.644045207799,0.19879655407567,2,0.606902913385056,2.21587897762402,1.15782138886607,1,-4.75
68,210,2,2,459.760509812495,0.199081890335947,3,0.246807379879101,1.73920997266214,0.797418277499673,1,1.90363541900917
69,262,2,6,462.760415578365,0.1990368218394,3,0.29512871006591,1.98745398404026,0.845736681161725,1,-1.90363541900917
70,26,1,2,465.960337674249,0.198604281331427,2,0.544023873428159,2.01936218712217,1.09465437877043,1,-4.75
71,25,1,1,468.943396601893,0.198954586467153,1,0.781845941244683,2.32431641479525,1.33245361968875,1,4.75
72,341,2,5,471.993534719277,0.199172905287924,3,0.2599744046056,2.00220425920816,0.810670171473248,1,-1.90363541900917
73,317,2,5,475.243353786822,0.198920053460824,3,0.20255948090562,1.92819856828464,0.753203155612937,1,-1.90363541900917
74,166,1,2,478.476604328742,0.198333870350325,2,0.538093854267572,2.04698800504775,1.08914987645767,1,-4.75
75,217,2,1,481.493745575459,0.198887276372261,3,0.301994632167407,1.89381247583697,0.852681619457144,1,1.90363541900917
76,397,2,5,484.593103466441,0.199026286347362,3,0.231526818242855,1.87438356392886,0.782750530359408,1,-1.90363541900917
77,223,2,7,487.743490894554,0.198953123202955,3,0.204342027747771,1.57991507807492,0.755429656415799,1,-1.90363541900917
78,269,2,5,490.626804751859,0.19920275584991,3,0.138792825680866,1.68079564041182,0.689770709632285,1,-1.90363541900917
79,287,2,7,493.676281181766,0.198944928930359,3,0.155573524423744,1.63115093527449,0.706225393405475,1,-1.90363541900917
80,333,2,5,496.65981128006,0.198778409614533,3,0.0058003740687127,1.64766532017165,0.556668805957088,1,-1.90363541900917
81,87,1,1,499.810450974694,0.198991168039356,1,0.585795346298255,2.17697374408999,1.13662163621484,1,4.75
82,392,2,8,502.909363155801,0.19904062632304,3,0.140074058661412,1.58209914425606,0.690641936353131,1,-1.90363541900917
83,54,1,2,505.859186993583,0.19897038970521,2,0.470633923525384,2.09606584214816,1.0212146779304,1,-4.75
84,24,1,2,508.992247633245,0.198905713485146,2,0.949399784198249,2.67496044068866,1.49995917496562,1,-4.75
85,249,2,1,512.225521002067,0.199207730944181,3,0.303354296036559,1.74576890221033,0.854008213587804,1,1.90363541900917
86,354,2,2,515.17555057461,0.198546921426896,3,0.36256552125451,1.98759445727592,0.913062577021265,1,1.90363541900917
87,60,1,2,518.308073318834,0.199028334915056,2,1.12097262498537,2.84715311963373,1.67161249521087,1,-4.75
88,81,1,1,521.542345803553,0.198617450698293,2,0.837642496198896,2.21284856019338,1.38846293306415,0,4.75
89,110,1,2,524.425688048157,0.199050869163329,2,0.87233148406267,2.49731242506277,1.42291428703538,1,-4.75
90,400,2,8,527.558285418791,0.198797139379167,3,0.635011608064815,2.06071721537592,1.1858054135464,1,-1.90363541900917
91,91,1,1,530.491569410899,0.198958683600722,1,0.356411622871747,1.81539124284063,0.907088367323013,1,4.75
92,437,3,1,533.458214918785,0.198836062172632,3,0.637816097705581,2.09679718093685,1.1885440563583,1,-4.75
93,306,2,2,536.425155713119,0.198612475602204,3,0.312670890813024,1.73778680318355,0.863584976503262,1,1.90363541900917
94,116,1,2,539.357655103671,0.19880943078897,2,0.609160435362355,2.08516424101435,1.16001833175869,1,-4.75
95,29,1,1,542.341156229359,0.199000240269015,1,0.599513435825429,2.14177641869901,1.15013369832923,1,4.75
96,157,1,1,545.391142460056,0.198969804399894,1,0.545624390368175,2.17163107865053,1.096756794881,1,4.75
97,53,1,1,548.524802744847,0.199534038567435,1,0.719083377010975,2.47805003247049,1.27028221365799,1,4.75
98,33,1,1,551.791100786328,0.19921563256321,1,0.236992690415718,1.99574834336818,0.787624951675753,1,4.75
99,63,1,1,555.057348491566,0.198825526680594,1,0.224500229878686,1.83343064031578,0.775168194752041,1,4.75
100,130,1,2,558.174232467403,0.198793042243778,2,0.358294549550919,2.10035027586855,0.909081331370544,1,-4.75
101,316,2,4,561.424158938444,0.198884642501071,3,0.266665905770424,1.85861222392305,0.817271535644977,1,1.90363541900917
102,297,2,1,564.523880303925,0.198746510483033,3,0.245283830563494,1.87070287247298,0.796039883864069,1,1.90363541900917
103,324,2,4,567.657045713211,0.199053795689906,3,0.104377467976519,1.51353708390889,0.65528862714018,1,1.90363541900917
104,43,1,1,570.574098900768,0.198740072128203,1,0.452010391507429,1.86042637724495,1.00302251581161,1,4.75
105,111,1,1,573.490087418251,0.198634424546981,1,0.33260931085897,1.80847059470761,0.88362406903434,1,4.75
106,291,2,3,576.473575667225,0.198713733396289,3,0.145253423961549,1.7369190882946,0.695797596796183,1,1.90363541900917
107,136,1,2,579.572977456093,0.198945806889242,2,0.287421997114507,1.81328531489999,0.83804167431299,1,-4.75
108,94,1,2,582.606427938254,0.198748851704295,2,0.438951940886909,1.948017586079,0.989806032797787,1,-4.75
109,64,1,2,585.623089527398,0.198879374753233,2,0.316826557402237,2.05911494251814,0.867641433867902,1,-4.75
110,382,2,6,588.872897181493,0.19953725774576,3,0.200698210515839,1.7934636632308,0.751832663598179,1,-1.90363541900917
111,98,1,2,591.973280527103,0.198510339854693,2,0.392137186163382,2.11694455492034,0.942678432471439,1,-4.75
112,381,2,5,595.206002831121,0.198932930174124,3,0.2511948273077,1.84420318166121,0.802598228105126,1,-1.90363541900917
113,411,3,1,598.306902708529,0.198925906513978,3,0.489164392023667,2.04714808600693,1.03982767445814,1,-4.75
114,415,3,1,614.851570710276,0.198840451961587,3,0.437082476226351,1.96645177187929,0.987756294152859,1,-4.75
115,114,1,2,617.888395769298,0.198383328635828,2,0.408952710564336,2.00143575354014,0.960092431389057,1,-4.75
116,13,1,1,620.98974603902,0.19885801111559,1,0.191235289452379,1.93220234818546,0.741796436135701,1,4.75
117,440,3,1,624.238547846209,0.19896014686492,3,0.410423582412477,1.81936195299932,0.961216509937003,1,-4.75
118,313,2,1,627.155020411054,0.199037114491148,3,0.235298231997149,1.7108288184354,0.785913812060244,1,1.90363541900917
119,274,2,2,630.1382101544,0.199043845501365,3,0.122586311294071,1.63159752310639,0.673142482881303,1,1.90363541900917
120,72,1,2,633.155012802086,0.198761435764027,2,0.526675721337597,1.91864141309088,1.07718799503891,1,-4.75
121,293,2,5,636.054699985747,0.198434542837276,3,0.222156375391933,1.93099749752946,0.773223225727634,1,-1.90363541900917
122,364,2,4,639.271108664536,0.198659592668264,3,0.236131706535161,1.77858696215117,0.786905904295054,1,1.90363541900917
123,387,2,3,642.322011483102,0.198789530411887,3,0.0735397880198434,1.43166430642304,0.624378369344413,1,1.90363541900917
124,197,1,1,645.188100395051,0.198598135626526,1,0.766977727091216,2.12555936881836,1.31800419136925,1,4.75
125,148,1,2,648.05441406418,0.199057892825294,2,0.424228589758059,2.06707655586615,0.975586336753622,1,-4.75
126,445,3,1,651.204942550836,0.199168808152535,3,0.488803551397723,1.98068258872263,1.03995731954819,1,-4.75
127,337,2,1,654.204652239479,0.198963366043245,3,0.105093588830641,1.59693136214264,0.655831790321827,1,1.90363541900917
128,95,1,1,657.204242818525,0.198726024804273,1,0.435299344078885,1.8772934084991,0.986132365003868,1,4.75
129,309,2,5,660.154108212973,0.198766703511865,3,0.0340322754818772,1.75943928936795,0.58486266253567,1,-1.90363541900917
130,408,3,1,663.387267739941,0.199005800666782,3,0.380214812845225,2.02223076767768,0.930818394150265,1,-4.75
131,435,3,1,666.537130441984,0.199023359820785,3,0.29418256428653,1.73630627379862,0.844798729653121,1,-4.75
132,28,1,2,669.487047635937,0.19980796137861,2,0.417463047489946,1.81035147281909,0.968881373570184,1,-4.75
133,20,1,2,672.387732472233,0.198552189172915,2,0.183300600143411,1.75762162421597,0.733769853917693,1,-4.75
134,280,2,8,675.469889415372,0.198927077124608,2,0.0803825905659323,1.73941863394975,0.631057286449504,0,-1.90363541900917
135,198,1,2,678.636888096386,0.199003166793773,1,1.2331489914759,2.9083842329328,1.78374993890793,0,-4.75
136,189,1,1,681.820295807371,0.198874107007214,1,0.484461757770987,2.09282793404054,1.03500944243569,1,4.75
137,97,1,1,684.936471856627,0.198429860396573,1,0.337223856686251,1.91269003029265,0.88830358373707,1,4.75
138,448,3,1,688.019694347797,0.198942295059169,3,0.508749287757382,1.90128243285471,1.059763753281,1,-4.75
139,50,1,2,690.919845971095,0.198772556563199,2,0.37626868550069,1.80112530768747,0.926677945497431,1,-4.75
140,36,1,2,693.852289465005,0.198882301279809,1,0.668808298221848,2.04487037100444,1.2194282680739,0,-4.75
141,329,2,1,696.736410165462,0.198493073352438,3,0.242308724471513,1.8006412603263,0.793260562344585,1,1.90363541900917
142,62,1,2,699.80253969759,0.198770800647253,2,0.799271938920356,2.3582810875323,1.35010847167723,1,-4.75
143,378,2,2,702.869399983201,0.198763776985288,3,0.290922414584202,1.89962689723143,0.841823330907573,1,1.90363541900917
144,436,3,1,705.986332539367,0.199143347377685,3,0.561815101516913,2.0705418550242,1.11289512121948,1,-4.75
145,281,2,1,709.002816195745,0.198451809337712,3,0.25033940382491,1.94204074250592,0.801341577940548,1,1.90363541900917
146,32,1,2,712.202121379998,0.199197195452143,2,0.445534575292186,2.05452497950682,0.996147521482271,1,-4.75
147,289,2,1,715.318937167784,0.198889324941774,3,0.291150683591695,2.04977464288459,0.841831525180169,1,1.90363541900917
148,7,1,1,718.585162046122,0.19900989780399,1,0.57852819751497,2.28742170446094,1.12906242016106,1,4.75
149,325,2,5,721.802090183233,0.198939953836089,3,0.192057643193039,1.55069284034107,0.742715950531419,1,-1.90363541900917
150,30,1,2,724.668682750267,0.199023652474352,2,0.387450355148758,1.99602109556872,0.938027012418388,1,-4.75
151,375,2,7,727.784698718562,0.198903372263885,3,0.264660942968476,1.6237766756476,0.8152396488058,1,-1.90363541900917
152,23,1,1,730.651789380281,0.198728073371967,1,0.476713195499542,1.86891359462061,1.02696149657822,1,4.75
153,424,3,1,733.551784434454,0.19885040214831,3,0.362270234803873,1.92080265236837,0.912841916979232,1,-4.75
154,239,2,7,736.61833421568,0.198442737109872,3,0.176365612034715,1.91816058490804,0.727367493498605,1,-1.90363541900917
155,154,1,2,739.867862386564,0.198826697289405,2,0.553588052282066,2.21262263240533,1.10447433597801,1,-4.75
156,353,2,1,743.036028166054,0.19893966118434,3,0.165098780487824,1.77240526177593,0.715736602145626,1,1.90363541900917
157,82,1,2,746.150959271248,0.198963658696812,2,0.30311666214584,1.94544897441301,0.853793991902421,1,-4.75
158,56,1,2,749.300935522491,0.199695875442558,2,0.349401130399201,2.07546222279598,0.900587090334739,1,-4.75
159,273,2,1,752.534873505314,0.198568870369854,3,0.229934788225364,1.72152673337405,0.780943693351219,1,1.90363541900917
160,31,1,1,755.534363997178,0.198986778250401,1,0.573551347797547,2.08193891696828,1.12411805487864,1,4.75
161,101,1,1,758.550228693355,0.19881967362744,1,0.278941803400812,1.93810866248714,0.829645471889307,1,4.75
162,156,1,2,761.717204547469,0.198942880362665,2,0.160109932014166,1.80288268641016,0.711383687721536,1,-4.75
163,127,1,1,764.86778805281,0.199013409634063,1,0.177860188741761,1.79644374441887,0.738948048607199,1,4.75
164,286,2,6,767.99410626976,0.198560090793762,3,0.366401025923551,1.79811391267322,0.917378324571473,1,-1.90363541900917
165,367,2,7,770.933900318436,0.198811772008412,3,0.203848908156942,1.76229996830443,0.754514531810855,1,-1.90363541900917
166,369,2,1,774.00020456415,0.198851280107192,3,0.106422231528995,1.63189456547116,0.657043371989857,1,1.90363541900917
167,153,1,1,777.033655046311,0.198587892786236,1,0.506667942630884,2.19847083175591,1.05756446916712,1,4.75
168,42,1,2,780.23330175612,0.198956635033028,2,0.238508630764045,1.8306018605108,0.789116601858041,1,-4.75
169,427,3,1,783.333073457845,0.198978583975986,3,0.348747051890314,2.0909379836994,0.899324001813511,1,-4.75
170,312,2,8,786.583020707218,0.19877636104502,3,0.203202145963587,1.9287885558806,0.754038971372211,1,-1.90363541900917
171,108,1,2,789.816284711156,0.199875271471683,2,0.502201771660111,1.89545337883465,1.05396835430474,1,-4.75
172,229,2,5,792.717166209983,0.198684760791366,3,0.187367007694775,1.77863876165793,0.738288702352293,1,-1.90363541900917
173,234,2,2,795.81638509099,0.198543994900319,3,0.0489759940010117,1.80739451118461,0.599873105842562,1,1.90363541900917
174,227,2,3,799.082621382777,0.198750314966674,3,0.0622422279520833,1.42108667169487,0.613044227706268,1,1.90363541900917
175,242,2,2,801.949259310961,0.199047942638572,3,0.0471311121582403,1.52259702237825,0.597811368441398,1,1.90363541900917
176,322,2,2,804.932704540008,0.199005508015034,3,0.108415780880023,1.66692683480687,0.659023459324089,1,1.90363541900917
177,409,3,1,807.998876506759,0.198678615086465,3,0.389008730120622,2.06466305006506,0.939948276583891,1,-4.75
178,355,2,3,811.182351820489,0.198801529168122,3,0.0419854019055492,1.61745186816188,0.592899487593968,1,1.90363541900917
179,233,2,1,814.265586603067,0.198880545363863,3,0.000371376119801425,1.65910569469816,0.551022074490902,1,1.90363541900917
180,441,3,1,817.432294094768,0.198639399641252,3,0.32849139645441,1.70326872442456,0.878981721212767,1,-4.75
181,417,3,1,820.314787061596,0.19899848435125,3,0.408496172543892,2.17278295919095,0.964143328354112,1,-4.75
182,385,2,1,823.586887233061,0.199363422116221,3,0.0625644384399493,1.68459895329761,0.614192889070182,1,1.90363541900917
183,304,2,8,826.716814441585,0.199003752099088,3,0.206324456303264,1.74662461834487,0.75687740871399,1,-1.90363541900917
184,421,3,1,829.76505587762,0.19865754410057,3,0.313615573330026,1.92231010579053,0.86442020695722,1,-4.75
185,75,1,1,832.881447026519,0.199277674910263,1,0.525485503309028,1.9179132934787,1.07623102111393,1,4.75
186,264,2,8,835.781616794278,0.1988796674068,3,0.15592002507401,1.69774754091304,0.706562529174334,1,-1.90363541900917
187,187,1,1,838.831388217983,0.198979754588436,1,0.712619852205535,2.28796662355853,1.26322987186722,1,4.75
188,158,1,2,841.914639681758,0.198959268907856,2,0.882732356634733,2.32474251694657,1.43336286197882,1,-4.75
189,245,2,5,844.864532585547,0.198858303767338,3,0.293239930337222,1.71868566216108,0.844073243915773,1,-1.90363541900917
190,403,3,1,847.797711808034,0.198904542874516,3,0.465375542029506,2.05747169830101,1.01600838859304,1,-4.75
191,164,1,2,850.89772319222,0.198658422057633,2,0.531986487643735,2.15740933403686,1.083053630633,1,-4.75
192,374,2,6,854.031055413472,0.198841037265083,3,0.256816097999035,1.63201865016345,0.807427288271356,1,-1.90363541900917
193,169,1,1,856.91418109517,0.199066379749638,1,0.694345454710856,2.45294336792176,1.24500142082798,1,4.75
194,118,1,2,860.180537959819,0.198887569025828,2,1.0396544241321,2.49858692703492,1.59050207768814,1,-4.75
195,222,2,6,863.148458847634,0.198938197920143,3,0.275153123144264,1.68260833047134,0.825802943558301,1,-1.90363541900917
196,112,1,2,866.063787140904,0.19909798622939,2,0.605521885876442,2.23120490041038,1.15644445849284,1,-4.75
197,141,1,1,869.197313683469,0.198975657451228,1,0.482680966842963,1.85770441563,1.03324884453468,1,4.75
198,301,2,5,872.079962926771,0.199330937679406,3,0.225346581129998,1.75101967474075,0.776138630695641,1,-1.90363541900917
199,391,2,7,875.113490669211,0.198583502999099,3,0.252007230859817,1.67742369742518,0.802768259252844,1,-1.90363541900917
200,258,2,2,878.046817973902,0.198762606374657,3,0.446054326268495,1.88801941808379,0.996903150433354,1,1.90363541900917
201,163,1,1,880.99650514293,0.198536971240173,1,1.08135185590072,2.61032724118559,1.63580177002223,1,4.75
202,121,1,1,884.03340043857,0.199027456957992,2,0.661498422163277,2.13331641801415,1.21208590757851,0,4.75
203,283,2,3,887.013062547758,0.199045894069059,3,0.492827816977297,2.00167777722163,1.04369654151924,1,1.90363541900917
204,248,2,8,890.029931627578,0.199960433372325,3,0.220959719006714,1.68085007379341,0.773056706411808,1,-1.90363541900917
205,407,3,1,892.997759744527,0.199269187985919,3,0.56241679521554,1.95306935485496,1.11307568785742,1,-4.75
206,190,1,2,895.896335726353,0.198905128179831,2,0.525270403664763,2.1502648066853,1.07578823776566,1,-4.75
207,377,2,1,899.029197069611,0.198726024802454,3,0.0911902502211888,1.83341308116178,0.641987567532851,1,1.90363541900917
208,314,2,2,902.27973898902,0.19904823529032,3,0.133941523918111,1.55878205021327,0.684530472595725,1,1.90363541900917
209,162,1,2,905.212656872756,0.199022189210154,2,0.383482278861266,2.04194852767796,0.934040791671578,1,-4.75
210,131,1,1,908.379315784128,0.198774897782641,1,0.425445146516722,1.86729346995526,0.97629016619976,1,4.75
211,66,1,2,911.329180593271,0.198705539123694,2,0.410896216322726,1.86927326463592,0.961600470116537,1,-4.75
212,235,2,3,914.295661630409,0.198864156818672,3,0.181369971094682,1.8066862919477,0.732069249794222,1,1.90363541900917
213,330,2,2,917.428761485517,0.198645837996082,3,0.104851565150966,1.7134840552626,0.655796964665569,1,1.90363541900917
214,271,2,7,920.545294570915,0.199008434539792,3,0.258172542691682,1.91685740298271,0.808764417895873,1,-1.90363541900917
215,48,1,2,923.71165848849,0.198966292568002,2,0.301172571078496,1.92678212981446,0.851858973064736,1,-4.75
216,318,2,6,926.84556284553,0.19906608709789,3,0.173821875840076,1.64877242487091,0.724485743576224,1,-1.90363541900917
217,259,2,3,929.82850529745,0.199602226617571,3,0.0693425647659751,1.76169242155811,0.62047292070929,1,1.90363541900917
218,39,1,1,933.028931341072,0.199184026085277,1,0.445837470708284,1.93720085419409,0.996408860231895,1,4.75
219,206,2,6,936.028022947474,0.198897811866118,3,0.184875656310396,1.61017272062418,0.735438558907845,1,-1.90363541900917
220,270,2,6,938.961408197374,0.198928540386987,3,0.0265930469849991,1.46858155100563,0.577323054203589,1,-1.90363541900917
221,105,1,1,941.911256617972,0.198944343626863,1,0.341661933010982,1.966928210275,0.892204935234986,1,4.75
222,447,3,1,945.044543770729,0.198965121957372,3,0.416297704930912,1.84157194234285,0.966917967434711,1,-4.75
223,57,1,1,947.977832152626,0.198795968770355,1,0.560259945723374,2.05219809887058,1.11102155942353,1,4.75
224,389,2,5,950.977681436549,0.199064623833692,3,0.164859975984655,1.74025093787895,0.715431072854699,1,-1.90363541900917
225,416,3,1,954.061051424618,0.198875570269593,3,0.470268107805168,2.1287592320914,1.0208555932204,1,-4.75
226,173,1,1,1012.23044517432,0.199271821858929,1,0.520607277509043,1.94265911739967,1.07211954506602,1,4.75
227,290,2,2,1015.1615676345,0.198832257688991,3,0.151793623745107,1.90769679203186,0.702460418007831,1,1.90363541900917
228,27,1,1,1018.42532515896,0.198663689803652,1,0.271677873795852,1.96369118012444,0.822629711668924,1,4.75
229,320,2,8,1021.62520043043,0.199028627568623,3,0.169937205537281,1.61192219772784,0.720504790577252,1,-1.90363541900917
230,96,1,2,1024.57498534542,0.199026871652677,2,0.296848336605763,2.02229515124418,0.847428505707285,1,-4.75
231,177,1,1,1027.80828358971,0.198707587691388,1,0.215847956451398,1.72468182080229,0.766803891459858,1,4.75
232,360,2,8,1030.82529314277,0.198948440762251,3,0.168580760844634,1.84356929617934,0.719100643515048,1,-1.90363541900917
233,125,1,1,1034.00828060466,0.19900345944734,1,0.309852646501895,1.66850511015218,0.860538755834568,1,4.75
234,181,1,1,1036.87472274827,0.198891666163036,1,0.226848181500827,1.60212887190391,0.777473419098897,1,4.75
235,4,1,2,1039.75784257691,0.198842500529281,2,0.24692239234173,1.6390961600755,0.797738732069774,1,-4.75
236,368,2,8,1042.65798659124,0.19912227639179,3,0.15150594626175,1.82675991748329,0.702170399303213,1,-1.90363541900917
237,126,1,2,1045.84101297592,0.198789823065454,2,0.336373408299551,2.01177019397801,0.887185065586891,1,-4.75
238,311,2,7,1049.02409028215,0.199027456956173,3,0.294028921684003,1.83667586473712,0.845067970023592,1,-1.90363541900917
239,41,1,1,1052.0744742277,0.198869131912943,1,0.312521345347704,1.75434040352775,0.863582635283819,1,4.75
240,178,1,2,1055.02418188241,0.198913615104175,2,0.285887619653295,1.64458281058251,0.8365567551391,1,-4.75
241,439,3,1,1057.89075513437,0.198560090791943,3,0.397162030903928,1.90572050918126,0.948123818963722,1,-4.75
242,224,2,8,1060.90722269486,0.198591697271695,3,0.194507437912762,1.55329949684347,0.745492638177893,1,-1.90363541900917
243,207,2,7,1063.77387818219,0.198954001160018,3,0.238669297028537,1.63058962763171,0.789269951808819,1,-1.90363541900917
244,133,1,1,1066.67413077063,0.198845719707606,1,0.37522040397198,1.8504726778101,0.92628988818069,1,4.75
245,449,3,1,1069.65753444301,0.199179343644573,3,0.406873414005531,2.11508445514482,0.957627418736593,1,-4.75
246,323,2,3,1072.87388985903,0.199136616369287,3,0.0787923164662061,1.57047732513092,0.629485742114412,1,1.90363541900917
247,171,1,1,1075.87355623509,0.198565943843278,1,0.274458658579533,1.88288160945012,0.825284363192623,1,4.75
248,218,2,2,1078.98976681735,0.198779580225164,3,0.182477368445689,1.57470820343224,0.733319754253898,1,1.90363541900917
249,231,2,7,1081.88992341575,0.198983266418509,3,0.0559987778833602,1.71460228075921,0.606628405268566,1,-1.90363541900917
250,161,1,1,1085.05625865337,0.198821429543386,1,0.429244947572442,1.98820112606882,0.98014001084448,1,4.75
251,216,2,8,1088.1228935965,0.199018970033649,3,0.0777999315778288,1.55338231752103,0.628553058351827,1,-1.90363541900917
252,40,1,2,1091.10628673339,0.198897519212551,2,0.821998167410129,2.51397723338596,1.37256282592352,1,-4.75
253,366,2,6,1094.30597207333,0.198878496796169,3,0.0992905808907381,1.65822422513702,0.64997698287516,1,-1.90363541900917
254,140,1,2,1097.3727530501,0.198447419550575,2,0.414641291346925,1.89550869017148,0.971332338898719,1,-4.75
255,79,1,1,1100.36148797447,0.199261579018639,1,0.163917049383599,1.83472182348305,0.715001458873303,1,4.75
256,76,1,2,1103.54013013089,0.198964536653875,2,0.489603663541857,1.86386241114815,1.04016217635217,1,-4.75
257,332,2,4,1106.42235795449,0.198997021088871,3,0.248239328935597,1.97373618716483,0.799040743384467,1,1.90363541900917
258,93,1,1,1109.65564215145,0.19891800489313,1,0.30450588392705,1.79638696981965,0.855064396735543,1,4.75
259,359,2,7,1112.65547680275,0.19934059521438,3,0.0686156157662481,1.4444941953825,0.619767042697276,1,-1.90363541900917
260,83,1,1,1115.53957789548,0.198827282594721,1,0.163760772908063,1.68829398473099,0.714397716606982,1,4.75
261,106,1,2,1118.57232337759,0.198513851684766,2,0.279185582998252,1.88746776797598,0.83015205349875,1,-4.75
262,263,2,7,1121.68867179921,0.199053503036339,3,0.0534515298550104,1.79532142178869,0.604104569447372,1,-1.90363541900917
263,247,2,7,1124.93855173849,0.199053795689906,3,0.194836379407207,1.95336142212909,0.745432644400353,1,-1.90363541900917
264,170,1,2,1128.20490128682,0.198973901537101,2,0.304319171582392,2.06298322427574,0.854870368078991,1,-4.75
265,142,1,2,1131.47179838813,0.198979461934869,2,0.329438712844421,1.78793311483969,0.880046098634921,1,-4.75
266,100,1,2,1134.43809710271,0.198851280107192,2,0.130924861157837,1.58969640514442,0.681582583192721,1,-4.75
267,49,1,1,1137.40636712505,0.198809430787151,1,0.0969762843124045,1.83727112007909,0.647788526906879,1,4.75
268,3,1,1,1140.65462401314,0.198885227804567,1,0.239709384284652,1.76500524872426,0.790328183526071,1,4.75
269,266,2,2,1143.68840665597,0.198809138135402,3,0.1136498722135,1.75508374107267,0.664474113562392,1,1.90363541900917
270,103,1,1,1146.83783330568,0.198962488084362,1,0.439569145171845,2.18180602343455,0.990635410200412,1,4.75
271,388,2,4,1150.0880357481,0.199355520495374,3,0.338296135727433,1.96350212655852,0.88925997235674,1,1.90363541900917
272,399,2,7,1153.22122164306,0.199215925216777,3,0.163991968442133,1.82233852235549,0.714658470053109,1,-1.90363541900917
273,186,1,2,1156.38774681221,0.198890495552405,2,0.226885055726598,1.95179924267359,0.777545704284421,1,-4.75
274,55,1,1,1159.62084722336,0.198997899047754,1,0.169678208007099,1.69463430280484,0.720200724550523,1,4.75
275,386,2,2,1162.65392954857,0.198988534164528,3,0.186371988933388,1.6615098356142,0.736912942589697,1,1.90363541900917
276,315,2,3,1165.63696360075,0.19901633615882,3,0.123603864301913,1.78231477067311,0.67420393377688,1,1.90363541900917
277,22,1,2,1168.8036029044,0.198600769501354,2,0.301089457747366,1.95982114245089,0.852054172333737,1,-4.75
278,67,1,1,1171.97037624293,0.198741535390582,1,0.221759245845533,1.89689966786864,0.772703182099576,1,4.75
279,430,3,1,1175.15367684307,0.198898104519685,3,0.326594422451308,2.00169621433452,0.877219660049377,1,-4.75
280,339,2,3,1178.33675736848,0.198420788165095,3,0.0872429522678431,1.76236113269442,0.638346384173929,1,1.90363541900917
281,184,1,2,1181.51969039699,0.199047942636753,2,0.285390988232393,2.02759801593311,0.836077682870382,1,-4.75
282,89,1,1,1184.7699891221,0.198715489312235,1,0.144722259536138,1.55322106595122,0.695682291681806,1,4.75
283,119,1,1,1187.68621351756,0.198431031007203,1,0.153446525495383,1.62893058017471,0.704613170360972,1,4.75
284,90,1,2,1190.66968625595,0.199599300090995,2,0.229926593954588,1.6055262756654,0.781005150392957,1,-4.75
285,209,2,1,1193.55313356283,0.199165003668895,3,0.0335649093176471,1.64192435457699,0.584153272689946,1,1.90363541900917
286,331,2,3,1196.66939009155,0.198935271395385,3,0.0869181079069676,1.54968670078415,0.641801147841761,1,1.90363541900917
287,34,1,2,1199.64029076789,0.199147444513073,2,0.293389183150794,1.91457851736777,0.844166307435444,1,-4.75
288,260,2,4,1202.76929173101,0.199033602661075,3,0.0338361982558126,1.62562858115234,0.58443363385777,1,1.90363541900917
289,432,3,1,1205.86900021978,0.199059356089492,3,0.375092514796052,2.13375832340535,0.925691413662207,1,-4.75
290,109,1,1,1209.13570387774,0.198963073391496,1,0.377031630767306,2.01913216219509,0.927879284323353,1,4.75
291,84,1,2,1212.28584957482,0.198869131912943,2,0.218734388814482,1.87706718805566,0.769621257815743,1,-4.75
292,418,3,1,1215.45235133176,0.19883635482438,3,0.699423562218726,2.17446219967496,1.250085381389,1,-4.75
293,77,1,1,1218.43517233286,0.198496292530763,1,0.393482217405108,1.9355207357512,0.944545555908917,1,4.75
294,139,1,1,1221.48514393093,0.198923857944465,1,0.534358729430096,2.10968911223972,1.08497928458746,1,4.75
295,92,1,2,1224.56863185798,0.19872134236175,2,0.0901647955925,1.6819621535833,0.641065126612375,1,-4.75
296,438,3,1,1227.66839039034,0.199012824328747,3,0.54156090934157,2.15014803830491,1.09220165752595,1,-4.75
297,175,1,1,1230.78527992658,0.19997916313514,1,0.524824108484609,2.20119923172751,1.07693221668706,1,4.75
298,12,1,2,1233.96981464264,0.198851865410688,2,0.197108241360183,1.72082670840973,0.747958236135673,1,-4.75
299,185,1,1,1237.00154901009,0.198936734659583,1,0.145315758960351,1.73699459265845,0.695944508390312,1,4.75
300,135,1,1,1240.10147493972,0.198718123183426,1,0.119982873971821,1.64501505843873,0.670788678207828,1,4.75
301,152,1,2,1243.13453326743,0.198886105763449,2,0.163805256099295,1.75585605122069,0.714614864818941,1,-4.75
302,277,2,5,1246.23461518088,0.199090669913858,3,0.388793045171042,2.06388927665466,0.939467155747479,1,-1.90363541900917
303,129,1,1,1249.41787100518,0.198989704775158,1,0.158383867117664,1.800496982607,0.709434036256425,1,4.75
304,213,2,5,1252.56827979693,0.198783092055237,3,0.236677210938069,1.59415087001253,0.787135051263249,1,-1.90363541900917
305,335,2,7,1255.43405410736,0.198870887828889,3,0.201033297717004,1.77632768426156,0.751626343531825,1,-1.90363541900917
306,68,1,2,1258.51792072686,0.198458540347929,2,0.286293528779424,1.64423074953265,0.837332577119014,1,-4.75
307,373,2,5,1261.3841003611,0.198997899045935,3,0.145059395303178,1.57017677093609,0.695753698908447,1,-1.90363541900917
308,11,1,1,1264.31794214902,0.198926491819293,1,0.179239460336248,1.82031541509423,0.729872306901598,1,4.75
309,104,1,2,1267.46728890457,0.199047357331438,2,0.214134768268195,1.62287969550198,0.765186693321084,1,-4.75
310,102,1,2,1270.38410621416,0.199365470683915,2,0.303519352090007,1.96198150377131,0.854563960831001,1,-4.75
311,17,1,1,1273.55068054893,0.199177880380375,1,0.151266556453265,1.85948520655802,0.701982223696177,1,4.75
312,296,2,8,1276.76698006831,0.198926199165726,3,0.120767768181395,1.77901657613438,0.671408516363954,1,-1.90363541900917
313,51,1,1,1279.93344056124,0.198663982457219,1,0.580256310979166,1.9887068297212,1.13119322357124,1,4.75
314,179,1,1,1282.84978523691,0.199003459445521,1,0.447540708704764,1.85614545535282,0.998125267593423,1,4.75
315,78,1,2,1285.76667600228,0.198855669894328,3,0.606918131319617,2.11529633560895,1.15763467651959,0,-4.75
316,180,1,2,1288.78303264744,0.198928833038735,2,0.430277718514844,2.138861013731,0.981011237567145,1,-4.75
317,390,2,6,1291.99956072848,0.199215339911461,3,0.146932079142061,1.70643756652498,0.697838263213271,1,-1.90363541900917
318,358,2,6,1295.06699373519,0.198795383463221,3,0.222331381633921,1.84672643217527,0.77296071636556,1,-1.90363541900917
319,433,3,1,1298.19952555164,0.198290557769724,3,0.693335803320224,2.21829950708525,1.24432158889249,1,-4.75
320,174,1,2,1301.23268104,0.198643204124892,2,0.753905521796696,2.12912651107581,1.30484448295829,1,-4.75
321,428,3,1,1304.1163516408,0.19897419418885,2,0.665379287982432,2.37328099534534,1.21591907102629,0,-4.75
322,371,2,3,1307.33262687001,0.199009019845107,3,0.136398634951547,1.6450329102463,0.687358081791899,1,1.90363541900917
323,252,2,4,1310.34946258744,0.198981803154311,3,0.178276633359928,1.63627820841612,0.728896017904844,1,1.90363541900917
324,410,3,1,1313.31573935308,0.199115252729825,3,0.612023455518283,2.25382928580075,1.16283716137514,1,-4.75
325,412,3,1,1316.46566468278,0.198506535371052,3,0.467593263256276,2.17578440401667,1.01844998904016,1,-4.75
326,1,1,1,1319.68204994936,0.198885520458134,1,0.423720837536166,1.81557385804808,0.97456000416787,1,4.75
327,326,2,6,1322.58177078806,0.198929418344051,3,0.230622521781697,1.95591452320696,0.781238687148289,1,-1.90363541900917
328,8,1,2,1325.81529115566,0.198947855456936,2,0.30135343037,1.82628611296241,0.851912821139194,1,-4.75
329,220,2,4,1328.84847678724,0.198977413367174,3,0.000429028677899623,1.60882183633112,0.55104665730687,1,1.90363541900917
330,128,1,2,1331.96517580664,0.199033895314642,2,0.409925195073811,1.86819425458634,0.960459125069974,1,-4.75
331,255,2,7,1334.93176980768,0.198943173016232,3,0.303204457917673,2.06144357907033,0.853794284554169,1,-1.90363541900917
332,155,1,1,1338.19845736974,0.198746217831285,1,0.213939568997375,1.93870186926142,0.764813268633588,1,4.75
333,61,1,1,1341.43148315448,0.198787189190625,1,0.300103218563891,1.84180196726993,0.851014670381119,1,4.75
334,137,1,1,1344.48184544374,0.198996143129989,1,0.158365430004778,1.59946719672007,0.708939160747832,1,4.75
335,310,2,6,1347.43116591909,0.199090962565606,3,0.123389349962963,1.68208945745391,0.674336212741764,1,-1.90363541900917
336,351,2,7,1350.49781842137,0.198960732170235,3,0.13963507979679,1.6313792042838,0.690375329855669,1,-1.90363541900917
337,434,3,1,1353.49797118601,0.199104131932472,3,0.30168910287648,1.74319560810363,0.85257363065648,1,-4.75
338,80,1,2,1356.447756101,0.198368403354834,2,0.305013343493556,1.71331929186272,0.856149259838276,1,-4.75
339,65,1,1,1405.72949741895,0.199001410877827,1,0.31149793928671,1.90301113162604,0.862334179391837,1,4.75
340,230,2,6,1408.83003382186,0.198898689823181,3,0.392237858650333,1.8503737612391,0.943527124942193,1,-1.90363541900917
341,47,1,1,1411.79615782285,0.198935271395385,1,0.394451190086329,1.85227307646164,0.944962585830581,1,4.75
342,300,2,4,1414.76197570925,0.198480781944454,3,0.226742826573172,1.91839792614701,0.777244857436017,1,1.90363541900917
343,205,2,5,1417.96181264324,0.19887205843952,3,0.26796616116917,1.72662240003774,0.818631784821264,1,-1.90363541900917
344,349,2,5,1420.92895624581,0.198834306256686,3,0.0731836298346025,1.63139705609137,0.623991482638303,1,-1.90363541900917
345,384,2,8,1423.99524937072,0.198386547814152,3,0.0353489194239955,1.67709329266654,0.586503272879781,1,-1.90363541900917
346,444,3,1,1427.14524669295,0.198854791937265,3,0.330078744029379,1.85493504429724,0.880799679020129,1,-4.75
347,143,1,1,1430.1783893046,0.198995850478241,1,0.234092796035839,1.92577920943404,0.784668282694838,1,4.75
348,253,2,5,1433.37862161222,0.199143054725937,3,0.412027611186204,2.05352235177997,0.962903944693608,1,-1.90363541900917
349,168,1,2,1436.52825780117,0.198612182950455,2,0.242794527748629,1.76786065991473,0.793609989519609,1,-4.75
350,282,2,2,1439.5616374614,0.198870595177141,3,0.0611061506515398,1.5025787081795,0.61188590880738,1,1.90363541900917
351,146,1,2,1442.51106446229,0.19885040214831,2,0.150870890171063,1.79291289108187,0.701787902386059,1,-4.75
352,200,1,2,1445.66124996013,0.199136909021036,2,0.348997562496152,2.09074600360873,0.899713229739064,1,-4.75
353,15,1,1,1448.9111237537,0.198773727172011,1,0.177202891056368,1.76894815688865,0.728054641747804,1,4.75
354,299,2,3,1452.01101368707,0.198985900291518,3,0.180692480378639,1.58897677245841,0.731198315725123,1,1.90363541900917
355,14,1,2,1454.92745903522,0.198811479354845,2,0.513839686675055,2.27234746289287,1.0644540961257,1,-4.75
356,328,2,8,1458.19424902569,0.198883764542188,3,0.346020115181091,2.03755464189453,0.896686324140319,1,-1.90363541900917
357,422,3,1,1461.39388285878,0.198752363534368,3,0.422189679255098,2.01405376203365,0.972972071285767,1,-4.75
358,201,2,1,1464.49421440489,0.198695296283404,3,0.0901785502628627,1.48159171395127,0.641082685766378,1,1.90363541900917
359,251,2,3,1467.39377984508,0.199059356089492,3,0.000427565413701814,1.51492835425961,0.557151975361194,1,1.90363541900917
360,244,2,4,1470.41711683949,0.198399424527452,3,0.033002431064233,1.65460762459406,0.58473887049513,1,1.90363541900917
361,5,1,1,1473.54681080391,0.199401466948984,1,0.399886919045457,1.98894709748674,0.951075512850366,1,4.75
362,404,3,1,1476.64410432362,0.198882008628061,3,0.359328198450385,2.08370097813349,0.909988847011846,1,-4.75
363,132,1,2,1479.87668878828,0.198617743350042,2,0.311807858364773,1.78687722434188,0.862975381187425,1,-4.75
364,284,2,4,1482.86016855033,0.199076037284613,3,0.160014527275052,1.85144106518419,0.710678102357633,1,1.90363541900917
365,45,1,1,1486.05970639338,0.199018384726514,1,0.408813993240983,1.88393252485002,0.959409965580562,1,4.75
366,267,2,3,1489.04309660374,0.198937612616646,3,0.000420249099988723,1.35878854709881,0.551058948716673,1,1.90363541900917
367,182,1,2,1491.90997245847,0.198984437029139,2,0.261445276455561,1.96945380201032,0.811967792998985,1,-4.75
368,124,1,2,1495.12607238879,0.19888347189044,2,0.348788608556788,2.05738682905212,0.899447208548736,1,-4.75
369,379,2,3,1498.3430912482,0.198665738371346,3,0.260028252678239,1.98433928266604,0.810549013307536,1,1.90363541900917
370,250,2,2,1501.5756013791,0.199032724704011,3,0.0368022321199533,1.69562844360553,0.587493609198646,1,1.90363541900917
371,86,1,2,1504.74293046487,0.199024237779668,2,0.647166054877744,2.28845301214096,1.19774827254514,1,-4.75
372,292,2,4,1507.89270361523,0.199041211628355,3,0.122337556602361,1.53064643149628,0.67314921389152,1,1.90363541900917
373,236,2,4,1510.80925256239,0.199169978763166,3,0.120568179125257,1.8621108854768,0.67129906430273,1,1.90363541900917
374,344,2,8,1514.05923493008,0.19912871474844,3,0.199904536730173,1.70790638980543,0.750517775570188,1,-1.90363541900917
375,338,2,2,1517.0756386923,0.198537263891922,3,0.0661154848039587,1.70755257283963,0.616899925404141,1,1.90363541900917
376,107,1,1,1520.22560645662,0.198572674853494,1,0.258107866473438,1.94954874435825,0.809076678193378,1,4.75
377,115,1,1,1523.42525316643,0.19907252545454,1,0.518837022073058,1.89389588182166,1.06948830574947,1,4.75
378,396,2,4,1526.30864955176,0.199133689842711,3,0.136792252666055,1.57829729463265,0.68742188005308,1,1.90363541900917
379,199,1,1,1529.25879618533,0.198852450716004,1,0.244882311229958,1.6361271996866,0.79543058119998,1,4.75
380,413,3,1,1532.15951643259,0.198919468157328,3,0.466974303055395,2.20744794954408,1.01749418572581,1,-4.75
381,363,2,3,1535.40835891848,0.198899567782064,3,0.0537447677379532,1.6785574335081,0.604242994117158,1,1.90363541900917
382,243,2,3,1538.54162353699,0.198425470607617,3,0.000347378607330029,1.55831790322554,0.551255318594485,1,1.90363541900917
383,443,3,1,1541.60828598946,0.198904542874516,3,0.275274281309976,1.96670550166345,0.825948391888232,1,-4.75
384,401,3,1,1544.80823383877,0.198977413367174,3,0.308013910362206,1.78257464616036,0.858570374604824,1,-4.75
385,295,2,7,1547.7914212409,0.199006971277413,3,0.0567848427035642,1.43148081325853,0.607397496240083,1,-1.90363541900917
386,302,2,6,1550.67429875321,0.198927662428105,3,0.0553297740916605,1.78042423502848,0.606021736477487,1,-1.90363541900917
387,160,1,2,1553.90778136863,0.199250750874853,2,0.368937738456225,1.8109856509509,0.9201980321468,1,-4.75
388,202,2,2,1556.85798097231,0.198868839261195,3,0.132181218668848,1.55673318952358,0.682845379060382,1,1.90363541900917
389,327,2,7,1559.79110312755,0.198441273845674,3,0.01696945965341,1.39158699931977,0.567997679851032,1,-1.90363541900917
390,117,1,1,1562.67387996737,0.198436298751403,1,0.378970746740379,2.02074965298743,0.930071837427022,1,4.75
391,406,3,1,1565.82387904552,0.198689150578502,3,0.347049081641671,2.03879168433559,0.897839082639621,1,-4.75
392,298,2,2,1569.02357023852,0.19901897003183,3,0.000377521824702853,1.45900332482597,0.551080897659631,1,1.90363541900917
393,211,2,3,1571.99045718478,0.198802992430501,3,0.0126238615448528,1.50416429983852,0.563295338248281,1,1.90363541900917
394,365,2,5,1574.99039836161,0.198543702248571,3,0.048598764829876,1.44011669814245,0.599491486882471,1,-1.90363541900917
395,347,2,3,1577.89042999736,0.198886105763449,3,0.208891604705059,1.70001472042532,0.759365540920044,1,1.90363541900917
396,150,1,2,1580.88968285533,0.199017214115884,2,0.607481780181843,2.33276500202919,1.15806897294351,1,-4.75
397,241,2,1,1584.12326702119,0.198949026065748,3,0.166800262568358,1.67506169847911,0.717400039389759,1,1.90363541900917
398,352,2,8,1587.14022770126,0.198963366043245,3,0.0362859929737169,1.39409971434179,0.586826361324711,1,-1.90363541900917
399,219,2,3,1590.00607224831,0.198975072145913,3,0.0862833444680291,1.72830720092134,0.636993743966741,1,1.90363541900917
400,204,2,4,1593.15621092174,0.198630034758025,3,0.000402104640670586,1.4587645203228,0.551310044626007,1,1.90363541900917
401,18,1,2,1596.12273293023,0.198856255199644,2,0.428243783109792,1.80338107374882,0.978843267279444,1,-4.75
402,442,3,1,1599.00599908517,0.19864086290363,3,0.433559524510201,2.00819105296796,0.984113940183306,1,-4.75
403,191,1,1,1602.08903515665,0.19866134858421,1,0.248546321488902,1.75717913351946,0.799393682391383,1,4.75
404,188,1,2,1605.10628146564,0.198950489329945,2,0.222729681789133,1.96387116145888,0.773276488496776,1,-4.75
405,237,2,5,1608.35616023431,0.198966877873318,3,0.00038981323086773,1.49213218180375,0.551550605045122,1,-1.90363541900917
406,203,2,3,1611.35620120567,0.199593154387912,3,0.00771139539392607,1.66592010994464,0.558786440000404,1,1.90363541900917
407,336,2,8,1614.52278988042,0.199064038530196,3,0.000395373630453832,1.64148830223894,0.550954764399648,1,-1.90363541900917
408,16,1,2,1617.67248752642,0.198884642501071,2,0.303535447981631,2.06144357907033,0.854194340627146,1,-4.75
409,405,3,1,1620.93888975221,0.198911859190048,3,0.373087259340537,2.13108318620289,0.923617384851241,1,-4.75
410,194,1,2,1624.20509531548,0.199025115736731,2,0.239750062994062,1.664811541983,0.79032847617782,1,-4.75
411,393,2,1,1627.13865557162,0.198974779494165,3,0.233095728706758,1.69128108958103,0.78388280317813,1,1.90363541900917
412,425,3,1,1630.10489868222,0.199015458201757,3,0.275792569023906,1.90090461837826,0.826416928664912,1,-4.75
413,134,1,2,1633.23863388607,0.198821722195134,2,0.239280355608571,1.84721369871477,0.790065966815746,1,-4.75
414,73,1,1,1636.35485939361,0.19884132991865,1,0.0945698021751014,1.8029122443204,0.645248595194062,1,4.75
415,195,1,1,1639.57138337751,0.198559798140195,1,0.287364637208157,1.96218314139696,0.838261456397959,1,4.75
416,138,1,2,1642.75418266379,0.198977413367174,2,0.164770131645128,1.52353760775804,0.715445120178629,1,-4.75
417,221,2,5,1645.62192038035,0.199051161816897,3,0.154884327605032,1.89575890812557,0.705499615016379,1,-1.90363541900917
418,345,2,1,1648.87148249894,0.199043260196049,3,0.0947808046821592,1.48598355116883,0.645337854230092,1,1.90363541900917
419,261,2,5,1651.77093380462,0.199528478169668,3,0.000464146987724234,1.59267180388997,0.551625816757223,1,-1.90363541900917
420,319,2,7,1654.87200517644,0.199155931439236,3,0.000384838138415944,1.74093603756046,0.550985785572266,1,-1.90363541900917
421,144,1,2,1658.12078532734,0.198377182932745,2,0.333121452867999,1.72460895031145,0.884091727852137,1,-4.75
422,350,2,6,1661.02050909257,0.198912737147111,3,0.138387209210123,1.69692167534413,0.689188038353677,1,-1.90363541900917
423,343,2,7,1664.08717973931,0.198726024802454,3,0.0397106134278147,1.39809237344525,0.590554755150151,1,-1.90363541900917
424,123,1,1,1666.95402867,0.198907176747525,1,0.441134251150288,1.89934858462948,0.991897913416324,1,4.75
425,228,2,4,1669.9204371293,0.198963366043245,3,0.191267773889194,1.9327984814845,0.74185789317562,1,1.90363541900917
426,348,2,4,1673.17014498887,0.199324791974504,3,0.050573584418089,1.42715218899684,0.602048099792228,1,1.90363541900917
427,113,1,1,1676.05502483011,0.198811186704916,1,0.196042108023903,1.88618624234368,0.74667671050338,1,4.75
428,193,1,1,1679.2532843667,0.198593160534074,1,0.151653735812943,1.76001903412362,0.702435249886548,1,4.75
429,394,2,2,1682.37001821177,0.198822014848702,3,0.148180242380477,1.52321276339899,0.698941856078818,1,1.90363541900917
430,2,1,2,1685.25354863198,0.198976242756544,2,0.462342198072292,1.9035935102529,1.01294812059859,1,-4.75
431,254,2,6,1688.20320975493,0.199073988716918,3,0.14805849890945,1.88995590018385,0.699092864808335,1,-1.90363541900917
432,346,2,2,1691.45351140657,0.198345576454813,3,0.210475147798206,1.95157828997799,0.761617209844189,1,1.90363541900917
433,149,1,1,1694.70319556128,0.199078085854126,1,0.416565189385437,2.157885479779,0.967141846656887,1,4.75
434,85,1,1,1697.95278694512,0.198744169263591,1,0.397245729540373,1.97211313597472,0.947917498897368,1,4.75
435,370,2,2,1701.03580750601,0.198688565273187,3,0.275953820593713,1.80115515824946,0.826823130440971,1,1.90363541900917
436,450,3,1,1704.06966360464,0.198990875385789,3,0.653510470085166,2.11132855197502,1.20409005387955,1,-4.75
437,59,1,1,1707.03579784848,0.198913029800678,1,0.15746113354362,1.64906537009847,0.708159534284277,1,4.75
438,294,2,6,1710.03565240015,0.199025701042046,3,0.221956493682228,1.8970699916681,0.772703474753143,1,-1.90363541900917
439,145,1,1,1713.21912098287,0.198937612616646,1,0.212348416938767,1.95375182066527,0.762976581061594,1,4.75
440,334,2,6,1716.46888854356,0.198899275128497,3,0.30629223525284,1.84793040487602,0.856957566253186,1,-1.90363541900917
441,172,1,2,1719.52005094496,0.198437469362034,2,0.255802642126582,1.81270088770361,0.806908415253929,1,-4.75
442,420,3,1,1722.58507981075,0.198902786960389,3,0.412491172866794,1.78763782838905,0.96310528966751,1,-4.75
443,305,2,1,1725.4689043468,0.198962780737929,3,0.0891434381010185,1.66367312345938,0.639759018162295,1,1.90363541900917
444,122,1,2,1728.55160972087,0.199112326205068,2,0.221075609426407,1.61311212310284,0.771970380048515,1,-4.75
445,52,1,2,1731.45197556585,0.199000532920763,2,0.252049958135103,1.77662501927807,0.802643296603492,1,-4.75
446,308,2,4,1734.48480855107,0.19928323530803,3,0.144920677981645,1.50383389507988,0.69610956444194,1,1.90363541900917
447,176,1,2,1737.35207538964,0.198568285064539,2,0.224609096636414,1.94845832085957,0.774891930719605,1,-4.75
448,288,2,8,1740.58444680322,0.198562432013205,3,0.22281425838446,1.74795004186308,0.773832235739974,1,-1.90363541900917
449,265,2,1,1743.6179564012,0.198905713485146,3,0.0236688624390808,1.69848912254383,0.57424698297109,1,1.90363541900917
450,212,2,4,1746.80113876971,0.198969219094579,3,0.000429613983214949,1.65866934970472,0.551048705876383,1,1.90363541900917
