PresOrder,TrialNumber,Illusory_Fragmented,Fat_Thin,StimPresTime,StimPresLength,Response,RespScreenOnset_to_Resp,ExpStartOnset_to_Resp,StimOnset_to_Resp,Accuracy,StepLevel
1,64,1,2,167.010018697629,0.198224705743996,2,0.563946677373679,2.31689040509445,1.11554718436673,1,-3.41511417375768
2,70,1,2,170.283139269965,0.19838712839919,2,1.25364331575111,2.77967674087085,1.80960699277784,1,-3.41511417375768
3,20,1,2,173.326584842718,0.198466730133077,2,0.3366685094079,1.84037745269234,0.887814525620342,1,-3.41511417375768
4,329,2,1,176.346039272335,0.198517066522982,3,0.343423535949114,1.97296935830855,0.903733701763485,1,1.38063508753456
5,120,1,2,179.496079760938,0.19820948776578,2,0.887630739262022,2.56703709762769,1.44721570986985,1,-3.41511417375768
6,281,2,1,182.692832712568,0.198296698488775,3,0.352075834698553,1.92229290452997,0.903290039159401,1,1.38063508753456
7,337,2,1,185.777469256025,0.19832479321849,3,0.350367909262786,2.06935447383694,0.901097186984771,1,1.38063508753456
8,297,2,1,189.010972162514,0.198316891575814,3,0.309401111087936,1.82793851117276,0.860016253973299,1,1.38063508753456
9,187,1,1,192.044716566614,0.198353765908905,1,0.604936887822987,2.00184722847007,1.16655287325739,1,3.41511417375768
10,75,1,1,194.957209678283,0.199052037000001,1,0.521796388715302,2.24149146725176,1.07279285902223,1,3.41511417375768
11,9,1,1,198.191201316005,0.198783966456176,1,0.56803007072449,2.30369495444938,1.1187815901103,1,3.41511417375768
12,293,2,5,201.442176510407,0.198182563648515,3,0.309663621217624,1.81325199128696,0.861672672403074,1,-1.38063508753456
13,223,2,7,204.460520905552,0.198376007569095,3,0.292717816828372,1.89026227893373,0.855566165868368,1,-1.38063508753456
14,432,3,1,207.573049369757,0.199085399490286,3,0.832181107991346,2.40148597707048,1.38315416602381,1,-3.41511417375768
15,408,3,1,210.657441840252,0.199108226457611,3,0.76584506166364,2.30125188359125,1.31655765813957,1,-3.41511417375768
16,302,2,6,213.707708579224,0.198662222626808,3,0.328956798794025,1.73097920960754,0.879648031568649,1,-1.38063508753456
17,381,2,5,216.624276597297,0.199046476584044,3,0.630639760891427,2.16601000113769,1.18164530345348,1,-1.38063508753456
18,102,1,2,219.674965927825,0.198299625022628,2,0.398463745068511,1.85210846555674,0.950279059681634,1,-3.41511417375768
19,150,1,2,222.643551630359,0.198312209120559,2,0.319507604746832,2.06668898636781,0.882071201993313,1,-3.41511417375768
20,215,2,7,225.906818561603,0.198404980257692,3,0.291548081057044,1.8118551564512,0.842601326128715,1,-1.38063508753456
21,31,1,1,228.941470776654,0.198247825364888,2,0.787154036084758,2.47295574992313,1.33808495202356,0,3.41511417375768
22,19,1,1,232.141468084241,0.198512091415978,1,0.384916524997607,2.10484104382522,0.936109658412533,1,3.41511417375768
23,34,1,2,235.375662238139,0.198181685689633,1,0.436817440739105,1.83913572417441,0.988256988344801,0,-3.41511417375768
24,141,1,1,238.292259814207,0.198209780419347,2,0.995861295150462,2.49807390142996,1.54616329886085,0,3.41511417375768
25,183,1,1,241.308929646408,0.198312209120559,1,0.587689650399625,2.07313467823224,1.13877216081528,1,3.41511417375768
26,395,2,3,244.30944559441,0.19832479321849,3,0.196190179078258,1.77681049314742,0.75811169469489,1,1.38063508753456
27,113,1,1,247.404805837617,0.19905642680169,1,0.431417692245304,2.00131869636971,0.982373191072838,1,3.41511417375768
28,229,2,5,250.49004115,0.198989116512166,3,0.285621263730718,1.80404511428242,0.836461457103724,1,-1.38063508753456
29,253,2,5,253.523116255699,0.198168516286387,3,0.348470051749246,2.03488428922174,0.899355021099836,1,-1.38063508753456
30,219,2,3,256.723790470678,0.198634127897094,3,0.322245084958922,2.09055341056774,0.873211704614732,1,1.38063508753456
31,222,2,6,260.006346482351,0.198234070654507,3,0.207410804354367,1.94386907153603,0.758466683309962,1,-1.38063508753456
32,235,2,3,263.25731201919,0.198364008778299,3,0.209644335356643,1.61282887295238,0.760612125626722,1,1.38063508753456
33,323,2,3,266.17474512081,0.198312501774126,3,0.409512875434302,1.89512178918812,0.960359799837534,1,1.38063508753456
34,283,2,3,269.174435786132,0.198318940150784,3,0.377880258507503,2.06377854797574,0.928929113777485,1,1.38063508753456
35,263,2,7,272.374482844803,0.198382153292187,3,0.543329243013432,2.0956329962064,1.09433185904345,1,-1.38063508753456
36,39,1,1,275.440887079381,0.198248703325589,2,1.2651103552198,2.71718674596013,1.81588265299615,0,3.41511417375768
37,278,2,6,278.406750227026,0.19834059650384,3,0.3569230535104,1.94317431228592,0.907942058132903,1,-1.38063508753456
38,174,1,2,281.506976711518,0.198237289841927,1,0.644054994261751,2.14689387888939,1.19561570038786,0,-3.41511417375768
39,81,1,1,284.524079963454,0.198392103508013,1,0.387584646347022,2.08991513343062,0.938488930823951,1,3.41511417375768
40,47,1,1,287.740567121382,0.198347034880499,1,0.333182129059423,1.76903527673858,0.884279272147978,1,3.41511417375768
41,77,1,1,290.691220192151,0.198273286214317,1,0.303289629444407,1.85073504299544,0.8641526175943,1,3.41511417375768
42,289,2,1,293.754183700317,0.199271234419939,3,0.303728316941488,1.7235926369558,0.855210006640846,1,1.38063508753456
43,40,1,2,296.688474810295,0.198292308687087,2,0.455385130453578,1.92511115709021,1.00641320733303,1,-3.41511417375768
44,184,1,2,299.672500029998,0.198298454410178,2,0.591217587534629,2.2769859388809,1.14220615619888,1,-3.41511417375768
45,445,3,1,302.872799063276,0.198303722170749,3,0.91527302663053,2.2848717782872,1.46609244161118,1,-3.41511417375768
46,142,1,2,305.756405817834,0.198296698488775,1,0.500035557392039,2.26512381727844,1.063494381493,0,-3.41511417375768
47,92,1,2,309.035912673387,0.199074571313758,3,0.741229688754174,2.17786451375105,1.29194052931052,0,-3.41511417375768
48,125,1,1,311.987758599549,0.1985954976426,1,0.43275980089129,2.18582878427878,0.98368310783917,1,3.41511417375768
49,117,1,1,315.255203158551,0.198445951740723,1,0.310687615579809,1.84647810615752,0.861965911142761,1,3.41511417375768
50,440,3,1,318.305248651526,0.198294357262057,3,0.59464016943457,2.36435030498978,1.14603347779666,1,-3.41511417375768
51,434,3,1,321.59078241188,0.198303429517182,3,0.613814237063707,2.3107364887037,1.17660229949433,1,-3.41511417375768
52,147,1,1,324.803226269978,0.198855373893821,1,0.532661440072843,2.17011241696309,1.08452884699545,1,3.41511417375768
53,228,2,4,327.954922006398,0.198481948113113,3,0.267220971778443,1.98674221417423,0.818908982149878,1,1.38063508753456
54,291,2,3,331.188532902002,0.198223827783295,3,0.290258064724185,1.99313552107378,0.841362816800029,1,1.38063508753456
55,127,1,1,334.405789153152,0.198219437983425,1,0.305523160446683,1.8077682512594,0.855967979032357,1,3.41511417375768
56,157,1,1,337.422430597971,0.198236411881226,1,0.244588325878794,1.64677403730821,0.794841456467111,1,3.41511417375768
57,172,1,2,340.338534760351,0.198244313523901,2,0.345817148378046,1.91488672410014,0.897167436685777,1,-3.41511417375768
58,367,2,7,343.422096095097,0.198287333580083,3,0.20851761963786,1.91099882323942,0.759589887185939,1,-1.38063508753456
59,45,1,1,346.638459460622,0.198328012405909,1,0.280613085529694,1.76671043786519,0.831745347029937,1,3.41511417375768
60,205,2,5,349.638437804269,0.198347327532247,3,0.335623736651542,2.05496207065153,0.886415934861361,1,-1.38063508753456
61,246,2,6,352.872039627617,0.198306648706421,3,0.455349719390142,2.14108763477816,1.00579512328113,1,-1.38063508753456
62,115,1,1,356.071949431829,0.198191928559027,1,0.46490719520807,2.22939493024751,1.02679622629148,1,3.41511417375768
63,441,3,1,359.350657050856,0.199107055845161,3,0.430385503588695,2.15035040858857,0.981144339306411,1,-3.41511417375768
64,168,1,2,362.585720385448,0.199057597414139,2,0.304798550545456,1.69129657469603,0.856251852861533,1,-3.41511417375768
65,12,1,2,365.487051402528,0.19824431352572,2,0.326171030763362,1.86218247468241,0.877206131324783,1,-3.41511417375768
66,364,2,4,368.537364673395,0.198289674806801,3,0.346161894123725,1.93180560437213,0.897252306182054,1,1.38063508753456
67,261,2,5,371.637065259667,0.198255727007563,3,0.326378814699638,1.99198451512166,0.889741648476047,1,-1.38063508753456
68,444,3,1,374.817317825433,0.199287915665991,3,0.448926269185904,2.0195571509721,1.00020983251125,1,-3.41511417375768
69,108,1,2,377.902638592619,0.198608959701232,2,0.454652618911496,1.97427781180704,1.00588291931126,1,-3.41511417375768
70,393,2,1,380.936563856541,0.198288504192533,3,0.328130345496902,1.7482094731331,0.87921022203227,1,1.38063508753456
71,38,1,2,383.871085284771,0.198367520619286,1,0.394897177679013,1.81372550454216,0.945924376597759,0,-3.41511417375768
72,134,1,2,386.804369666941,0.198289967460369,2,0.439463027774764,2.00831779587497,0.990002666072542,1,-3.41511417375768
73,158,1,2,389.887515726465,0.198340889155588,1,0.6168432000959,2.0691821009641,1.16779313850566,0,-3.41511417375768
74,49,1,1,392.853977350382,0.198298454410178,1,0.26742202468813,1.90301523758535,0.818039216146644,1,3.41511417375768
75,181,1,1,396.003446286828,0.198165882404282,3,0.764768974990147,2.21749944615476,1.31576427468281,0,3.41511417375768
76,320,2,8,398.970641300248,0.198229973506386,3,0.440446050655737,1.82593705434374,0.990853702256572,1,-1.38063508753456
77,10,1,2,401.870269074347,0.198293479301356,2,0.485192175265183,1.8542814172979,1.03614269898389,1,-3.41511417375768
78,386,2,2,404.754832220324,0.198265677225208,3,0.338920477573993,1.78579378293034,0.901241757781463,1,1.38063508753456
79,413,3,1,407.715889998599,0.199087740717005,3,0.471037114017236,1.84096480813241,1.0217775125675,1,-3.41511417375768
80,72,1,2,410.601099616009,0.198814695066176,2,0.209608924289569,1.57987434047027,0.761196261879377,1,-3.41511417375768
81,24,1,2,413.486842155324,0.198187831410905,2,0.167224512886605,1.58170400973177,0.728725778171793,1,-3.41511417375768
82,42,1,2,416.415598896228,0.199179926550642,2,0.231179823536877,1.70101822909055,0.781922855969242,1,-3.41511417375768
83,95,1,1,419.400465787205,0.198931463784902,1,0.521735516800618,2.10831220619366,1.07305449119121,1,3.41511417375768
84,361,2,1,422.501275822642,0.198965996889456,3,0.196043267054847,1.83154370881493,0.747198355520595,1,1.38063508753456
85,35,1,1,425.65101839005,0.198816158332193,1,0.897627780535913,2.60157049538248,1.44992099820593,1,3.41511417375768
86,350,2,6,428.869605921667,0.198355229174922,2,0.155892679302269,1.57493025337135,0.706439048630273,0,-1.38063508753456
87,220,2,4,431.803630424369,0.198335914048585,3,0.239676723313096,1.73690310040001,0.801219838038378,1,1.38063508753456
88,2,1,2,434.81560668081,0.199024527575602,2,0.448929195721576,1.88506914376376,0.999595260302158,1,-3.41511417375768
89,226,2,2,437.766865251531,0.198879956780729,3,0.334697488535312,1.8537514219297,0.885424717684145,1,1.38063508753456
90,349,2,5,440.800653846301,0.198627396868687,3,0.375379242268536,1.81183788989802,0.926825228247253,1,-1.38063508753456
91,247,2,7,443.751356668154,0.198263921303806,3,0.424091406202933,2.07694619654285,0.97548442191146,1,-1.38063508753456
92,52,1,2,446.918165027857,0.198258946194983,NaN,NaN,NaN,NaN,0,-3.41511417375768
93,171,1,1,449.969446103627,0.198372495728108,1,0.758742362842895,2.52285550148918,1.32109934676919,1,3.41511417375768
94,255,2,7,453.248397210311,0.198993506312036,3,0.236635761488287,1.73977344527157,0.787629890566677,1,-1.38063508753456
95,233,2,1,456.266190246388,0.198598716831839,3,0.0851369808297022,1.52195266564922,0.636349722022715,1,1.38063508753456
96,79,1,1,459.217430965251,0.198349083451831,1,0.448867153192623,2.21873385833351,1.00000351184099,1,3.41511417375768
97,435,3,1,462.501459316345,0.198320403416801,3,0.552995878562797,2.23898225671473,1.10386270339768,1,-3.41511417375768
98,46,1,2,465.701549687725,0.198279431937408,2,0.203348482049478,1.82247291565727,0.754145948023506,1,-3.41511417375768
99,332,2,4,468.836002869175,0.198385957786741,3,0.321674118111332,1.75201923552413,0.883831512395773,1,1.38063508753456
100,50,1,2,471.780659178447,0.199139833030131,2,0.511245354491621,2.04770280224511,1.06197960732425,1,-3.41511417375768
101,185,1,1,474.832177303499,0.198866494723916,1,0.278517686949272,1.7802052729694,0.829035376240427,1,3.41511417375768
102,5,1,1,477.848817870356,0.198877908207578,1,0.47383136899407,2.22749121966626,1.02538651470604,1,3.41511417375768
103,340,2,4,481.116708140537,0.198191050600144,3,0.25335300354709,1.83913133437454,0.80437669062303,1,1.38063508753456
104,374,2,6,484.216716012914,0.198263335996671,3,0.32194072538914,1.89118530786072,0.873063914632439,1,-1.38063508753456
105,209,2,1,487.30007366087,0.198281480510559,3,0.274233240688773,1.74401984658471,0.825723124684373,1,1.38063508753456
106,109,1,1,490.284514448447,0.198354936521355,1,0.48275320155517,1.95155532130229,1.03318280216081,1,3.41511417375768
107,152,1,2,493.267162733746,0.198436586830212,2,0.213804403907488,1.63300030348182,0.764643719321612,1,-3.41511417375768
108,373,2,5,496.200395023605,0.198227046970715,3,0.155479745310004,1.89170476770414,0.706085523283036,1,-1.38063508753456
109,21,1,1,499.450611660308,0.198222071863711,1,0.592384104118537,2.36127012760699,1.14251256434363,1,3.41511417375768
110,389,2,5,502.733700008575,0.198313965041962,3,0.278527929818665,1.91014310460196,0.841108500968403,1,-1.38063508753456
111,404,3,1,505.879980193216,0.199071937433473,3,0.368167676368103,1.78805511600694,0.919120833968918,1,-3.41511417375768
112,312,2,8,508.814706771504,0.198885224543119,3,0.226732954621184,1.81293534027282,0.778025297548083,1,-1.38063508753456
113,260,2,4,511.915187279175,0.198306063399286,3,0.199758502385521,1.92057561418369,0.751577914148584,1,1.38063508753456
114,248,2,8,531.101584103768,0.198335621396836,3,0.19384163527684,1.79003637974893,0.754569417540552,1,-1.38063508753456
115,151,1,1,534.213745287914,0.198351717333935,2,0.663768422167777,2.10169531207248,1.21473796835926,0,3.41511417375768
116,139,1,1,537.166425861667,0.198214170221036,1,0.580507349843174,2.14908409718373,1.13132120440969,1,3.41511417375768
117,342,2,6,540.249784387584,0.198353765907086,3,0.128451152191701,1.82596368580562,0.690976704492641,1,-1.38063508753456
118,103,1,1,543.462965147026,0.199045598623343,1,0.578873465728975,1.96472501844437,1.12995743941065,1,3.41511417375768
119,140,1,2,546.363965173072,0.198679196526427,2,0.269079321080426,1.68768406071831,0.819713779088488,1,-3.41511417375768
120,344,2,8,549.297901879743,0.198348790798264,3,0.128082408866248,1.69756579653949,0.679562049988817,1,-1.38063508753456
121,43,1,1,552.382035059296,0.198318062190083,1,0.329177752133546,1.78168902587822,0.880784697503259,1,3.41511417375768
122,165,1,1,555.349532091059,0.198286162965815,1,0.249808092510648,1.91805499016664,0.800218377991769,1,3.41511417375768
123,136,1,2,558.53256837628,0.198286455619382,2,0.13301888697606,1.73473278254096,0.683469265975873,1,-3.41511417375768
124,443,3,1,561.649142774197,0.198317769536516,3,0.344378464102192,1.7460558365201,0.895468583506954,1,-3.41511417375768
125,416,3,1,564.565600461925,0.198339425889571,3,0.237867539788567,1.78976830920328,0.788782945095591,1,-3.41511417375768
126,173,1,1,567.632129366866,0.198337084662853,2,0.30708622243219,2.05934865295967,0.857922026003507,0,3.41511417375768
127,211,2,3,570.899454523267,0.1983195254561,3,0.232285175552533,1.69582743514729,0.793773856741609,1,1.38063508753456
128,433,3,1,573.878620525365,0.198982385481941,3,0.364143399010572,2.13264721711494,0.914584998408827,1,-3.41511417375768
129,270,2,6,577.162463334183,0.199109982379014,3,0.196629159227086,1.66471837521203,0.747314246280439,1,-1.38063508753456
130,311,2,7,580.145731752107,0.198995847540573,3,0.190286774024571,1.62548057351887,0.741276513303092,1,-1.38063508753456
131,163,1,1,583.096047686122,0.198955168712928,1,0.40508385837893,2.12322026472793,0.956064818054074,1,3.41511417375768
132,275,2,3,586.329213455854,0.199228507019143,3,0.1370686251812,1.90613287460837,0.688531292407788,1,1.38063508753456
133,180,1,2,589.613264341262,0.198727484341362,2,0.14385789217522,1.62960171916347,0.695311779798431,1,-3.41511417375768
134,26,1,2,592.613731123489,0.198708754523977,2,0.0855572311593278,1.45355955833838,0.636373426952559,1,-3.41511417375768
135,100,1,2,595.496872559088,0.198765236635154,2,0.11790538573041,1.78637850448831,0.669409609745344,1,-3.41511417375768
136,298,2,2,598.680367432238,0.198845716329743,3,0.290362542000366,1.85862497955168,0.841894860741377,1,1.38063508753456
137,388,2,4,601.763448522701,0.198260702116386,3,0.270291198945415,1.63967250910173,0.821326006853269,1,1.38063508753456
138,84,1,2,604.647604880407,0.198338547930689,2,0.266636250218653,1.63523998020355,0.817668131592654,1,-3.41511417375768
139,442,3,1,607.531150470397,0.198310160545589,3,0.418993676052196,2.19973860195387,0.981646825252028,1,-3.41511417375768
140,315,2,3,610.82766283164,0.199143344871118,3,0.301143601820513,1.90326516361711,0.852054032018714,1,1.38063508753456
141,93,1,1,613.945051976714,0.199208021278537,2,0.586532498724409,2.10556682433889,1.1382155339852,0,3.41511417375768
142,401,3,1,616.978941829571,0.198837522031681,3,0.286493956267805,1.90385047048403,0.837210064584724,1,-3.41511417375768
143,101,1,1,620.111627091632,0.199014284706209,1,0.285555416707211,2.00334678466061,0.836342054502893,1,3.41511417375768
144,294,2,6,623.34441914293,0.199425462780709,3,0.189842233461604,1.64256012052647,0.741558338559116,1,-1.38063508753456
145,242,2,2,626.312476606017,0.198276798055304,3,0.0353036615906603,1.7544792802837,0.586464310474184,1,1.38063508753456
146,384,2,8,629.546317819873,0.198273578867884,3,0.235778579582984,1.68830975375749,0.787446396865562,1,-1.38063508753456
147,295,2,7,632.513918743605,0.198232900042058,3,0.141207915337873,1.70496027083209,0.704033437410544,1,-1.38063508753456
148,431,3,1,635.593302157939,0.199020137773914,3,0.220307748497362,1.70551192255516,0.770783588346603,1,-3.41511417375768
149,391,2,7,638.593860248036,0.1989750691464,3,1.11500606816844,2.81675534553506,1.66587728280683,1,-1.38063508753456
150,437,3,1,641.810899057686,0.199076912542296,3,0.853922331534704,2.27193503327908,1.40492641083074,1,-3.41511417375768
151,307,2,3,644.744158856967,0.199155636313662,3,0.237051329364476,1.72238310031753,0.788214026819333,1,1.38063508753456
152,214,2,6,647.744759381811,0.198895467412513,3,0.020567683277477,1.75628290339228,0.572215892778331,1,-1.38063508753456
153,356,2,4,650.995373441878,0.198213877567468,3,0.0956157296550373,1.64726393915589,0.646569472559349,1,1.38063508753456
154,277,2,5,654.06176099521,0.198381275331485,3,0.150133845047094,1.88488184556627,0.700959698402585,1,-1.38063508753456
155,382,2,6,657.312598642498,0.198240801682914,3,0.188278293513577,1.78599600645066,0.749967442305206,1,-1.38063508753456
156,266,2,2,660.426444925111,0.199035355753949,3,0.155066226008785,1.64027771640212,0.706066500810266,1,1.38063508753456
157,317,2,5,663.426888880371,0.199459995885263,3,0.247200257768782,1.79947386765707,0.798930117580312,1,-1.38063508753456
158,188,1,2,666.494147077667,0.198781917881206,2,0.515097844285265,2.08429443159548,1.06678380608173,1,-3.41511417375768
159,175,1,1,669.578514087312,0.198328012407728,1,0.398655433067688,2.16775041110486,0.949431242686842,1,3.41511417375768
160,154,1,2,672.862567606602,0.198231436772403,2,0.269350903465238,1.89983848457086,0.832287926494246,1,-3.41511417375768
161,232,2,8,676.008697952686,0.199029210030858,3,0.229045209394826,1.6976032561779,0.779566410526968,1,-1.38063508753456
162,18,1,2,678.992598794679,0.198955168712928,2,0.307525787888153,2.02594636072172,0.858408123356639,1,-3.41511417375768
163,362,2,2,682.226288414056,0.199224702526408,3,0.175157469495389,1.94404290767488,0.7266704731137,1,1.38063508753456
164,258,2,2,685.510244772406,0.1987921607506,3,0.563623295329307,2.11592968240438,1.11516556428978,1,1.38063508753456
165,316,2,4,688.577626176797,0.198256897621832,3,0.192514159305574,1.76077162174806,0.743434832371349,1,1.38063508753456
166,29,1,1,691.660829889048,0.198229973506386,1,0.528751882859069,2.19723056203111,1.0797629858389,1,3.41511417375768
167,439,3,1,694.844373927976,0.198243142911451,3,0.502373273016929,2.05386549823743,1.05289827864181,1,-3.41511417375768
168,164,1,2,697.910848399377,0.198198366935685,2,0.139322349268696,1.50792607925359,0.690583963587414,1,-3.41511417375768
169,107,1,1,700.794091971025,0.198294649915624,1,0.611784392851405,2.26409953026086,1.16268311691238,1,3.41511417375768
170,400,2,8,703.961216103782,0.198280895203425,3,0.247150799339579,1.64890513960927,0.798841150934095,1,-1.38063508753456
171,54,1,2,706.877939520828,0.198307819320689,2,0.0958949210289575,1.56418284869505,0.647222382369364,1,-3.41511417375768
172,430,3,1,709.861264713518,0.198279139282022,3,0.6300526981031,2.06074782902397,1.19346586826759,1,-3.41511417375768
173,412,3,1,712.807572466112,0.198968630769741,3,0.359918654052308,1.9784214917654,0.910690951828656,1,-3.41511417375768
174,105,1,1,715.941728311675,0.199030673298694,1,0.323484179594743,1.89211536047151,0.874434118004501,1,3.41511417375768
175,68,1,2,719.025688825703,0.198427807226835,2,0.179076976924989,1.84822846634052,0.730224749057015,1,-3.41511417375768
176,334,2,6,722.210021565632,0.198287040924697,3,0.324339312926895,1.76001423466369,0.876006252246952,1,-1.38063508753456
177,256,2,8,725.160326378815,0.198320696070368,3,0.0181793386091158,1.67008388325485,0.569527578341877,1,-1.38063508753456
178,387,2,3,728.327109862978,0.198315428307978,3,0.226137697536615,1.79465532888207,0.777147629902174,1,1.38063508753456
179,341,2,5,731.411819862447,0.198265969876957,3,0.247149336071743,1.91002604322966,0.808338340144473,1,-1.38063508753456
180,428,3,1,734.590557068737,0.198870591870218,3,0.305459654651713,1.92338450183524,0.855603918160341,1,-3.41511417375768
181,178,1,2,737.723934163514,0.199153587740511,2,0.382126659820642,2.13373910707378,0.932958951550972,1,-3.41511417375768
182,355,2,3,740.991070265798,0.198958387900348,3,0.273983607310583,1.8424980194668,0.824793072073589,1,1.38063508753456
183,438,3,1,744.075000636522,0.198289382153234,3,0.321041401388356,2.0069048651003,0.872071526839136,1,-3.41511417375768
184,11,1,1,747.275647049424,0.198380397370784,1,0.482716619875646,2.10204766680727,1.03427322885364,1,3.41511417375768
185,357,2,5,750.409869912623,0.198340011198525,3,0.206519967303393,1.7039740287637,0.769225794123486,1,-1.38063508753456
186,66,1,2,753.423468932351,0.198944925841715,2,0.2412517840894,1.61037351064988,0.79224269398037,1,-3.41511417375768
187,55,1,1,756.30787024098,0.198717826777283,1,0.27070091375208,2.02186472329231,0.821328933385303,1,3.41511417375768
188,425,3,1,759.574490687915,0.198605447860245,3,0.293441548768897,1.97920199847067,0.844872316771216,1,-3.41511417375768
189,352,2,8,762.775031745581,0.198252507820143,3,0.160352132317712,1.74661100008234,0.712182079600097,1,-1.38063508753456
190,301,2,5,765.876460157724,0.198401175764957,3,0.061244754553627,1.72496313298325,0.62398774835674,1,-1.38063508753456
191,146,1,2,769.056220773069,0.199238457236788,2,0.270534393948765,1.67341281605331,0.822035691428027,1,-3.41511417375768
192,36,1,2,771.97415957982,0.198848350211847,2,0.363996194335414,1.88313850906525,0.915772586042294,1,-3.41511417375768
193,213,2,5,775.008107378057,0.198180807728932,3,0.447709416210273,1.8491731516242,0.998454789872994,1,-1.38063508753456
194,284,2,4,777.925083355014,0.198221486556577,3,0.180243493508897,1.82832774023882,0.741940836596768,1,1.38063508753456
195,14,1,2,781.088369337998,0.199036526368218,2,0.208200090663013,1.76093492236396,0.759202706693031,1,-3.41511417375768
196,87,1,1,784.157036661574,0.198977995680252,1,0.148566685913465,1.68426586862006,0.700207579080597,1,3.41511417375768
197,167,1,1,787.207064887998,0.198308989933139,1,0.106697051896845,1.64229468386293,0.657788634569442,1,3.41511417375768
198,319,2,7,790.257887668493,0.198305185438585,3,0.229617346856685,1.81551098313685,0.780542995033102,1,-1.38063508753456
199,368,2,8,793.358800425285,0.198239338415078,3,0.0995841102067061,1.74662095029817,0.662665996684154,1,-1.38063508753456
200,424,3,1,796.521866332887,0.199410830109628,3,0.445118262714459,2.03144385546329,0.996848122525989,1,-3.41511417375768
201,366,2,6,799.623131151759,0.19899292100672,3,0.132341979584453,1.61811331599529,0.684055450801679,1,-1.38063508753456
202,326,2,6,802.623819765287,0.198322451991771,3,0.0189059970834933,1.68837091832575,0.570395003118392,1,-1.38063508753456
203,32,1,2,805.808049491208,0.19839034758661,2,0.326193565077119,2.0570296671558,0.888820960775774,1,-3.41511417375768
204,53,1,1,809.053691076793,0.198884346582417,1,0.276389218530312,1.79551221813381,0.827014896936817,1,3.41511417375768
205,207,2,7,812.088200476966,0.199526135560518,3,0.177220968851543,1.91285161212545,0.728458000281535,1,-1.38063508753456
206,396,2,4,815.339456033358,0.19880474484853,3,0.181661399392397,1.93357235314761,0.732932085968059,1,1.38063508753456
207,377,2,1,818.606498193891,0.198482826071995,3,0.194767298085935,1.94650090385949,0.745951944549233,1,1.38063508753456
208,189,1,1,821.873364469708,0.198316013615113,1,0.648380704657029,2.36738570639682,1.19962827160998,1,3.41511417375768
209,375,2,7,825.107600180392,0.198364594085433,3,0.130130982895935,1.87741567118246,0.692777986374495,1,-1.38063508753456
210,143,1,1,828.370425497607,0.199171439600832,2,0.476893109213052,2.04673148549955,1.0281687708939,0,3.41511417375768
211,411,3,1,831.454784898264,0.199550425795678,3,0.366014917715802,2.00191834325415,0.918118788613356,1,-3.41511417375768
212,274,2,2,834.605566385359,0.198385665133173,3,0.321048132416763,1.73949396124408,0.87181516243254,1,1.38063508753456
213,239,2,7,837.538567479005,0.198379812063649,3,0.219733269806966,1.63858442363744,0.770731203381729,1,-1.38063508753456
214,216,2,8,840.47188054121,0.198697048386748,3,0.199785133849218,1.56885125625922,0.751279407646507,1,-1.38063508753456
215,86,1,2,843.355203129286,0.198413174553934,1,0.424544141062142,2.09355691275232,0.975760394097961,0,-3.41511417375768
216,338,2,2,846.539721118837,0.198336206702152,3,0.193526154876963,1.62905270132433,0.743920344417347,1,1.38063508753456
217,448,3,1,849.489554174688,0.198368983887121,3,0.321151439078676,1.82330522201846,0.872066259078565,1,-3.41511417375768
218,116,1,2,852.506576068969,0.198222657169026,2,0.177866562326017,1.64622648273689,0.728913954329983,1,-3.41511417375768
219,22,1,2,855.490060172473,0.198236119227658,2,0.219400230200335,1.87080697135571,0.770380311916597,1,-3.41511417375768
220,119,1,1,858.656414919356,0.198239338415078,1,0.135926398832453,1.50420703942655,0.686395507651469,1,3.41511417375768
221,58,1,2,861.539380470242,0.198306648706421,2,0.28490104363118,1.85342979580673,0.83581996077919,1,-3.41511417375768
222,420,3,1,864.622639201338,0.19833006097906,3,0.401230490624584,1.76994455095337,0.952249787898836,1,-3.41511417375768
223,398,2,6,867.505715667876,0.198326549138073,3,0.285938207398431,2.05465127270509,0.837228209098612,1,-1.38063508753456
224,351,2,7,870.789725581802,0.198330353634447,3,0.166387816720089,1.94674907397166,0.729084571283238,1,-1.38063508753456
225,190,1,2,874.085943533692,0.198876152286175,2,0.149115411099046,1.6505372678057,0.699303572624558,1,-3.41511417375768
226,85,1,1,915.601535376973,0.19837337368881,1,0.451405921725382,2.31847044097776,1.01065756007301,1,3.41511417375768
227,343,2,7,918.984703005053,0.199010187558088,3,0.231025009870791,1.59961674106489,0.781960608261215,1,-1.38063508753456
228,225,2,1,921.868541541131,0.19887556698086,3,0.0199572082146915,1.77259482044428,0.571434800765928,1,1.38063508753456
229,369,2,1,925.135842407297,0.198355229174922,3,0.174604354508119,1.7444114168793,0.726066436425754,1,1.38063508753456
230,37,1,1,928.220198588768,0.198303136865434,1,0.840948419539927,2.25994092497785,1.39199610419746,1,3.41511417375768
231,259,2,3,931.153879516338,0.198363423471164,3,0.153021163818266,1.53402052261481,0.715678995473354,1,1.38063508753456
232,106,1,2,934.050723863635,0.198819962826747,2,0.139011258670507,1.74109887266968,0.689854963886319,1,-3.41511417375768
233,153,1,1,937.167875666775,0.198727191687794,1,0.535288882594614,2.28828002016962,1.08658649328208,1,3.41511417375768
234,304,2,8,940.435484404354,0.198205390617659,3,0.234866671486088,1.6204018658409,0.785597705127657,1,-1.38063508753456
235,330,2,2,943.335816887919,0.198340011196706,3,0.203107628274665,1.65595750203829,0.754312175173254,1,1.38063508753456
236,279,2,7,946.303218807316,0.198287040924697,3,0.119428646848974,1.80056107516066,0.68156321416609,1,-1.38063508753456
237,318,2,6,949.499943371562,0.198946096455984,3,0.202786002151697,1.57209385629722,0.753878170131429,1,-1.38063508753456
238,198,1,2,952.384395894542,0.198719582700505,2,0.242638668707514,1.92755334998947,0.793033443556851,1,-3.41511417375768
239,74,1,2,955.585068060946,0.198160321990144,2,0.212556237014724,1.6146740528493,0.763190695026424,1,-3.41511417375768
240,288,2,8,958.501585449974,0.198121106428516,3,0.233174841989239,1.8020881407756,0.783946847113839,1,-1.38063508753456
241,88,1,2,961.585013920061,0.198227046972534,2,0.115316573461314,1.75077926292943,0.666420740231843,1,-3.41511417375768
242,111,1,1,964.73518024964,0.19836078958906,1,0.237868417749269,1.84059635746053,0.7892980151355,1,3.41511417375768
243,299,2,3,967.852502669732,0.198354643869607,3,0.192515915226977,1.81126838631826,0.743763774831677,1,1.38063508753456
244,327,2,7,970.986198171444,0.198319525457919,3,0.31930596653001,2.03765015681711,0.869928133097346,1,-1.38063508753456
245,314,2,2,974.219619427624,0.198180222421797,3,0.0346159260243439,1.43601527767896,0.585025918851898,1,1.38063508753456
246,149,1,1,977.136053410422,0.198219730635174,1,0.181708223941314,1.78351079349886,0.732352339515273,1,3.41511417375768
247,394,2,2,980.252765648107,0.19820626857836,3,0.114988508963506,1.88298720724015,0.665550681575041,1,1.38063508753456
248,202,2,2,983.535434038697,0.198308111972437,3,0.172137871373707,1.62420343393751,0.723290033305602,1,1.38063508753456
249,60,1,2,986.502110470234,0.198325963830939,2,0.158841162641693,1.77751344669377,0.709438746318483,1,-3.41511417375768
250,57,1,1,989.635225932841,0.198316891575814,1,0.236927536961957,1.97221548306334,0.787918739506495,1,3.41511417375768
251,110,1,2,992.885307071005,0.198203634698075,2,0.129336721478467,1.71429152554811,0.680424792311896,1,-3.41511417375768
252,236,2,4,995.984812457438,0.198190172639443,3,0.209234035242844,1.71065355071914,0.759932584354829,1,1.38063508753456
253,414,3,1,999.000940002828,0.198208902458646,3,0.534843464069127,2.07056342516807,1.08589905036933,1,-3.41511417375768
254,276,2,4,1002.05182599646,0.198332402207598,3,0.102659312482501,1.68339932180606,0.66547898148383,1,1.38063508753456
255,257,2,1,1005.14761497695,0.199193388607455,3,0.0250028460541216,1.42780225173374,0.576146813691594,1,1.38063508753456
256,250,2,2,1008.06581717179,0.199049988425031,3,0.0552620404214395,1.77338498471363,0.606388448852158,1,1.38063508753456
257,78,1,2,1011.29897708846,0.198949022991656,2,0.176929778686826,1.58019069883085,0.729054427978554,1,-3.41511417375768
258,363,2,3,1014.21674205907,0.1985785237448,3,0.242374695309991,1.91040268819779,0.793180355580262,1,1.38063508753456
259,194,1,2,1017.39945203571,0.198164419136447,2,0.120995805982602,1.83992003537605,0.67176166538593,1,-3.41511417375768
260,159,1,1,1020.63339889746,0.198298161754792,1,0.0236142055146047,1.74179802172148,0.574493907100987,1,3.41511417375768
261,231,2,7,1023.86636215101,0.198606911128081,3,0.16459765567015,1.91676409587308,0.716127925839828,1,-1.38063508753456
262,41,1,1,1027.13316989615,0.198348790800082,1,0.222770719790788,1.64207753501432,0.773959756055774,1,3.41511417375768
263,206,2,6,1030.06708465381,0.198244606179287,3,0.0502085009375151,1.66819802453028,0.60130447341362,1,-1.38063508753456
264,4,1,2,1033.20012197795,0.198242557604317,2,0.0865534234453662,1.67094838149387,0.637058235985023,1,-3.41511417375768
265,365,2,5,1036.2989384582,0.198238167802629,3,0.185624512183495,1.78839459398841,0.736215657485445,1,-1.38063508753456
266,244,2,4,1039.4167001511,0.198224413090429,3,0.0909991217467905,1.52644109135144,0.641788978729892,1,1.38063508753456
267,418,3,1,1042.36773074479,0.198213292260334,3,0.426366493989917,1.82325195909652,0.987535012325679,1,-3.41511417375768
268,234,2,2,1045.28034296641,0.198936146240158,3,0.131239261449082,1.5666847428929,0.682009803305846,1,1.38063508753456
269,99,1,1,1048.23119709009,0.198973605878564,1,0.137874592735898,1.62374660192836,0.689380572670416,1,3.41511417375768
270,385,2,1,1051.23207797692,0.198276505401736,3,0.183671343169408,1.90276355563401,0.734916276242075,1,1.38063508753456
271,129,1,1,1054.46570291989,0.198486337912982,1,0.230490332047339,1.94915819703238,0.781345743400379,1,3.41511417375768
272,249,2,1,1057.6988537643,0.198383616558203,3,0.202701717962555,1.80404130978786,0.753556836662028,1,1.38063508753456
273,200,1,2,1060.81478666589,0.19854252737241,2,0.206261261670079,1.79189707027581,0.757510291889048,1,-3.41511417375768
274,449,3,1,1063.91495344908,0.198267140491225,3,0.315031763140723,2.08394910054449,0.866136222563,1,-3.41511417375768
275,25,1,1,1067.19873626395,0.198229680851,1,0.107556282377118,1.57585942801961,0.658622989507421,1,3.41511417375768
276,63,1,1,1070.1817386599,0.198272408253615,1,0.303550091000943,1.8891335146418,0.854876089071695,1,3.41511417375768
277,417,3,1,1073.28230871952,0.198230851467088,3,0.33795325797837,2.05262347706957,0.901434031087774,1,-3.41511417375768
278,182,1,2,1076.51285114388,0.198824937935569,2,0.160065624604613,1.64604152576794,0.710930986175299,1,-3.41511417375768
279,392,2,8,1079.51409111648,0.198753530497925,3,0.0662567372473859,1.68456788696312,0.617245305913457,1,-1.38063508753456
280,267,2,3,1082.64739358463,0.198950193604105,3,0.200831369873413,1.91923057900567,0.752181658181144,1,1.38063508753456
281,241,2,1,1085.88063632221,0.198450341540592,3,0.122299869681228,1.75807189382795,0.67358460361902,1,1.38063508753456
282,94,1,2,1089.03128611526,0.198339133236004,2,0.250965536839431,1.68714528574856,0.801722031330428,1,-3.41511417375768
283,196,1,2,1091.98267696534,0.198313379734827,2,0.0569752336177771,1.70386984414108,0.61917155080846,1,-3.41511417375768
284,300,2,4,1095.14518390488,0.199041501475222,3,0.339370871208303,1.74116384173249,0.889810129379839,1,1.38063508753456
285,406,3,1,1098.06234161962,0.198968338116174,3,0.2945270003529,1.89606501120397,0.84515326406472,1,-3.41511417375768
286,126,1,2,1101.17941469899,0.199393856210008,2,0.32096911599001,1.92296454415919,0.872359497820071,1,-3.41511417375768
287,161,1,1,1104.29596948913,0.199484286120423,1,0.139212311578376,1.55852849171242,0.691264968125324,1,3.41511417375768
288,71,1,1,1107.23005281517,0.19872543576821,1,0.687440573061394,2.25657014273565,1.23912214505617,1,3.41511417375768
289,264,2,8,1110.3143765121,0.198320696070368,3,0.0980078788161336,1.70017187536178,0.649234960026661,1,-1.38063508753456
290,268,2,4,1113.43143320288,0.198221779210144,3,0.0184122907412529,1.71599067137868,0.581567340579568,1,1.38063508753456
291,402,3,1,1116.64487208265,0.198966289543023,3,0.348397473697332,1.81727685395163,0.899550220938181,1,-3.41511417375768
292,436,3,1,1119.62951363048,0.198169394245269,3,0.223119562680949,1.60868021788519,0.773725633309368,1,-3.41511417375768
293,128,1,2,1122.52950926995,0.198944633188148,2,0.216021838970846,1.6849594572559,0.767667707244982,1,-3.41511417375768
294,132,1,2,1125.51333138816,0.198299332369061,2,0.0807656164979562,1.51682128035463,0.6320816643547,1,-3.41511417375768
295,30,1,2,1128.46442051255,0.198326256486325,2,0.117425726753936,1.48574587556141,0.668009848373913,1,-3.41511417375768
296,98,1,2,1131.34762808782,0.198343230385944,2,0.0203721907819272,1.73877315583741,0.571304862642137,1,-3.41511417375768
297,193,1,1,1134.58104788074,0.198337962623555,1,0.436118876996261,1.83323846484564,0.99829880559264,1,3.41511417375768
298,345,2,1,1137.49381579398,0.199083058263568,3,0.207494210584628,1.59246136462571,0.758077746895651,1,1.38063508753456
299,370,2,2,1140.39428260547,0.199302548337073,3,0.017269186431804,1.51965036108959,0.568415202642427,1,1.38063508753456
300,290,2,2,1143.41137854107,0.198979458948088,3,0.226216713963368,1.81076736364048,0.776946869647873,1,1.38063508753456
301,359,2,7,1146.51135100238,0.199360786371471,3,0.135787973758852,1.85458343564096,0.687368287663048,1,-1.38063508753456
302,227,2,3,1149.74530518046,0.198249873939858,3,0.0895057112775248,1.70853356925181,0.640509205268245,1,1.38063508753456
303,144,1,2,1152.88002760307,0.198393274122282,2,0.205342622544777,1.77418246531852,0.756159696295072,1,-3.41511417375768
304,1,1,1,1155.96404167268,0.19826977437333,1,0.0346779685514775,1.69811832622145,0.596538904908812,1,3.41511417375768
305,13,1,1,1159.1437282467,0.199436876264372,1,0.363396254797408,1.98241767439504,0.91471581449332,1,3.41511417375768
306,426,3,1,1162.27823556904,0.198203342042689,3,0.381685631096843,2.15156989544448,0.933127519927439,1,-3.41511417375768
307,240,2,8,1165.56434234482,0.198238753107944,3,0.0195085705017846,1.64908014636239,0.580160555526163,1,-1.38063508753456
308,48,1,2,1168.71006619528,0.198749433349803,2,0.137970290410522,1.80789321427437,0.689409545359013,1,-3.41511417375768
309,17,1,1,1171.89529123553,0.198400297804255,1,0.213714559302389,1.96644026021568,0.76514298607799,1,3.41511417375768
310,76,1,2,1175.16353122656,0.198218560020905,2,0.227737341203465,1.67439700955038,0.789781478606528,1,-3.41511417375768
311,292,2,4,1178.12624688653,0.198661637319674,3,0.0542052688742842,1.4234993683076,0.604843824032287,1,1.38063508753456
312,123,1,1,1181.0109496282,0.198893418837542,1,0.289395615056492,1.67492759022571,0.840895156614351,1,3.41511417375768
313,303,2,7,1183.91195492201,0.198316598922247,3,0.267645026604441,1.8699199388011,0.81890049519825,1,-1.38063508753456
314,3,1,1,1187.02973710064,0.198333280168299,1,0.191922999369126,1.95974171578564,0.742290264795884,1,3.41511417375768
315,429,3,1,1190.31335661489,0.198311916466992,3,0.352672262395572,2.13245143196764,0.915130504408808,1,-3.41511417375768
316,176,1,2,1193.60934951629,0.198816743639327,2,0.0978595035267062,1.68430888867624,0.64886065628707,1,-3.41511417375768
317,69,1,1,1196.71141503495,0.198330646286195,1,0.277623630710877,1.84633441332153,0.828465287351719,1,3.41511417375768
318,306,2,2,1199.79543466497,0.198197488974984,3,0.0199522331058688,1.76729867126596,0.582190107084898,1,1.38063508753456
319,186,1,2,1203.05903931828,0.198687976127985,2,0.0914975105442863,1.61066616408243,0.642258980142287,1,-3.41511417375768
320,419,3,1,1206.09348111551,0.198368691233554,3,0.48100635321498,1.9999069362093,1.0320932534305,1,-3.41511417375768
321,331,2,3,1209.1277572709,0.198297869103044,3,0.380589058682745,1.74963908515383,0.93100519723157,1,1.38063508753456
322,415,3,1,1212.01155337223,0.198410833327216,3,0.346851385611444,1.88202467009978,0.897521547340148,1,-3.41511417375768
323,309,2,5,1215.06207237846,0.198204512658776,3,0.255742518826082,1.71926429268024,0.818118232573397,1,-1.38063508753456
324,321,2,1,1218.04114970657,0.198870591872037,3,0.211827237313628,1.58019567393785,0.76239818952854,1,1.38063508753456
325,238,2,6,1220.92506550316,0.198828449776556,3,0.139385269756531,1.57621236806153,0.691184781084303,1,-1.38063508753456
326,179,1,1,1223.87643118503,0.198567110261138,1,0.405688480370372,1.84107308990133,0.956905904020459,1,3.41511417375768
327,148,1,2,1226.82752645514,0.198391518200879,2,0.250163373779287,1.89795467442127,0.813210434500434,1,-3.41511417375768
328,33,1,1,1229.9913260449,0.199243432343792,1,0.193119951909466,1.6299169069116,0.745187241129315,1,3.41511417375768
329,353,2,1,1232.94337653581,0.198358741017728,3,0.204727172373168,1.97415255613669,0.75550942036898,1,1.38063508753456
330,403,3,1,1236.22859657168,0.19834264507881,3,0.316403722434188,1.91267836129191,0.877233933399111,1,-3.41511417375768
331,286,2,6,1239.340938323,0.1988067934235,3,0.298176973969021,1.98420198237545,0.848943711331231,1,-1.38063508753456
332,212,2,4,1242.54225754614,0.198471412588333,3,0.0176136395239155,1.67000018437102,0.568847744416416,1,1.38063508753456
333,336,2,8,1245.7099868862,0.198335621395017,3,0.179167406835404,1.83137923758477,0.730476723663742,1,-1.38063508753456
334,354,2,2,1248.87738611318,0.198313672388394,3,0.201034471354433,1.83154751330949,0.76339408916283,1,1.38063508753456
335,210,2,2,1252.02347870698,0.199148027324554,3,0.175683660369032,1.66168999748515,0.726870062753733,1,1.38063508753456
336,346,2,2,1255.02519160752,0.198366642658584,3,0.154307083003005,1.72384022176084,0.705428808980287,1,1.38063508753456
337,305,2,1,1258.1107977118,0.19819251386798,3,0.0826871789413417,1.64605849966392,0.644995875050881,1,1.38063508753456
338,262,2,6,1261.18994407686,0.198957217287898,3,0.193812662586424,1.66293084804238,0.744816449230711,1,-1.38063508753456
339,265,2,1,1293.46383227915,0.198239338415078,3,0.200780448176374,2.27682819868096,0.757683835374337,1,1.38063508753456
340,170,1,2,1297.05625296495,0.198182270996767,2,0.223062787916206,1.86065072661586,0.773884251470008,1,-3.41511417375768
341,91,1,1,1300.20893786997,0.198231144118836,1,0.332192667803611,1.88364040970373,0.882552909544756,1,3.41511417375768
342,15,1,1,1303.27512290713,0.198313379733008,1,0.428482085659198,2.11371371060886,0.979458362879086,1,3.41511417375768
343,383,2,7,1306.47523698344,0.198265969876957,3,0.144399886334213,1.52951365974513,0.694943036471159,1,-1.38063508753456
344,82,1,2,1309.37508658884,0.198306063397467,2,0.0989575392068218,1.71746652264119,0.649559805338868,1,-3.41511417375768
345,124,1,2,1312.50825970417,0.19833942589139,2,0.136624084616415,1.68857080062116,0.687391114632192,1,-3.41511417375768
346,27,1,1,1315.57494781258,0.19821680410314,1,0.16611389310674,1.81350777038642,0.728227096724368,1,3.41511417375768
347,89,1,1,1318.7380198659,0.199050866385733,2,0.233240103705612,1.61854468715501,0.783864026190713,0,3.41511417375768
348,325,2,5,1321.63905910751,0.198733630064453,3,0.194999664912757,1.5976518659154,0.74642692107227,1,-1.38063508753456
349,97,1,1,1324.55647845442,0.198382153290368,2,0.399335559644896,1.93592996920415,0.950920848659734,0,3.41511417375768
350,221,2,5,1327.60799540885,0.198351717335754,3,0.15915752100409,1.55658146842325,0.72185222699045,1,-1.38063508753456
351,6,1,2,1330.5214841275,0.198686220208401,2,0.15708933919268,1.81108430730819,0.708871583965447,1,-3.41511417375768
352,407,3,1,1333.69030447956,0.198203927349823,3,0.406894505169475,2.02582929934943,0.958373560986729,1,-3.41511417375768
353,114,1,2,1336.82406114584,0.198220023288741,2,0.23962667957494,1.72427247088126,0.790024673611697,1,-3.41511417375768
354,130,1,2,1339.82353524762,0.198270359680464,2,0.227820162124772,1.79672760784342,0.778674402863544,1,-3.41511417375768
355,203,2,3,1342.90722915437,0.198324207911355,3,0.288772848551162,1.85718717323289,0.839845116095603,1,1.38063508753456
356,252,2,4,1345.99061723828,0.198327427098775,3,0.354621626913286,1.78976743124258,0.905365829961738,1,1.38063508753456
357,397,2,5,1348.94041634633,0.198383909211771,3,0.0180772025614715,1.63236319695898,0.580770152626428,1,-1.38063508753456
358,243,2,3,1352.07068429104,0.199299036497905,3,0.0155454577106866,1.45323968813682,0.568510900317051,1,1.38063508753456
359,348,2,4,1355.02327384957,0.198471997895467,3,0.42472939068648,1.87674256828541,0.976078215728194,1,1.38063508753456
360,376,2,8,1357.99036087388,0.198237582495494,3,0.0170669629096665,1.56823814731615,0.567738880559773,1,-1.38063508753456
361,7,1,1,1361.05627579191,0.198218267369157,1,0.414503494426754,1.89994442511306,0.965173948810843,1,3.41511417375768
362,371,2,3,1364.0568031534,0.198289674806801,3,0.111095632997603,1.67516317623813,0.673767804668387,1,1.38063508753456
363,122,1,2,1367.13627758295,0.199011650824104,2,0.208905970743217,1.61181599942211,0.760169633635087,1,-3.41511417375768
364,409,3,1,1370.0540668438,0.198841911835189,3,0.331566974762609,1.91797714435234,0.883098122892989,1,-3.41511417375768
365,197,1,1,1373.15566177575,0.198281773164126,1,0.45586391147117,2.22445874479308,1.00647554251373,1,3.41511417375768
366,218,2,2,1376.43921515032,0.198247240057754,3,0.228710999173927,1.79681862305915,0.779541827638241,1,1.38063508753456
367,90,1,2,1379.52238520742,0.198256312314697,2,0.248548219482473,2.01738419923095,0.799481476647998,1,-3.41511417375768
368,51,1,1,1382.80642116751,0.198351717335754,1,0.299104685353086,1.82959434429722,0.861490056660841,1,3.41511417375768
369,156,1,2,1385.85245584518,0.199023356963153,2,0.230371222100075,1.79949698727978,0.781293651089072,1,-3.41511417375768
370,96,1,2,1388.93686353366,0.199405269693671,2,0.0574891330470564,1.64313635513645,0.609270207207373,1,-3.41511417375768
371,73,1,1,1392.03745085983,0.198786600336462,1,0.197923858015201,1.9506015637653,0.749703468909502,1,3.41511417375768
372,192,1,2,1395.30473738598,0.198142177476257,2,0.723416459590226,2.4912474674511,1.27396399953068,1,-3.41511417375768
373,28,1,2,1398.58770925818,0.198338840582437,2,0.222900950568146,1.60797433780681,0.77389566495367,1,-3.41511417375768
374,137,1,1,1401.48813304962,0.19833532874145,1,0.434812764722665,2.2037766340236,0.98582094116864,1,3.41511417375768
375,358,2,6,1404.77213155006,0.198315720961546,3,0.301878161937566,1.70347768854117,0.852966818074492,1,-1.38063508753456
376,379,2,3,1407.68865859665,0.198344108344827,3,0.406455525018828,1.98726899035501,0.969019414920695,1,1.38063508753456
377,422,3,1,1410.78526964063,0.199019259815032,3,0.321758402300475,1.69061381423671,0.872679368019817,1,-3.41511417375768
378,296,2,8,1413.66945584899,0.199251333988286,3,0.182734559530218,1.93428730548476,0.733560412887527,1,-1.38063508753456
379,335,2,7,1416.93666862647,0.198219437983425,3,0.0326387594304833,1.43517770355538,0.583929639091366,1,-1.38063508753456
380,271,2,7,1419.85491354871,0.19824753271314,3,0.192276817371749,1.9564517058916,0.753342907002661,1,-1.38063508753456
381,195,1,1,1423.13471627689,0.198986775283629,1,0.341691612933573,2.06068373792186,0.892592092912309,1,3.41511417375768
382,23,1,1,1426.36900671376,0.199165879184875,1,0.0788657104112644,1.51430387552136,0.630251117132502,1,3.41511417375768
383,169,1,1,1429.31971187684,0.198362838165849,1,0.279582945444417,1.93177194922828,0.830665748515457,1,3.41511417375768
384,310,2,6,1432.48693726769,0.198398249229285,3,0.166659691760287,1.85269523568968,0.718182060285471,1,-1.38063508753456
385,177,1,1,1435.68818888789,0.198237289841927,1,0.452775247138561,1.98730849856838,1.00311558844987,1,3.41511417375768
386,380,2,4,1438.73802747489,0.198214755526351,3,0.0183537600551062,1.61537320190109,0.580564124609737,1,1.38063508753456
387,131,1,1,1441.85119099704,0.199179633897074,1,0.256487907119663,1.79238082640222,0.807654701726278,1,3.41511417375768
388,308,2,4,1444.90241149355,0.198721338620089,3,0.0917626545542589,1.66109649632381,0.643497489470974,1,1.38063508753456
389,230,2,6,1447.98705213416,0.198221193903009,3,0.231569930561818,1.60017658708057,0.783162535912197,1,-1.38063508753456
390,269,2,5,1450.87092286212,0.198336499355719,3,0.274267188488011,1.98812412368716,0.836787180374813,1,-1.38063508753456
391,378,2,2,1454.10085744529,0.199453264856857,3,0.200984427618096,1.68641453012606,0.751961582798685,1,1.38063508753456
392,191,1,1,1457.1011992645,0.199102373389906,2,0.379253973722371,1.99800029909238,0.930549828490257,0,3.41511417375768
393,333,2,5,1460.23516722656,0.198166467711417,3,0.198716363513086,1.76785676136387,0.749675374179787,1,-1.38063508753456
394,217,2,1,1463.3192351444,0.198231436772403,3,0.13058283979808,1.49976280439296,0.682092038920018,1,1.38063508753456
395,287,2,7,1466.20417054554,0.198307526665303,3,0.138451412653012,1.73518551740017,0.701162214578289,1,-1.38063508753456
396,254,2,6,1469.31695039905,0.199396490090294,3,0.247659138352901,1.73433389591082,0.799764765170039,1,-1.38063508753456
397,313,2,1,1472.31882221041,0.198308697279572,3,0.191596690792721,1.66010879098758,0.742716953502168,1,1.38063508753456
398,104,1,2,1475.30268968991,0.198292308687087,2,0.372112937300699,1.83659198053465,0.934606297727441,1,-3.41511417375768
399,251,2,3,1478.28337427067,0.198594619683718,3,0.183469412300838,1.90365527064387,0.734747415212041,1,1.38063508753456
400,399,2,7,1481.51866704556,0.198203634696256,3,0.119296367498464,1.68432469195977,0.682470147154163,1,-1.38063508753456
401,285,2,5,1484.60001094524,0.198729240262765,3,0.173494905342523,1.64317235150702,0.724860118974902,1,-1.38063508753456
402,160,1,2,1487.58527086977,0.198366642660403,2,0.285907186134864,1.81751829303539,0.849151202615758,1,-3.41511417375768
403,410,3,1,1490.63303571455,0.199278550757299,3,0.630195512980208,2.03413304786045,1.18283552496541,1,-3.41511417375768
404,62,1,2,1493.55190457391,0.198313965041962,2,0.221321207336587,1.70698513993557,0.772521657087054,1,-3.41511417375768
405,360,2,8,1496.55297100302,0.19830255155648,3,0.164369093337882,1.77789594473143,0.726797192048252,1,-1.38063508753456
406,282,2,2,1499.68217281127,0.199038282287802,3,0.315798222482044,1.98481421335782,0.866700458382184,1,1.38063508753456
407,121,1,1,1502.86649091853,0.19884074122092,1,0.594744646708932,2.06447564845439,1.14631559570626,1,3.41511417375768
408,423,3,1,1505.85144560553,0.19836810592642,3,0.924445663182269,2.54351185875748,1.47595222842392,1,-3.41511417375768
409,328,2,8,1508.9855341408,0.198414637823589,3,0.374630049478583,1.90529003272241,0.93724456842574,1,-1.38063508753456
410,80,1,2,1512.03292204795,0.198703486759769,2,0.18086801593563,1.63400176353025,0.732419649804797,1,-3.41511417375768
411,390,2,6,1515.00187268932,0.198242557604317,3,0.294291999645793,1.82500934295967,0.857270579463147,1,-1.38063508753456
412,83,1,1,1518.04873557621,0.198641736886202,1,0.24672879308855,1.66586001625365,0.797346862505947,1,3.41511417375768
413,118,1,2,1520.98378348797,0.198174369354092,2,0.0954184812399035,1.51479553328863,0.646665755539289,1,-3.41511417375768
414,166,1,2,1523.91841875838,0.198354351214221,2,0.16827718728382,1.73226542144585,0.730864196808398,1,-3.41511417375768
415,339,2,3,1526.99839508857,0.199276209530581,3,0.259443999448195,1.81218556217573,0.810841112306662,1,1.38063508753456
416,112,1,2,1530.06643584115,0.198224413090429,2,0.122438587408396,1.8080919259537,0.673454958148795,1,-3.41511417375768
417,208,2,8,1533.26715190557,0.198394152082983,3,0.295257170668265,1.83135611796388,0.847033269721578,1,-1.38063508753456
418,372,2,4,1536.31836684166,0.198201293469538,3,0.080118852412852,1.46031195100113,0.642174403301397,1,1.38063508753456
419,427,3,1,1539.21457203386,0.19928586709284,3,0.254440503704245,1.92371783409544,0.805683973507257,1,-3.41511417375768
420,155,1,1,1542.40052139136,0.198334158129001,2,0.686638995308385,2.21787960296388,1.24878702468413,0,3.41511417375768
421,204,2,4,1545.44797046308,0.199450338321185,3,0.202787172765966,1.72237373540702,0.754677991964854,1,1.38063508753456
422,273,2,1,1548.48332153452,0.198365764697883,3,0.0787884499059146,1.8312217900384,0.630145469242052,1,1.38063508753456
423,447,3,1,1551.75101250772,0.19829523522094,3,0.244039600691394,1.69125384729523,0.8057375290864,1,-3.41511417375768
424,8,1,2,1554.71430908475,0.198866494723916,2,0.44424995998088,1.86397702553586,0.995610491158004,1,-3.41511417375768
425,145,1,1,1557.6498120726,0.198235241268776,1,0.291498037318888,1.96039872274378,0.841998167405109,1,3.41511417375768
426,324,2,4,1560.83448897297,0.198213584913901,3,0.149287783973705,1.6959248887415,0.710856066894848,1,1.38063508753456
427,405,3,1,1563.89722333349,0.198705242681172,3,0.346280418763854,1.83324958567573,0.897966380558501,1,-3.41511417375768
428,65,1,1,1566.8994021383,0.198349376107217,1,0.310533387220858,2.06303403764286,0.861676769551195,1,3.41511417375768
429,67,1,1,1570.16694239498,0.1983057707439,1,0.276825857452422,1.90745332689949,0.838802684567781,1,3.41511417375768
430,133,1,1,1573.31375872071,0.199123737091213,1,0.210872309162369,1.63246708892621,0.765001049161583,1,3.41511417375768
431,347,2,3,1576.25151894448,0.19839883453642,3,0.194107949901081,1.60652658127219,0.755349631592253,1,1.38063508753456
432,199,1,1,1579.18011999376,0.199078375808313,1,0.172919841346811,1.75782899147816,0.723672531343254,1,3.41511417375768
433,44,1,2,1582.28059786755,0.198969801385829,2,0.116894853426857,1.56929638213114,0.668278211573124,1,-3.41511417375768
434,135,1,1,1585.24881658268,0.198356692442758,1,0.242048679387153,1.76130015384842,0.793361508056478,1,3.41511417375768
435,322,2,2,1588.28319897126,0.198334158127182,3,0.275217726839401,1.83897300886747,0.83746525837887,1,1.38063508753456
436,446,3,1,1591.36362335386,0.1987444582428,3,0.259255237984689,1.84614009144207,0.811234438520842,1,-3.41511417375768
437,280,2,8,1594.46664409333,0.198297869103044,3,0.135417767165563,1.8155267864222,0.696900595286934,1,-1.38063508753456
438,61,1,1,1597.66335870736,0.198742702321397,1,0.216125145632759,1.83470465854407,0.766934610395765,1,3.41511417375768
439,421,3,1,1600.79732315758,0.198894296800063,3,0.328240383189041,1.78060123306568,0.879827428123463,1,-3.41511417375768
440,224,2,8,1603.76538530312,0.198289089499667,3,0.0758399665664911,1.64446178253456,0.62733102117636,1,-1.38063508753456
441,245,2,5,1606.84921061126,0.198323915257788,3,0.0189033632032078,1.73271435181232,0.581707814228139,1,-1.38063508753456
442,138,1,2,1610.07921221208,0.199204509439369,2,0.464171171821363,1.86684093203257,1.01556535814598,1,-3.41511417375768
443,450,3,1,1612.99727247,0.198331231595148,3,0.261558420503206,1.78062610860798,0.812976604407595,1,-3.41511417375768
444,56,1,2,1616.03177162731,0.198312794427693,2,0.322880142908616,1.85798055669147,0.873501431513432,1,-3.41511417375768
445,59,1,1,1619.08263303806,0.198475509736454,2,0.531983947374101,2.09527420309678,1.09362919815067,0,3.41511417375768
446,237,2,5,1622.16206649613,0.199085399490286,3,0.338625190261155,1.82395842448204,0.889752183999008,1,-1.38063508753456
447,162,1,2,1625.16339075291,0.198307234013555,2,0.223633754763796,1.91027216476505,0.775522525389533,1,-3.41511417375768
448,201,2,1,1628.36574362798,0.198310745852723,1,0.078923948445663,1.69214234311767,0.640584709852192,0,1.38063508753456
449,16,1,2,1631.49570955435,0.198771967663561,2,0.86086114443242,2.49771071852047,1.41286141601449,1,-3.41511417375768
450,272,2,8,1634.64820160076,0.198366935312151,3,0.252518648607293,2.03325303898782,0.814852220259127,1,-1.38063508753456
