PresOrder,TrialNumber,Illusory_Fragmented,Fat_Thin,StimPresTime,StimPresLength,Response,RespScreenOnset_to_Resp,ExpStartOnset_to_Resp,StimOnset_to_Resp,Accuracy,StepLevel
1,425,3,1,137.447116500358,0.198367813272853,3,1.15229421269032,2.89589497955967,1.71101819689829,1,-2.50711029187461
2,11,1,1,140.711456591742,0.198277383362438,2,0.724401238392602,2.46323468083574,1.27548813860994,0,2.50711029187461
3,37,1,1,143.96748064317,0.198297283794091,1,0.356522410960679,1.96760882537455,0.914304051113504,1,2.50711029187461
4,356,2,4,147.095158019685,0.198287333578264,3,0.388200974477513,1.97591052531061,0.939667738852222,1,3.27827420092868
5,389,2,5,150.203947543629,0.198305770745719,3,0.548464725457961,1.93942893365056,1.10308541587983,1,-3.27827420092868
6,140,1,2,153.112552169134,0.19817992976823,2,0.303616523329765,2.00655192505837,0.854964763062526,1,-2.50711029187461
7,236,2,4,156.330624045402,0.198195733053581,3,0.440353572172171,2.20452992395985,1.00293443597366,1,3.27827420092868
8,58,1,2,159.60997959913,0.198891370264391,2,0.369200742989051,1.98920869730864,0.920086882950272,1,-2.50711029187461
9,255,2,7,162.745353468281,0.198263043343104,3,0.461720491972301,1.98209458500423,1.0136642814432,1,-3.27827420092868
10,25,1,1,165.781784430897,0.198298161754792,1,0.338624019648705,1.80123037356316,0.898754496252877,1,2.50711029187461
11,448,3,1,168.760744697633,0.19828557765868,3,0.937602190919279,2.55754107903158,1.48839526709162,1,-2.50711029187461
12,244,2,4,171.897029304268,0.198472583200783,3,0.583172544658737,2.01358614297715,1.14529364991722,1,3.27827420092868
13,10,1,2,174.843658390331,0.198997603461976,2,0.448780820430329,2.05121698466792,0.999655839563275,1,-2.50711029187461
14,32,1,2,177.961554703805,0.198172906086256,2,0.352957306839016,2.02195895769728,0.903930364871485,1,-2.50711029187461
15,367,2,7,181.145848228174,0.198278261323139,3,0.420958258548126,2.15670567054076,0.971989261959607,1,-3.27827420092868
16,61,1,1,184.396279379846,0.198263921303806,1,0.322644264240807,1.77032353714822,0.885339555534301,1,2.50711029187461
17,52,1,2,187.360130242485,0.198515310603398,2,0.398475743859308,2.10240850848822,0.950202091829851,1,-2.50711029187461
18,385,2,1,190.57989570417,0.198246654752438,3,0.428454283583051,1.85884476227875,0.990595874582141,1,3.27827420092868
19,233,2,1,193.525391050835,0.198999066729812,3,0.500615596496573,2.15301560340231,1.05104285587731,1,3.27827420092868
20,186,1,2,196.693171605242,0.198739775785725,2,0.459964864028734,1.92886268144866,1.01056039913237,1,-2.50711029187461
21,30,1,2,199.67670107003,0.198637639738081,1,0.439154863710428,1.85801216326217,0.989901700637347,0,-2.50711029187461
22,317,2,5,202.610772689934,0.198332694861165,3,0.314155266109083,1.89988121197166,0.865114569429352,1,-3.27827420092868
23,188,1,2,205.710839970958,0.198360496937312,2,0.371356720828771,1.99106938783552,0.922572388559274,1,-2.50711029187461
24,292,2,4,208.845248961739,0.19826567722339,3,0.352147242136198,2.0167333379959,0.915169719968617,1,3.27827420092868
25,286,2,6,212.025746478428,0.199187242884364,3,0.512943915018695,1.94880759822081,1.06406066588534,1,-3.27827420092868
26,113,1,1,214.976968760126,0.198127252151608,1,0.438535609046085,1.95828956945115,0.989894676957192,1,2.50711029187461
27,79,1,1,218.011338857264,0.198315135654411,1,0.26962248585005,1.93853019495691,0.819735142789796,1,2.50711029187461
28,443,3,1,221.195518832103,0.198291138074637,3,0.736869152600775,2.25079287131302,1.29903620444929,1,-2.50711029187461
29,396,2,4,224.225649258959,0.198768748476141,3,0.482607460146028,2.25261844342822,1.03387873202701,1,3.27827420092868
30,335,2,7,227.510638391273,0.198266555184091,3,0.658443592952608,2.11151588332541,1.21012545759913,1,-3.27827420092868
31,9,1,1,230.477958367708,0.198326841791641,1,0.20895425855997,1.92767919096514,0.759535453646095,1,2.50711029187461
32,111,1,1,233.711350065892,0.198213584913901,1,0.240020005787301,1.75884625481012,0.790375565078648,1,2.50711029187461
33,199,1,1,236.744670122514,0.198207146539062,1,0.304529309387362,1.88545661690841,0.867070957629039,1,2.50711029187461
34,399,2,7,239.840399987006,0.199014577359776,3,0.339732005546466,1.7259388395305,0.8904001187002,1,-3.27827420092868
35,121,1,1,242.741733637968,0.198980336908789,1,0.287023658980615,2.0405910311656,0.838655187239056,1,2.50711029187461
36,76,1,2,246.009943193043,0.198358448362342,1,0.282659610986229,2.05222898023931,0.833539605227998,0,-2.50711029187461
37,373,2,5,249.295207126932,0.19826977437333,3,0.376252227457371,1.82301227593234,0.93772247148263,1,-3.27827420092868
38,303,2,7,252.257794897354,0.198893418839361,3,0.336065643334223,1.78866705433575,0.886938028586883,1,-3.27827420092868
39,207,2,7,255.224910894347,0.199007846331369,3,0.484073361190895,2.05266971630954,1.03486555940253,1,-3.27827420092868
40,168,1,2,258.308318878693,0.198584669466072,1,0.259875370607915,1.96181399474517,0.810438421181971,0,-2.50711029187461
41,229,2,5,261.525582153527,0.198191928560846,3,0.343458361709054,1.88031001363379,0.894074382553299,1,-3.27827420092868
42,167,1,1,264.577328840909,0.198273578867884,1,0.265717611093351,1.79650841041985,0.827873542111774,1,2.50711029187461
43,38,1,2,267.623590910302,0.199240798463507,2,0.239022057581678,1.94207891048609,0.790157245615774,1,-2.50711029187461
44,48,1,2,270.841389740917,0.198204512658776,2,0.230632561615494,1.91633448063294,0.78102323931671,1,-2.50711029187461
45,345,2,1,274.041754621217,0.198171150166672,3,0.314390266814371,2.08394090624824,0.865220217319802,1,3.27827420092868
46,283,2,3,277.326309748491,0.198303722172568,3,0.413353659088898,2.01540937386562,0.964180097753342,1,3.27827420092868
47,254,2,6,280.442916338287,0.198221779210144,3,0.524869835069694,2.02702947107719,1.07538459782518,1,-3.27827420092868
48,224,2,8,283.459693574297,0.19826977437333,3,0.615813060010623,2.33023218245398,1.17872403688489,1,-3.27827420092868
49,376,2,8,286.689670006916,0.198955168712928,3,0.461781363886985,1.94809557241751,1.01271081655796,1,-3.27827420092868
50,155,1,1,289.690616740772,0.198718997393371,1,0.296010460604521,1.69876596826907,0.846841581722401,1,2.50711029187461
51,1,1,1,292.607883029936,0.198185490186006,1,0.241581897162177,1.67739817050642,0.792299176093366,1,2.50711029187461
52,195,1,1,295.558406747887,0.19823377800094,1,0.282324522808267,1.73510591566628,0.832801533269958,1,2.50711029187461
53,397,2,5,298.52559093313,0.198268018451927,3,0.354558121118316,1.85646051475851,0.905213064868803,1,-3.27827420092868
54,74,1,2,301.541945577583,0.198251337207694,2,0.285123752893924,1.68765508802971,0.835939656033588,1,-2.50711029187461
55,400,2,8,304.459149531565,0.198254263741546,3,0.312404027965385,1.82680740565411,0.875173945883944,1,-3.27827420092868
56,349,2,5,307.488958332298,0.199204216785802,3,0.297805011456148,1.70024299014403,0.848776313569033,1,-3.27827420092868
57,300,2,4,310.406874604736,0.199015747974045,3,0.302116381832093,1.85459631239064,0.853208842465392,1,3.27827420092868
58,274,2,2,313.474688258248,0.198258653543235,3,0.346847288463323,1.88291111734725,0.897736062308468,1,3.27827420092868
59,310,2,6,316.52512385825,0.198210951033616,3,0.42177622489362,2.04056030255742,0.972208166727796,1,-3.27827420092868
60,262,2,6,319.65927443605,0.198318940150784,3,0.401063385514135,2.09807782298776,0.963428856390237,1,-3.27827420092868
61,246,2,6,322.87154884781,0.199064621096113,3,0.372821451263007,1.92580562368676,0.923937616822514,1,-3.27827420092868
62,18,1,2,325.939622670223,0.198260994769953,1,0.335549110024658,1.72198128715536,0.886473002281491,0,-2.50711029187461
63,225,2,1,328.841038556799,0.19826011681107,3,0.279564508278781,1.73244159881142,0.830600486800904,1,3.27827420092868
64,449,3,1,331.808578901269,0.198386543093875,3,0.615380225583067,2.21268441921893,1.1778077389863,1,-2.50711029187461
65,78,1,2,334.921400311559,0.198874689020158,2,0.294351700944389,1.79645280626937,0.844748524368697,1,-2.50711029187461
66,432,3,1,337.939864109305,0.198312501774126,3,0.528216912383868,2.09755280272839,1.0786090533511,1,-2.50711029187461
67,329,2,1,341.024732726937,0.198223535129728,3,0.538090746560556,2.14004461794138,1.08837167922502,1,3.27827420092868
68,2,1,2,344.141519298593,0.19821065837823,2,0.274608715044451,1.65540848419732,0.836875854363825,1,-2.50711029187461
69,418,3,1,347.038211466104,0.198644956075441,3,0.650299340564743,2.08715570421009,1.20179390701378,1,-2.50711029187461
70,97,1,1,349.989636263976,0.198205390617659,2,0.452190818232339,2.15111716058163,1.01538683955187,0,2.50711029187461
71,377,2,1,353.204583772193,0.198618031959995,3,0.278490470180259,1.88107939951078,0.829035668893994,1,3.27827420092868
72,252,2,4,356.321761621488,0.198553940857892,3,0.372921538735682,2.05904341542919,0.923764073339044,1,3.27827420092868
73,26,1,2,359.52256314071,0.198252507820143,2,0.216828977137993,1.76995245259786,0.767679120728644,1,-2.50711029187461
74,326,2,6,362.590262074076,0.198229973506386,3,0.24090616038302,1.63903393931105,0.803921321881717,1,-3.27827420092868
75,230,2,6,365.504019155924,0.198877615554011,3,0.365573303684869,2.06895178271225,0.916910422589353,1,-3.27827420092868
76,409,3,1,368.722167414739,0.198155054225936,3,0.586803788457473,2.30672128360129,1.13796794918017,1,-2.50711029187461
77,301,2,5,371.956921414652,0.198320403416801,3,0.430314096151051,2.12792320539847,0.992463003483863,1,-3.27827420092868
78,306,2,2,375.170414142653,0.199098861548919,3,0.710829728088356,2.34671149727183,1.2616737259541,1,3.27827420092868
79,394,2,2,378.321147634586,0.19821592614062,3,0.304489215866852,1.90796547040554,0.85543681305171,1,3.27827420092868
80,143,1,1,381.439196127845,0.198235826574091,1,0.0839488078909199,1.65336195874079,0.634150724126812,1,2.50711029187461
81,156,1,2,384.525622539701,0.198290552767503,1,0.30823664307718,1.68697993655769,0.867550616605513,0,-2.50711029187461
82,125,1,1,387.420102832564,0.198604862553111,1,0.334534187919417,2.08904448946669,0.886481489231301,1,2.50711029187461
83,383,2,7,390.689187421405,0.198157102800906,3,0.313680289587865,1.69952072147316,0.864402836279623,1,-3.27827420092868
84,257,2,1,393.590191837253,0.198467608093779,3,0.44029123699147,1.87059918741761,1.00224728571266,1,3.27827420092868
85,213,2,5,396.535836729821,0.198994676926304,3,0.494588984349321,2.18027773395988,1.04510872221363,1,-3.27827420092868
86,359,2,7,399.736698535651,0.19850126323945,3,0.445599970265903,2.13212746461613,0.996481720429074,1,-3.27827420092868
87,14,1,2,402.93808975154,0.198255727007563,2,0.288276800982203,1.67477189859892,0.839163233596992,1,-2.50711029187461
88,177,1,1,405.83939267389,0.198300210329762,1,0.392330314418359,1.97319177491772,0.954455224171397,1,2.50711029187461
89,433,3,1,408.935835149492,0.198651687102029,3,0.502198558915552,1.98866962968532,1.05300977959996,1,-2.50711029187461
90,161,1,1,411.937691157565,0.19820626857836,1,0.302441227142481,1.93841927930589,0.853231084125582,1,2.50711029187461
91,107,1,1,415.088210427184,0.198145689317244,1,0.363843429242479,1.91654811763874,0.914804488484151,1,2.50711029187461
92,36,1,2,418.155568126647,0.198191928559027,2,0.321393463467757,1.76899489056268,0.883207282622607,1,-2.50711029187461
93,430,3,1,421.119143895059,0.199088326024139,3,0.552793947692408,2.20543246714806,1.10381587884876,1,-2.50711029187461
94,390,2,6,424.287091554579,0.198398249229285,3,0.484807336002632,2.00486594863105,1.03619362068275,1,-3.27827420092868
95,114,1,2,427.321857319161,0.198416979050307,2,0.227835672756555,1.85889334274907,0.790312644588994,1,-2.50711029187461
96,102,1,2,430.468400013931,0.198705535334739,2,0.0928723963716038,1.71227046093736,0.643311947196707,1,-2.50711029187461
97,237,2,5,433.602699552328,0.198656662210851,3,0.419760428047084,1.90585836568971,0.9708543519464,1,-3.27827420092868
98,267,2,3,436.603651553947,0.19818929468056,3,0.396983504002492,1.81668276748314,0.948167857815861,1,3.27827420092868
99,4,1,2,439.538110061689,0.198298747063745,2,0.0539945584023371,1.80169101006686,0.616153708608181,1,-2.50711029187461
100,75,1,1,442.801849628229,0.198848935517162,2,0.115540160684759,1.61860292518759,0.666738269206689,0,2.50711029187461
101,173,1,1,445.819881176854,0.198267433144792,2,0.403664196574027,1.85663552151163,0.954948052552936,0,2.50711029187461
102,81,1,1,448.787675251851,0.198308989933139,2,0.304931122551352,1.75276608708555,0.867425360936977,0,2.50711029187461
103,370,2,2,451.751466705844,0.198415808437858,3,0.390129560602873,2.07672407258906,0.940747044713135,1,3.27827420092868
104,182,1,2,454.952717155433,0.198184319569918,2,0.301278515053127,1.78691171904393,0.85195189596925,1,-2.50711029187461
105,324,2,4,457.952675013339,0.198327719752342,3,0.361898747180021,1.93135374746998,0.912726356456915,1,3.27827420092868
106,291,2,3,461.036684107836,0.198324207911355,3,0.401513193839492,1.88756167305291,0.952293978567468,1,3.27827420092868
107,29,1,1,464.037335847031,0.198530528581614,2,0.282317791778041,2.04677567616818,0.844795934224749,0,2.50711029187461
108,100,1,2,467.317215835712,0.199088618679525,2,0.220470463806123,1.77508559381386,0.772937224961424,1,-2.50711029187461
109,135,1,1,470.386622109207,0.198211243687183,2,0.305747040323695,1.73717000033139,0.868677039670729,0,2.50711029187461
110,245,2,5,473.333079993012,0.199255723788156,3,0.305863516388854,1.74283489283516,0.857141226644671,1,-3.27827420092868
111,175,1,1,476.285376020154,0.198198659589252,1,0.159971097546077,1.84655946381099,0.711091067603775,1,2.50711029187461
112,284,2,4,479.48666041754,0.198283236431962,3,0.364724608729375,2.11672950423781,0.915068169228107,1,3.27827420092868
113,221,2,5,482.75328466897,0.198263043344923,3,0.232768053716427,1.7140623779087,0.79483531074402,1,-3.27827420092868
114,117,1,1,496.597508173079,0.198308111974256,1,0.0833219442374684,1.68648623021727,0.635259587985274,1,2.50711029187461
115,196,1,2,499.715526815688,0.199013992052642,2,0.179203695861361,1.64874827737003,0.729930632356627,1,-2.50711029187461
116,180,1,2,502.700039010704,0.199359323103636,2,0.0240122141840402,1.74431893839392,0.576354304976121,1,-2.50711029187461
117,316,2,4,505.936014546047,0.198279139282022,3,0.217220254779022,1.93156709182404,0.779024416367974,1,3.27827420092868
118,16,1,2,509.164594729136,0.199354347994813,2,0.0605959418917337,1.64716531494923,0.611413600950982,1,-2.50711029187461
119,54,1,2,512.266267506895,0.198801233007543,2,0.184720798381022,1.56959430332608,0.73507957685797,1,-2.50711029187461
120,127,1,1,515.166174179714,0.198958680553915,2,0.275764988757146,1.89394561504196,0.826229415124544,0,2.50711029187461
121,422,3,1,518.299483086243,0.19953432985676,3,0.553876472742559,2.25631611955578,1.10535113875812,1,-2.50711029187461
122,35,1,1,521.516454000295,0.198537259610021,1,0.317616478259879,1.91967775345256,0.868167530043138,1,2.50711029187461
123,53,1,1,524.633326319406,0.1989443405364,1,0.0183303477806476,1.62122568525592,0.569892517174594,1,2.50711029187461
124,220,2,4,527.750830769934,0.198215340833485,3,0.319746409946674,1.95630596448245,0.871450223601641,1,3.27827420092868
125,211,2,3,530.90188764391,0.198197488974984,3,0.539688048998869,2.23726994147728,1.10247259959033,1,3.27827420092868
126,341,2,5,534.113954857037,0.198916245806686,3,0.398640800394787,1.8014530828259,0.949282574742028,1,-3.27827420092868
127,163,1,1,537.032179000887,0.198974191185698,1,0.217893065020689,1.6194516201449,0.768439434346874,1,2.50711029187461
128,404,3,1,539.948822523545,0.198854788586686,3,0.579592515214244,2.21487814935244,1.13049650703579,1,-2.50711029187461
129,82,1,2,543.099339451937,0.198946974416685,2,0.149669696702404,1.73599060699416,0.701596219620114,1,-2.50711029187461
130,279,2,7,546.199960433256,0.198304307477883,3,0.17932426907646,1.91541379293267,0.730430191766573,1,-3.27827420092868
131,325,2,5,549.450542008792,0.198162077909728,3,0.439411813424158,1.82492915592047,0.990469448297517,1,-3.27827420092868
132,381,2,5,552.350701826832,0.198178466502213,3,0.404329690480154,1.97269543469338,0.954857622640702,1,-3.27827420092868
133,278,2,6,555.433990701231,0.19815242034565,3,0.343596494129088,1.74525981918123,0.894194663113012,1,-3.27827420092868
134,336,2,8,558.350023456172,0.198226169011832,3,0.315023568844481,1.71733073144969,0.866136222564819,1,-3.27827420092868
135,344,2,8,561.266417345452,0.19821680410314,3,0.299309835409076,1.78477183714131,0.850441218948617,1,-3.27827420092868
136,59,1,1,564.265905494598,0.198864738802513,1,0.188862722419799,1.84125014522942,0.740318365962594,1,2.50711029187461
137,123,1,1,567.432605572532,0.198227046970715,1,0.10777401652922,1.62698188563081,0.658805897903221,1,2.50711029187461
138,387,2,3,570.466573271202,0.198200415508836,3,0.22869695180998,1.66461272732158,0.780079724649113,1,3.27827420092868
139,154,1,2,573.417201173776,0.198211243687183,2,0.110792444040271,1.76219245416542,0.661295793312092,1,-2.50711029187461
140,386,2,2,576.583421300078,0.198169394245269,NaN,NaN,NaN,NaN,0,3.27827420092868
141,109,1,1,579.533425265532,0.198251922513009,1,0.29434526256955,1.82988407119592,0.845895725824448,1,2.50711029187461
142,31,1,1,582.583575235783,0.198258360889668,1,0.299218820191527,2.05119240178101,0.850320645735337,1,2.50711029187461
143,311,2,7,585.849849181053,0.19837132511384,3,0.4749097968961,1.977062701877,1.0259448974557,1,-3.27827420092868
144,290,2,2,588.866734991489,0.198340889157407,3,0.386682103160638,1.88872526310297,0.937570291696829,1,3.27827420092868
145,437,3,1,591.883041348126,0.198508286919605,3,0.516682562625647,1.93532154271634,1.06746539592677,1,-2.50711029187461
146,146,1,2,594.816000884985,0.198273286214317,2,0.211616819495248,1.74686473060865,0.762707816860711,1,-2.50711029187461
147,280,2,8,597.865809036026,0.198244020870334,3,0.27478342914219,1.77656495691735,0.825667227878512,1,-3.27827420092868
148,43,1,1,600.881650073705,0.198303136865434,1,0.208923529949971,1.76110114951371,0.759975019103877,1,2.50711029187461
149,240,2,8,603.94832940251,0.198232900040239,3,0.291600466021919,1.89471558622427,0.843173463592393,1,-3.27827420092868
150,200,1,2,607.066095192553,0.198351132026801,2,0.184208654874965,1.73613429983197,0.734928275032871,1,-2.50711029187461
151,72,1,2,610.132528399821,0.198156224842023,2,0.241580141240775,1.91025226433339,0.792679040248913,1,-2.50711029187461
152,190,1,2,613.315938110823,0.198194855094698,2,0.018262744837557,1.65340819798257,0.568761411655942,1,-2.50711029187461
153,361,2,1,616.465609563447,0.198153590959919,3,0.253434068546994,1.70512883921037,0.803939173740218,1,3.27827420092868
154,40,1,2,619.431803994779,0.198300502983329,2,0.0524648589071148,1.55453465031133,0.603549710551306,1,-2.50711029187461
155,406,3,1,622.448494020067,0.198169686898837,3,0.516741678618928,1.98624060618931,1.06883325807394,1,-2.50711029187461
156,22,1,2,625.432638642369,0.198314550349096,2,0.0627118262127624,1.80993096012935,0.625629826769,1,-2.50711029187461
157,187,1,1,628.697232464279,0.198292893994221,1,0.286443034570766,1.67335896782424,0.837678310077536,1,2.50711029187461
158,315,2,3,631.598984316995,0.198233485347373,3,0.17220196247581,1.7235765410187,0.722354127627113,1,3.27827420092868
159,355,2,3,634.664445914867,0.198201586123105,3,0.201094465310234,1.97012154775075,0.752416366232865,1,3.27827420092868
160,328,2,8,637.948030603355,0.198264213957373,3,0.223871682006575,1.72597951835814,0.774732653771935,1,-3.27827420092868
161,227,2,3,640.964587178678,0.198268311105494,3,0.1399351655582,1.74193673944865,0.691013871481118,1,3.27827420092868
162,369,2,1,644.080910772604,0.198601058060376,3,0.141966180382951,1.77787194714801,0.693456064380371,1,3.27827420092868
163,67,1,1,647.231313566155,0.198359911630178,1,0.314603318513036,2.06655465844233,0.865645735409998,1,2.50711029187461
164,99,1,1,650.497473961894,0.19826128742352,1,0.190716389266527,1.68917483730547,0.753513523954098,1,2.50711029187461
165,20,1,2,653.511032010141,0.198953412793344,2,0.202645528504945,1.57137422150481,0.753041181313165,1,-2.50711029187461
166,23,1,1,656.394972389613,0.19894755972382,1,0.446640353222392,1.81489611827419,0.997084879152681,1,2.50711029187461
167,334,2,6,659.27831048832,0.198974776492832,3,0.195205985581197,1.78013503614602,0.745885512220411,1,-3.27827420092868
168,41,1,1,662.378237003042,0.198937609507993,1,0.35687330242763,1.79236999822388,0.908011416995578,1,2.50711029187461
169,302,2,6,665.328825104749,0.199072522738788,3,0.319348693930806,1.90548552521432,0.870910570671185,1,-3.27827420092868
170,28,1,2,668.429303856499,0.198160614641893,2,0.147644827598924,1.71718411207985,0.699127980564299,1,-2.50711029187461
171,243,2,3,671.513232471303,0.198445073780022,3,0.27985335721678,1.64844362514486,0.830388313061121,1,3.27827420092868
172,158,1,2,674.395704608502,0.198295820528074,1,0.122055211410043,1.77416227223148,0.672835703484452,0,-2.50711029187461
173,103,1,1,677.562209486596,0.198809719957353,1,0.204990560463557,1.6238589808454,0.756256857235712,1,2.50711029187461
174,192,1,2,680.495512013278,0.198328305059476,2,0.232233668548361,1.63478841595679,0.783442605248638,1,-2.50711029187461
175,131,1,1,683.412097883209,0.198426636612567,1,0.208290520575247,1.69427461603118,0.75971982530973,1,2.50711029187461
176,241,2,1,686.413142655965,0.198346156919797,3,0.203100604592692,1.8054460462663,0.754147996598476,1,3.27827420092868
177,395,2,3,689.530059751052,0.198247240057754,3,0.356371401789147,1.99192335055341,0.907550780491874,1,3.27827420092868
178,378,2,2,692.679915282684,0.19835757040164,3,0.227494146200115,1.96258747777028,0.778292490131207,1,3.27827420092868
179,293,2,5,695.92919513575,0.198165297097148,3,0.234146158734802,1.76884622261969,0.784540055621619,1,-3.27827420092868
180,250,2,2,698.978312039382,0.198595204990852,3,0.109865903270475,1.49523018802211,0.660913880581575,1,3.27827420092868
181,205,2,5,701.878978733168,0.198196025708967,3,0.389299302811196,1.89106649056703,0.940275287379336,1,-3.27827420092868
182,327,2,7,704.895337182117,0.198250459246992,3,0.0811668443566305,1.66651204810296,0.632038058993203,1,-3.27827420092868
183,276,2,4,707.995526499622,0.198344400998394,3,0.0775133588977042,1.83009185513401,0.629034849464006,1,3.27827420092868
184,178,1,2,711.262635970445,0.198246654752438,2,0.235015046777335,1.89938984685614,0.798006503346187,1,-2.50711029187461
185,183,1,1,714.441907269249,0.199051744346434,1,0.330090245539395,2.03244794939201,0.880760114614532,1,2.50711029187461
186,134,1,2,717.659674493294,0.198986189976495,2,0.183813280085815,1.70205451489528,0.734347943276589,1,-2.50711029187461
187,98,1,2,720.692962650692,0.199322741425931,2,0.0373384809117852,1.57336777669116,0.58885967882452,1,-2.50711029187461
188,304,2,8,723.744147736135,0.198886395157388,3,0.199040330860953,1.58511956795155,0.751049967355357,1,-3.27827420092868
189,249,2,1,726.644801845825,0.198357277748073,3,0.173122064868949,1.72520164553134,0.724163311149823,1,3.27827420092868
190,185,1,1,729.711551704107,0.19822324247798,1,0.378962783555835,1.91428415068003,0.929892236226806,1,2.50711029187461
191,119,1,1,732.761384730691,0.19819046529301,1,0.21897676068329,1.92080124998029,0.769709257594513,1,2.50711029187461
192,366,2,6,735.977621084627,0.198137495021001,3,0.180919522939803,1.6159851402299,0.731399752590733,1,-3.27827420092868
193,429,3,1,738.927499209105,0.198471412588333,3,0.507631084594323,2.24247010033105,1.05851459067708,1,-2.50711029187461
194,12,1,2,742.176835544282,0.198595790297986,2,0.137914978909976,1.64070440510659,0.689631376662874,1,-2.50711029187461
195,112,1,2,745.194318953027,0.198297576449477,2,0.0248702740482258,1.74397711918391,0.576374205409593,1,-2.50711029187461
196,172,1,2,748.42787014733,0.198306941358169,2,0.0173224493555608,1.55307430968242,0.568529337482687,1,-2.50711029187461
197,238,2,6,751.479878759537,0.198380690024351,3,0.250016754409444,1.74579917945812,0.809545828211412,1,-3.27827420092868
198,209,2,1,754.490137725634,0.198897223333915,3,0.100405588393187,1.70326873398881,0.65107048236132,1,3.27827420092868
199,128,1,2,757.608976675814,0.199386832528035,2,0.0161254968170397,1.4346775588383,0.567383013985818,1,-2.50711029187461
200,319,2,7,760.54298274135,0.198186660798456,3,0.105267732529683,1.49093608419753,0.65613836186094,1,-3.27827420092868
201,353,2,1,763.443819174126,0.19829523522094,3,0.0904837590496754,1.70962692247667,0.64192447726964,1,3.27827420092868
202,105,1,1,766.578445313757,0.198332402207598,1,0.181784606487781,1.67861970593549,0.744171733716939,1,2.50711029187461
203,160,1,2,769.591197101796,0.199303133644207,2,0.0630056502595835,1.6666124282292,0.615110984424973,1,-2.50711029187461
204,371,2,3,772.709814220674,0.198143640742273,3,0.161023479291543,1.79569717510458,0.711216323272311,1,3.27827420092868
205,120,1,2,775.859314763693,0.198117009282214,2,0.0294107920635724,1.59807972523413,0.579923213592338,1,-2.50711029187461
206,312,2,8,778.942459945258,0.198219730636993,3,0.130308330877597,1.86675313600063,0.681677934311665,1,-3.27827420092868
207,169,1,1,782.193656970961,0.198258653541416,1,0.140267912511263,1.57567769023808,0.691018846588122,1,2.50711029187461
208,408,3,1,785.143891254667,0.198321281377503,3,0.332624331615079,1.9135408109596,0.895430538561413,1,-2.50711029187461
209,445,3,1,788.240268175901,0.199107933805863,3,0.657237275501757,2.39298995525496,1.20820009066483,1,-2.50711029187461
210,289,2,1,791.491368040666,0.199013992052642,3,0.371325699565205,1.97377298463471,0.922332120089777,1,3.27827420092868
211,62,1,2,794.608981065616,0.198140421554854,2,0.0522193226770469,1.52037409303011,0.602676725360652,1,-2.50711029187461
212,201,2,1,797.591639008479,0.198852447358149,3,0.368501301283686,1.75297123714336,0.919046792649169,1,3.27827420092868
213,51,1,1,800.491639915705,0.198585254773207,1,0.0650735394174262,1.71745247527724,0.616361492544456,1,2.50711029187461
214,19,1,1,803.658848625306,0.198348498146515,1,0.132979964067999,1.50251374666186,0.684617345394145,1,2.50711029187461
215,21,1,1,806.543801293003,0.198318062190083,1,0.286435718235225,1.81661399392578,0.848926444778044,1,2.50711029187461
216,3,1,1,809.589075364405,0.199340300630865,1,0.184747722498287,1.82037049339306,0.735411153198584,1,2.50711029187461
217,320,2,8,812.739908943811,0.198970971998278,3,0.136614719707723,1.63782264675137,0.686881312351034,1,-3.27827420092868
218,162,1,2,815.755978836474,0.199054670882106,2,0.109970087893089,1.84532563693938,0.660558306661187,1,-2.50711029187461
219,176,1,2,819.006444813904,0.198929122558184,2,0.21248365896281,1.73064821857406,0.763002811521801,1,-2.50711029187461
220,90,1,2,822.040243944197,0.19887029921847,2,0.0299911238198547,1.44866375905622,0.580881653586403,1,-2.50711029187461
221,132,1,2,824.973474185481,0.198990579778183,2,0.0312349009109312,1.6510063912574,0.582841846278825,1,-2.50711029187461
222,277,2,5,828.108228799967,0.198376300222662,2,0.0498742907184351,1.63605502001519,0.600825399744281,0,-3.27827420092868
223,194,1,2,831.209342609667,0.198354351214221,2,0.0982592681157257,1.49548274793415,0.661177268670144,1,-2.50711029187461
224,70,1,2,834.121358988894,0.198898101294617,2,0.0193162971972924,1.73835524673632,0.569967436453226,1,-2.50711029187461
225,298,2,2,837.355781705122,0.198864153497198,3,0.210946057824913,1.81248436133319,0.761269132584857,1,3.27827420092868
226,159,1,1,851.863849428639,0.198304600131451,1,0.354235031729331,1.91278517979663,0.906822366097913,1,2.50711029187461
227,360,2,8,854.93843157075,0.198834595499648,3,0.234222248627702,1.65358261943038,0.785068002414846,1,-3.27827420092868
228,219,2,3,857.873050745227,0.198896345373214,3,0.0621642716396309,1.64751532845548,0.613323749908886,1,3.27827420092868
229,85,1,1,860.973157827118,0.1982718229483,1,0.130193025424887,1.69922836069418,0.681357186149398,1,2.50711029187461
230,6,1,2,864.057039617373,0.198218852674472,2,0.0159788774453773,1.3853935500938,0.566909500730617,1,-2.50711029187461
231,124,1,2,866.941561206564,0.198356985096325,2,0.0761525204343343,1.61081512468081,0.626679281980614,1,-2.50711029187461
232,323,2,3,869.991151038144,0.19829728379591,3,0.224301297244892,1.59284298470266,0.775077984822929,1,3.27827420092868
233,166,1,2,872.877246517499,0.198366350006836,2,0.0789259970188141,1.7234217273508,0.637537309654363,1,-2.50711029187461
234,414,3,1,876.037791508426,0.199051744346434,3,0.50614060065891,2.07448205463879,1.05677944847048,1,-2.50711029187461
235,372,2,4,879.121235196493,0.198762895408436,3,0.340044266757104,1.94330805490426,0.891217499740378,1,3.27827420092868
236,388,2,4,882.239530981902,0.198177588541512,3,0.214675633178558,1.63334095207756,0.765598647472871,1,3.27827420092868
237,15,1,1,885.17302753781,0.198286162965815,1,0.276875901190579,2.05870364479415,0.840305459947558,1,2.50711029187461
238,206,2,6,888.470811770872,0.19894960829879,3,0.223096735715444,1.6096093925371,0.774634322218844,1,-3.27827420092868
239,322,2,2,891.372348230661,0.198435123562376,3,0.27025783645513,1.92329904703365,0.822045934297421,1,3.27827420092868
240,68,1,2,894.540369638846,0.198174369354092,1,0.561490437110479,1.99634358800722,1.11198471412536,0,-2.50711029187461
241,351,2,7,897.490406381485,0.19823377800094,3,0.126242789383468,1.87766940170695,0.676532501651309,1,-3.27827420092868
242,350,2,6,900.756677107567,0.198310745854542,3,0.345250571332144,1.7469478441817,0.896148417434233,1,-3.27827420092868
243,374,2,6,903.673673570263,0.198242850256065,3,0.340423252953769,1.95866094665871,0.890874509914283,1,-3.27827420092868
244,287,2,7,906.807013498055,0.198400297804255,3,0.223017133979738,1.84104089802349,0.773698123886788,1,-3.27827420092868
245,214,2,6,909.940090330409,0.198279431935589,3,0.310818431664302,1.99592977605425,0.861660088305143,1,-3.27827420092868
246,242,2,2,913.140431505783,0.198329475671926,3,0.159721756823274,1.93978362961025,0.722130540403668,1,3.27827420092868
247,440,3,1,916.436496692579,0.199349080232423,3,0.624748354630356,2.22720207807288,1.17596548562324,1,-2.50711029187461
248,272,2,8,919.554464706143,0.198313087079441,3,0.301072487036436,2.06970302407535,0.851736210388481,1,-3.27827420092868
249,165,1,1,922.838473449458,0.198200415508836,1,0.26709542345634,1.78561028922559,0.818122329719699,1,2.50711029187461
250,92,1,2,925.872205854766,0.198330060980879,2,0.165139357175576,1.76728872104832,0.716274545209671,1,-2.50711029187461
251,184,1,2,928.989168018483,0.198338840584256,2,0.277256643306828,1.96256991856353,0.828026014549323,1,-2.50711029187461
252,375,2,7,932.189700003893,0.198198952242819,3,0.337535934182597,1.92187792196091,0.887611424137503,1,-3.27827420092868
253,45,1,1,935.289498921718,0.198257190275399,1,0.136914689475816,1.83823874140398,0.687226643402028,1,2.50711029187461
254,259,2,3,938.505569926465,0.198309575240273,3,0.303139498235396,1.83805641831532,0.853917356425882,1,3.27827420092868
255,313,2,1,941.555945825168,0.198260702116386,3,0.341337209625635,2.0759049356293,0.891881237725102,1,3.27827420092868
256,96,1,2,944.805331618774,0.198241972297183,2,0.255420014744232,1.67392525221658,0.806212505609437,1,-2.50711029187461
257,247,2,7,947.738751499484,0.198413467209321,3,0.115155321420389,1.8291225869616,0.677875488256177,1,-3.27827420092868
258,203,2,3,950.968860211455,0.199440973412493,3,0.460920377487128,2.04681430642086,1.01226481272715,1,3.27827420092868
259,294,2,6,954.069895590035,0.198719290046938,3,0.217133336707775,1.96974226890052,0.768768376807202,1,-3.27827420092868
260,24,1,2,957.337458673677,0.198139836247719,2,0.129325893303758,1.79837846585906,0.680732078415531,1,-2.50711029187461
261,141,1,1,960.521707422073,0.198323915257788,1,0.0693574003707909,1.45409657738855,0.619888844372326,1,2.50711029187461
262,93,1,1,963.421582195668,0.198250459246992,1,0.141782979333584,1.81014664571012,0.692632830272487,1,2.50711029187461
263,337,2,1,966.605368258985,0.198294357260238,3,0.268629512751431,1.88211422204949,0.831291734208207,1,3.27827420092868
264,136,1,2,969.734903692146,0.199375126388986,2,0.116051426231934,1.55271522391922,0.668148273445695,1,-2.50711029187461
265,424,3,1,972.686671187188,0.198247532711321,3,0.482551270686599,2.18478401152242,1.03357203122687,1,-2.50711029187461
266,410,3,1,975.903657904526,0.198222657170845,3,0.550194892553918,2.1357575378006,1.10121682371027,1,-2.50711029187461
267,427,3,1,979.004995886757,0.198198659589252,3,0.470127839798806,2.25016922684699,1.03239585708252,1,-2.50711029187461
268,208,2,8,982.300997860411,0.19911144564503,3,0.0764764877858397,1.77830829341838,0.627319900344446,1,-3.27827420092868
269,321,2,1,985.518366197826,0.199298743844338,3,0.188411450826607,1.62445570119598,0.740421965279893,1,3.27827420092868
270,94,1,2,988.469563896635,0.198170272205971,2,0.0372644395938551,1.50577010141205,0.588310953638938,1,-2.50711029187461
271,171,1,1,991.453153355375,0.198226169010013,1,0.0734153328739922,1.64235584843118,0.624300302222764,1,2.50711029187461
272,126,1,2,994.537505732349,0.198275627441035,2,0.2490761662757,1.64602250329335,0.810430812192863,1,-2.50711029187461
273,368,2,8,997.450107418443,0.199263332777264,3,0.324729712605404,2.09319226657499,0.875391680037865,1,-3.27827420092868
274,34,1,2,1000.73396895708,0.198973605878564,2,0.168002678363337,1.75270316659771,0.7185279766436,1,-2.50711029187461
275,222,2,6,1003.83435903484,0.198760554179898,3,0.119591947464869,1.77313418072117,0.671612412133982,1,-3.27827420092868
276,110,1,2,1007.00301257444,0.198381567983233,2,0.129330575757194,1.56437424403885,0.680324412182017,1,-2.50711029187461
277,153,1,1,1009.95308648407,0.198284992351546,1,0.0327561134581629,1.73446207811503,0.583954807285409,1,2.50711029187461
278,318,2,6,1013.16988707382,0.198278846630274,3,0.253005331267559,1.62120724809029,0.803240609995555,1,-3.27827420092868
279,181,1,1,1016.05372736582,0.198232022081356,1,0.104899281857797,1.60160766236913,0.667132473381571,1,2.50711029187461
280,5,1,1,1019.06652480779,0.198955168712928,1,0.0984922202478629,1.51659769312937,0.648875581611719,1,2.50711029187461
281,288,2,8,1022.00041147073,0.198972727917862,3,0.0389852417793008,1.79083883546082,0.589871967049476,1,-3.27827420092868
282,228,2,4,1025.26767604787,0.198787770948911,3,0.0814436945038324,1.63482968009157,0.633762373021455,1,3.27827420092868
283,295,2,7,1028.33630708242,0.19843892805693,3,0.0940216464023251,1.66212809967692,0.644620400695203,1,-3.27827420092868
284,307,2,3,1031.41960883357,0.198282358471261,3,0.0567782778562105,1.78732699426473,0.61946654546955,1,3.27827420092868
285,401,3,1,1034.66600780624,0.198901320480218,3,0.417779456958669,1.86907446303303,0.968011516497427,1,-2.50711029187461
286,412,3,1,1037.63278930036,0.199099739507801,3,0.373582935495506,1.95802998585714,0.923965126245093,1,-2.50711029187461
287,139,1,1,1040.73313372418,0.199236701315385,2,0.0826798626039817,1.60125267375406,0.633848120476614,0,2.50711029187461
288,421,3,1,1043.76707918119,0.198492776287821,3,0.451381338836654,1.90391602485397,1.0027597218741,1,-2.50711029187461
289,271,2,7,1046.73456801866,0.198409662714766,3,0.133393776020966,1.73572312175747,0.684447313749843,1,-3.27827420092868
290,42,1,2,1049.8519674066,0.198300502983329,2,0.046141788832756,1.42695970249952,0.608595641044303,1,-2.50711029187461
291,358,2,6,1052.74826829647,0.198885224543119,3,0.145666490390795,1.71401935785252,0.695822460038471,1,-3.27827420092868
292,57,1,1,1055.83210882259,0.199013406747326,1,0.0903374323352182,1.75851936092658,0.640980377294909,1,2.50711029187461
293,392,2,8,1059.01650623893,0.198740068441111,3,0.135300413139703,1.85416874572547,0.686505837997174,1,-3.27827420092868
294,95,1,1,1062.2498797926,0.19845063419416,1,0.046738216527956,1.73240150529091,0.597973492038363,1,2.50711029187461
295,423,3,1,1065.45059497906,0.198331816900463,3,0.944484521705817,2.38033503550287,1.49595333465368,1,-2.50711029187461
296,435,3,1,1068.40121732122,0.198443025206871,3,0.391584340817644,1.89343552010723,0.942253331933898,1,-2.50711029187461
297,137,1,1,1071.41834778993,0.19828996745855,1,0.0182560138091503,1.63215014525849,0.580930234054904,1,2.50711029187461
298,450,3,1,1074.54812583278,0.198980629562357,3,0.323253861342891,2.05788948294321,0.873664146824012,1,-2.50711029187461
299,33,1,1,1077.79851133052,0.199420780325454,1,0.116953384113003,1.55211938153116,0.66811374034296,1,2.50711029187461
300,44,1,2,1080.74921093318,0.198599302138973,2,0.0502386442403804,1.78576159105251,0.601434704190979,1,-2.50711029187461
301,108,1,2,1084.00007930908,0.198210073071095,2,0.20359460358668,1.82262187625383,0.754779250051797,1,-2.50711029187461
302,420,3,1,1087.1334856692,0.19833210955403,3,0.399837167629812,1.98519407751337,0.951153508140123,1,-2.50711029187461
303,179,1,1,1090.23321756939,0.198263335996671,1,0.0667331770364399,1.66924133401881,0.618057711841175,1,2.50711029187461
304,417,3,1,1093.35009954607,0.198515603256965,3,0.356549920385078,1.99174424665398,0.907408843577286,1,-2.50711029187461
305,434,3,1,1096.49957462824,0.198152420347469,3,0.367503060422678,2.01872601522155,0.918024846861954,1,-2.50711029187461
306,258,2,2,1099.66526505182,0.198315428307978,3,0.146382905997598,1.53282005823348,0.697530092820671,1,3.27827420092868
307,261,2,5,1102.56589399332,0.198191928559027,3,0.143483881087377,1.71190669272073,0.694329049569205,1,-3.27827420092868
308,55,1,1,1105.64967159895,0.198241972295364,1,0.0910898443107726,1.5724333342805,0.654484869963198,1,2.50711029187461
309,73,1,1,1108.6469821139,0.198906588244427,2,0.218430962031562,1.88726287389727,0.769515228368618,0,2.50711029187461
310,391,2,7,1111.83151093163,0.198507408960722,3,0.13855208543464,1.59049268498165,0.689090553118149,1,-3.27827420092868
311,269,2,5,1114.79989587391,0.198365179392567,3,0.113097382478372,1.49375316614351,0.674626449841526,1,-3.27827420092868
312,133,1,1,1117.69667495949,0.199021601043569,2,0.293675086208168,1.66177720820815,0.844101174974639,0,2.50711029187461
313,217,2,1,1120.58007656399,0.198983263442642,3,0.107969801676518,1.82602572833275,0.658522902032928,1,3.27827420092868
314,363,2,3,1123.8137729144,0.198776942774202,3,0.269799833831712,1.68833814114259,0.820440144911117,1,3.27827420092868
315,157,1,1,1126.74711173011,0.199204216785802,2,0.105986489361385,1.8751470217685,0.657697619351893,0,2.50711029187461
316,84,1,2,1130.03105199252,0.198212999606767,2,0.0990383115531586,1.73505996907807,0.650166183251713,1,-2.50711029187461
317,346,2,2,1133.18229001897,0.198567988221839,3,0.11905258718798,1.88769161117671,0.669831323340986,1,3.27827420092868
318,91,1,1,1136.46719750098,0.198207146539062,2,0.383026861780309,1.96228516677184,0.944490960082476,0,2.50711029187461
319,352,2,8,1139.56210998443,0.199060523947992,3,0.101017234068422,1.81941966238992,0.651594917311741,1,-3.27827420092868
320,411,3,1,1142.79650197205,0.19865666221267,3,0.410963558500953,1.92963733508623,0.961677910900107,1,-2.50711029187461
321,142,1,2,1145.83046732949,0.19874240966783,2,0.047362446301122,1.78303581697583,0.598777996325225,1,-2.50711029187461
322,285,2,5,1149.0813576544,0.198328305059476,3,0.0637115303416067,1.74941725385179,0.614786431766333,1,-3.27827420092868
323,198,1,2,1152.28230871952,0.198295235222758,2,0.0929236107240285,1.7232680843008,0.654999354699612,1,-2.50711029187461
324,174,1,2,1155.42824971883,0.198944633189967,2,0.0657194255454669,1.81751565915329,0.615986603495912,1,-2.50711029187461
325,148,1,2,1158.69592605936,0.198735678637604,2,0.0197362548733508,1.73819545795959,0.570179317537622,1,-2.50711029187461
326,71,1,1,1161.92988374928,0.198566817607571,1,0.0381614223661018,1.52372321891926,0.589307438576725,1,2.50711029187461
327,88,1,2,1164.93068825357,0.198261580077087,2,0.0176689510208234,1.58694133557037,0.569022751169541,1,-2.50711029187461
328,382,2,6,1168.01514920496,0.198294942567372,3,0.152443758594018,1.78291407314646,0.715161876856655,1,-3.27827420092868
329,416,3,1,1171.16098367843,0.199184023696944,3,0.489745277378461,2.10879771823966,1.04050206452303,1,-2.50711029187461
330,444,3,1,1174.2953833043,0.199145978751403,3,0.340980172437412,1.72651595209936,0.892335143200398,1,-2.50711029187461
331,164,1,2,1177.19598473637,0.198188124064473,2,0.072510155805503,1.44133688770671,0.623195535512423,1,-2.50711029187461
332,122,1,2,1180.07952359533,0.198752067231908,2,0.0688642793375038,1.45401492708152,0.620019075151504,1,-2.50711029187461
333,226,2,2,1182.97977296532,0.198200708164222,3,0.0629831159440073,1.46537953784718,0.614283067863653,1,3.27827420092868
334,77,1,1,1185.89742116721,0.198255434355815,1,0.0772511414215842,1.61241096385129,0.628009391833984,1,2.50711029187461
335,264,2,8,1188.94734052656,0.198366350005017,3,0.0985065602653776,1.63361663161231,0.649239057174782,1,-3.27827420092868
336,314,2,2,1191.9998127018,0.198397371270403,3,0.435700089932652,2.0139215238105,0.995607564622333,1,3.27827420092868
337,331,2,3,1195.09413314736,0.199280891984017,3,0.295322432382818,2.03122143885412,0.846644625960835,1,3.27827420092868
338,80,1,2,1198.34544108872,0.198754701112193,2,0.21868498520962,1.60401034705501,0.769839781025439,1,-2.50711029187461
339,297,2,1,1212.6157653575,0.198207146537243,3,0.211238418605717,1.98950661850358,0.768039962411422,1,3.27827420092868
340,253,2,5,1215.91016505361,0.198525553472791,3,0.168397467845352,1.87183125837146,0.719463297016773,1,-3.27827420092868
341,116,1,2,1219.12881901756,0.198165589750715,2,0.017921218281117,1.58677247454034,0.568521143186445,1,-2.50711029187461
342,151,1,1,1222.2131087667,0.198279139282022,2,0.0193160045437253,1.70419029964978,0.570051135333415,0,2.50711029187461
343,342,2,6,1225.41346954985,0.198289089499667,3,0.107396493602209,1.48775581934024,0.670056081176881,1,-3.27827420092868
344,234,2,2,1228.30984828553,0.199437754225073,3,0.163313785060382,1.7995487869357,0.715150463372993,1,3.27827420092868
345,273,2,1,1231.46106055848,0.198627982175822,3,0.0351760646954062,1.70420698089765,0.58659366329266,1,3.27827420092868
346,260,2,4,1234.64531077015,0.198167345672118,3,0.0559442155736178,1.62440624276496,0.606688711275638,1,3.27827420092868
347,150,1,2,1237.7301428061,0.198513554681995,2,0.0422629602308007,1.7554339157814,0.602409240122142,1,-2.50711029187461
348,39,1,1,1240.95931063728,0.198984141403344,1,0.0281986215450161,1.44650836652363,0.578796790528941,1,2.50711029187461
349,332,2,4,1243.89385459982,0.198376885529797,3,0.224958596854776,1.89465559227028,0.776633730474714,1,3.27827420092868
350,393,2,1,1247.07898482036,0.198312501774126,3,0.303327967045334,1.83818401521057,0.853729765574826,1,3.27827420092868
351,13,1,1,1250.12930131042,0.198383031251069,1,0.310486855325507,1.81193446553152,0.861034395264141,1,2.50711029187461
352,145,1,1,1253.14605806069,0.198247240059573,1,0.133657164113174,1.74691360373254,0.695939814066151,1,2.50711029187461
353,215,2,7,1256.27543663161,0.198997603461976,3,0.0538561333287362,1.47295955441768,0.604690180980469,1,-3.27827420092868
354,210,2,2,1259.21000546969,0.198633835243527,3,0.199479603665168,1.63488528424386,0.75043744371942,1,3.27827420092868
355,129,1,1,1262.16089822362,0.198214462874603,1,0.17565849217317,1.64450948504418,0.726947030607334,1,2.50711029187461
356,239,2,7,1265.14511220479,0.198270944987598,3,0.0727928590222291,1.62024178441243,0.635297925584382,1,-3.27827420092868
357,299,2,3,1268.20863526632,0.19935668922335,3,0.0768472796844435,1.59616899096909,0.628417643372813,1,3.27827420092868
358,403,3,1,1271.24297931731,0.198485752605848,3,0.541504548858939,1.99392363676816,1.09271026636998,1,-2.50711029187461
359,106,1,2,1274.2108626516,0.198205683271226,2,0.0664891040723887,1.81799239159591,0.616999769683389,1,-2.50711029187461
360,256,2,8,1277.47766073917,0.198236119227658,3,0.107307234304244,1.75893434349564,0.658006076069796,1,-3.27827420092868
361,115,1,1,1280.64487471653,0.198279724589156,1,0.0402895981296751,1.40809848139361,0.59063696312478,1,2.50711029187461
362,340,2,4,1283.52788796993,0.198322451991771,3,0.0186601681980392,1.6992356770279,0.581282881443258,1,3.27827420092868
363,407,3,1,1286.72588265007,0.198742117012443,3,0.453872112206227,2.02288432785281,1.00523352134223,1,-2.50711029187461
364,197,1,1,1289.81035677087,0.198335621395017,1,0.145581620896337,1.69795151376456,0.696524242970554,1,2.50711029187461
365,266,2,2,1292.87808965204,0.198188709373426,3,0.092516237144082,1.62252857834028,0.655011646143976,1,3.27827420092868
366,87,1,1,1295.92416032609,0.198971264651846,1,0.0433320232205006,1.7281223267928,0.593778597727578,1,2.50711029187461
367,248,2,8,1299.12473211236,0.199219434764018,3,0.0698168662620446,1.47167802503463,0.620829139854322,1,-3.27827420092868
368,281,2,1,1302.04213741191,0.198418442316324,3,0.0624627781417075,1.49812599374127,0.613688103432651,1,3.27827420092868
369,347,2,3,1304.99305562669,0.198211536338931,3,0.0335164270763926,1.43591255632418,0.584442367904558,1,3.27827420092868
370,398,2,6,1307.91090956394,0.198373958994125,3,0.148575172863275,1.54951652189629,0.698884785562768,1,-3.27827420092868
371,438,3,1,1310.82745153586,0.198389762281295,3,0.208731549297227,1.90549664604441,0.770774223437911,1,-2.50711029187461
372,49,1,1,1314.03979442852,0.199001993263664,1,0.106190468804925,1.52468985320775,0.656630019630029,1,2.50711029187461
373,354,2,2,1316.97406388215,0.199013699399075,3,0.0162317300128052,1.46711936250722,0.566679767785899,1,3.27827420092868
374,362,2,2,1319.94080089294,0.199013406745507,3,0.0174749217949284,1.58601508745596,0.568426616126089,1,3.27827420092868
375,118,1,2,1323.0248234495,0.198832546924677,1,0.0670550958129752,1.60298840126597,0.619008250192564,0,-2.50711029187461
376,308,2,4,1326.0762558271,0.198313379734827,3,0.0799815979517007,1.44851977356848,0.630981580101434,1,3.27827420092868
377,149,1,1,1328.96028078341,0.198348790800082,1,0.0616992453342391,1.61259914000766,0.612033733576027,1,2.50711029187461
378,305,2,1,1332.02703327557,0.198246362098871,3,0.0189191664885584,1.7156555831989,0.581292539005517,1,3.27827420092868
379,415,3,1,1335.23965243308,0.198944047882833,3,0.493106402056583,2.24455408542599,1.04362467665487,1,-2.50711029187461
380,441,3,1,1338.50673146794,0.199364883519593,3,0.52743025995369,1.94597207910556,1.07865499994114,1,-2.50711029187461
381,218,2,2,1341.44073197306,0.198885224543119,3,0.35563098860257,2.09129850620957,0.907209546589002,1,3.27827420092868
382,339,2,3,1344.69175604059,0.198248118018455,3,0.333259974873727,1.95233377943441,0.884663526103395,1,3.27827420092868
383,66,1,2,1347.82617117709,0.198310453199156,2,0.0583963586886966,1.7219441201687,0.62089615748846,1,-2.50711029187461
384,89,1,1,1351.00583111966,0.199295232003351,1,0.171280396814836,1.6070700386972,0.722455093062308,1,2.50711029187461
385,357,2,5,1353.95721172686,0.198564476380852,3,0.356208101173252,1.79110427212618,0.90696752219992,1,-3.27827420092868
386,419,3,1,1356.90748054367,0.198072818611763,3,0.507806384001015,1.99252738723953,1.05824944666529,1,-2.50711029187461
387,251,2,3,1359.90887094013,0.198179344462915,3,0.144436468011918,1.79150725590262,0.705652103550165,1,3.27827420092868
388,446,3,1,1363.07205888421,0.198951364220193,3,0.447445442814569,2.11610293323611,0.99840445348309,1,-2.50711029187461
389,83,1,1,1366.25685811371,0.198633249936393,1,0.067680788853977,1.78653887857035,0.619025224092184,1,2.50711029187461
390,104,1,2,1369.49127058707,0.198253971087979,2,0.232737910413562,1.78475632650952,0.784101368126358,1,-2.50711029187461
391,348,2,4,1372.55847727736,0.19829728379591,3,0.186544321923066,1.73363182032517,0.7491231371514,1,3.27827420092868
392,8,1,2,1375.62159589185,0.19900257856898,2,0.17515834745609,1.9099803892932,0.725711740464249,1,-2.50711029187461
393,447,3,1,1378.87199631491,0.198977410373118,3,0.43428130609027,2.03532005018496,0.984762121046515,1,-2.50711029187461
394,101,1,1,1381.98872142934,0.198993213658468,2,0.280749754683711,1.79936675650242,0.831736274772993,0,2.50711029187461
395,379,2,3,1385.02274531747,0.198644956073622,3,0.138568474027124,1.7411594519308,0.690255899087788,1,3.27827420092868
396,17,1,1,1388.14062143786,0.19834908345365,2,0.098414959740694,1.56704353600253,0.649346753640202,0,2.50711029187461
397,86,1,2,1391.12442599687,0.198295527874507,2,0.0177555764366844,1.55281297016518,0.568421348365518,1,-2.50711029187461
398,69,1,1,1394.17473429263,0.198229388199252,2,0.081723763840273,1.64512610582824,0.643769657164739,0,2.50711029187461
399,442,3,1,1397.25416979928,0.199093008479394,3,0.219922616579424,1.82130815499295,0.770376507420224,1,-2.50711029187461
400,56,1,2,1400.37155455455,0.19894755972382,2,0.0174351209298038,1.55255894698712,0.568348477661857,1,-2.50711029187461
401,130,1,2,1403.42207121955,0.198783381147223,2,0.0296182833480998,1.78208323005128,0.581275272452331,1,-2.50711029187461
402,384,2,8,1406.69002002042,0.198339718543139,3,0.0620562825224624,1.5140343417097,0.613379939366496,1,-3.27827420092868
403,402,3,1,1409.65732302296,0.198395615349,3,0.573312757845997,2.05796528018254,1.12392292562072,1,-2.50711029187461
404,343,2,7,1412.65793525394,0.198248703327408,3,0.303497706036069,2.04972825665391,0.865348106870442,1,-3.27827420092868
405,265,2,1,1415.92029905669,0.198986189978314,3,0.441692168973532,2.02662443872759,0.992339211083163,1,3.27827420092868
406,282,2,2,1419.02075527413,0.19932917980077,3,0.180852797957414,1.58271337142287,0.732009349690998,1,3.27827420092868
407,405,3,1,1421.93806429069,0.198313672388394,3,0.216067492905495,1.7855573189554,0.76752518502326,1,-2.50711029187461
408,60,1,2,1425.0231102563,0.198250166593425,2,0.0560633255208813,1.52452216279198,0.606883911113982,1,-2.50711029187461
409,439,3,1,1428.00662099127,0.198374836956646,3,0.50338819512217,2.00477785994735,1.05389330031539,1,-2.50711029187461
410,364,2,4,1431.02380443025,0.198320110763234,3,0.227510242137214,1.90746327711531,0.789752213264364,1,3.27827420092868
411,309,2,5,1434.21972683143,0.198955168712928,3,0.135755196573882,1.70357631274783,0.685975257321843,1,-3.27827420092868
412,170,1,2,1437.30353048322,0.198761724794167,2,0.0537475589044334,1.77227173105348,0.604375285885908,1,-2.50711029187461
413,223,2,7,1440.53752446217,0.198929415211751,3,0.346372897249239,1.88187951399595,0.897817419961939,1,-3.27827420092868
414,431,3,1,1443.58851464043,0.198238753109763,3,0.630237362418484,2.1988682506435,1.18109131050551,1,-2.50711029187461
415,275,2,3,1446.67262733424,0.198310745852723,3,0.234809604065958,1.89881741674253,0.797921633848091,1,3.27827420092868
416,436,3,1,1449.85256237103,0.19880591546098,3,0.439782605322762,2.11010529377927,0.991597627282317,1,-2.50711029187461
417,144,1,2,1453.03856177226,0.198212999606767,2,0.0180403282283805,1.59901475295374,0.581128653084306,1,-2.50711029187461
418,189,1,1,1456.13560740659,0.199187828193317,1,0.109206262432053,1.81168190561766,0.660308965934746,1,2.50711029187461
419,50,1,2,1459.35279927399,0.198696170426047,2,0.0454408838595555,1.71497399335385,0.596544172671202,1,-2.50711029187461
420,216,2,8,1462.53800295053,0.19825923884855,3,0.0453893768553826,1.49727320163765,0.596396090031703,1,-3.27827420092868
421,193,1,1,1465.50486463169,0.198275627442854,1,0.0857653077491705,1.73776028230532,0.636918640297154,1,2.50711029187461
422,232,2,8,1468.67210816705,0.198383909211771,3,0.13412716552557,1.73112319509528,0.696742562433428,1,-3.27827420092868
423,7,1,1,1471.78502088521,0.199171146947265,1,0.0890204918850941,1.85778506419774,0.639963406614697,1,2.50711029187461
424,152,1,2,1475.0699348056,0.198117887241096,2,0.0208770179542626,1.58947483634074,0.571340566360959,1,-2.50711029187461
425,63,1,1,1478.1537270439,0.198139250940585,1,0.0771501759863895,1.52917944952424,0.628189959001247,1,2.50711029187461
426,268,2,4,1481.12267973384,0.198201293469538,3,0.165258174469272,1.92792794638262,0.726094823809035,1,3.27827420092868
427,296,2,8,1484.40114591378,0.199192803300321,3,0.211795630742927,1.69765447053032,0.763060464247246,1,-3.27827420092868
428,46,1,2,1487.40265805407,0.19872865495563,2,0.0480914460040367,1.58364576526037,0.599285750031413,1,-2.50711029187461
429,138,1,2,1490.45332104579,0.198201586123105,2,0.0555666926447884,1.55831661062803,0.607229827472111,1,-2.50711029187461
430,65,1,1,1493.4710655014,0.19812491092307,1,0.0170151632537454,1.51413852633232,0.579805274257524,1,2.50711029187461
431,263,2,7,1496.48406604486,0.198946096455984,3,0.147701895019054,1.56612050707372,0.698185929164538,1,-3.27827420092868
432,330,2,2,1499.41817307583,0.198988823858599,3,0.221965044887838,1.84064376731658,0.772865524870213,1,3.27827420092868
433,212,2,4,1502.55215391464,0.198510042841008,3,0.206777209672509,1.64252383150051,0.758101451823677,1,3.27827420092868
434,204,2,4,1505.50294745905,0.198212999606767,3,0.0695844994352228,1.57191387443527,0.620956736751396,1,3.27827420092868
435,47,1,1,1508.52044169598,0.198381275331485,1,0.227802895571585,1.94606367963024,0.778462521777328,1,2.50711029187461
436,380,2,4,1511.75442104225,0.19828030989629,3,0.255711497564334,1.93582666254224,0.818097746830972,1,3.27827420092868
437,231,2,7,1514.95093899317,0.198724265153942,3,0.258551991784771,2.02713863080862,0.80916859793615,1,-3.27827420092868
438,413,3,1,1518.23487749966,0.198834595499648,3,0.566455887908887,1.96764160255952,1.11714682803176,1,-2.50711029187461
439,270,2,6,1521.1507732928,0.199262747471948,3,0.192702628115512,1.82797509285047,0.743874690482698,1,-3.27827420092868
440,27,1,1,1524.30140377072,0.198711681056011,1,0.122110815562337,1.54123179585804,0.673642548999851,1,2.50711029187461
441,147,1,1,1527.23555030991,0.198297869101225,1,0.0171053005105932,1.51965475089128,0.567984416789841,1,2.50711029187461
442,333,2,5,1530.25296435979,0.198336499355719,3,0.658814677506598,2.1897002965452,1.22193636485099,1,-3.27827420092868
443,64,1,2,1533.29940992288,0.199182560430927,2,0.121827819693863,1.79099774627684,0.672698741678687,1,-2.50711029187461
444,235,2,3,1536.48357028994,0.198982385481941,3,0.335827716095082,2.05433023188925,0.886638644124105,1,3.27827420092868
445,202,2,2,1539.71754261254,0.198527602047761,3,0.0788507850866154,1.5809925692356,0.629729901367682,1,3.27827420092868
446,428,3,1,1542.73452207207,0.198215340833485,3,0.474652847182369,2.0434663511478,1.02552230589754,1,-2.50711029187461
447,338,2,2,1545.81878460444,0.198273286214317,3,0.178642679231416,1.84745937311891,0.729677487137451,1,3.27827420092868
448,426,3,1,1549.00270060588,0.198409955366515,3,0.529855771608709,1.9436762129244,1.09252648001348,1,-2.50711029187461
449,365,2,5,1551.93272248758,0.199354640650199,3,0.311146203510361,1.79738081030519,0.862890695991155,1,-3.27827420092868
450,191,1,1,1554.93481086248,0.198533455115466,1,0.0864269971607428,1.75536719079901,0.637153933657828,1,2.50711029187461
