PresOrder,TrialNumber,Illusory_Fragmented,Fat_Thin,StimPresTime,StimPresLength,Response,RespScreenOnset_to_Resp,ExpStartOnset_to_Resp,StimOnset_to_Resp,Accuracy,StepLevel
1,79,1,1,179.109170505037,0.198435132720988,NaN,NaN,NaN,NaN,0,0.75
2,334,2,6,182.411674930663,0.199309283409093,3,0.768542925130532,2.54245835053916,1.32030906362888,1,-3.06397109651608
3,161,1,1,185.719755249513,0.198415817709247,2,1.22851212060959,2.93042205353231,1.81139679446824,0,0.75
4,209,2,1,188.937469399603,0.198470836232445,3,0.597600372953821,2.26462270901357,1.14966530886159,1,3.06397109651608
5,273,2,1,192.12605475338,0.198355531452762,3,0.484373129771484,2.01175640490328,1.05818852682205,1,3.06397109651608
6,401,3,1,195.170827247397,0.198278271400341,3,1.19881265343975,2.91130545786655,1.75937180552501,1,-0.75
7,169,1,1,198.399315077913,0.198930006781666,2,0.750894855797014,2.35461106440016,1.30292877061947,0,0.75
8,419,3,1,201.517498085326,0.198385674581004,3,0.775698259689307,2.22916297803567,1.32771168888939,1,-0.75
9,129,1,1,204.484690364237,0.198342069475984,2,1.20128760903754,2.83721189535572,1.75200927354854,0,0.75
10,136,1,2,207.662878973002,0.199291431656093,2,0.690679130508215,2.39490540179577,1.24151609979708,1,-0.75
11,314,2,2,210.882089743991,0.198915374194257,3,0.65490099445924,2.20777423441541,1.20608212216939,1,3.06397109651608
12,34,1,2,213.949310966156,0.198615406181489,2,0.545268099704117,2.30102916830583,1.11613678658432,1,-0.75
13,320,2,8,217.220803966951,0.19823817811448,3,0.524387984773057,2.05277885977739,1.0846524365752,1,-3.06397109651608
14,266,2,2,220.265060223333,0.198812946093312,3,0.534389942615235,2.30465541576996,1.08602175397209,1,3.06397109651608
15,429,3,1,223.549734550257,0.218519527625176,3,0.624715725436545,2.32393882291399,1.20584390366821,1,-0.75
16,150,1,2,226.76427606305,0.199360790113133,2,1.24704604669932,2.68500051653064,1.7996778489869,1,-0.75
17,335,2,7,229.716605146397,0.19839123496422,3,0.558556536361721,2.0608496089153,1.10910378044537,1,-3.06397109651608
18,268,2,4,232.732989252951,0.198251932744824,3,0.490579687453646,2.04436951259777,1.05900824429045,1,3.06397109651608
19,172,1,2,235.800930398349,0.198289977468448,2,0.721988767441871,2.33618629740158,1.28470183618447,1,-0.75
20,114,1,2,238.931161877079,0.198828163982398,2,0.634849083897279,2.02215724703819,1.18661492974388,1,-0.75
21,221,2,5,241.833562821057,0.216790248610778,3,0.742404151440496,2.42371579303835,1.32149401044262,1,-3.06397109651608
22,92,1,2,245.029678688896,0.198991463641505,2,0.598245084695009,2.05171507077466,1.14932846672855,1,-0.75
23,189,1,1,247.998226530575,0.198549266893679,2,0.540085823044137,2.24306861717014,1.09131348237679,0,0.75
24,400,2,8,251.215787916468,0.198529951878299,NaN,NaN,NaN,NaN,0,-3.06397109651608
25,304,2,8,254.379346280441,0.198382162760026,NaN,NaN,NaN,NaN,0,-3.06397109651608
26,22,1,2,257.495659243361,0.199312795230071,2,0.921364482792342,2.64136116997361,1.47254151337802,1,-0.75
27,122,1,2,260.730535368277,0.198819091778205,2,1.2656566475398,2.90228476124503,1.81725977902897,1,-0.75
28,113,1,1,263.881641108903,0.198374261164645,2,0.815905679521165,2.61512523591409,1.37811480200253,0,0.75
29,181,1,1,267.196210394344,0.199031849579114,2,0.671264322740171,2.09242087648636,1.22400908859163,0,0.75
30,53,1,1,270.131390379542,0.198258371083284,3,0.661450247303947,2.38144254471263,1.21312888294051,0,0.75
31,185,1,1,273.365330311606,0.198472006839438,2,0.530982013331595,1.97935868887362,1.09248584516899,0,0.75
32,326,2,6,276.327675107425,0.199211245084371,NaN,NaN,NaN,NaN,0,-3.06397109651608
33,208,2,8,279.280422975384,0.198565655389757,3,0.711153922806261,2.26438975824385,1.26263004344946,1,-3.06397109651608
34,28,1,2,282.347900267805,0.198440400454274,2,0.437029105092734,1.9569029370814,0.988373239810244,1,-0.75
35,159,1,1,285.399275569931,0.198259249038529,2,1.08110608302923,2.54525785689475,1.64314517486127,0,0.75
36,305,2,1,288.37883940766,0.235345245624558,3,0.652702009434506,2.25382005606662,1.25200971252525,1,3.06397109651608
37,190,1,2,291.493735350952,0.199207147958077,2,0.52571837949472,2.16269123692473,1.07658285804246,1,-0.75
38,111,1,1,294.645362596944,0.198375724423386,2,0.476171857966619,2.22721742939939,1.0289889087926,0,0.75
39,364,2,4,297.910544856046,0.199278554979173,3,0.375376459856852,1.94594488607254,0.926744884665823,1,3.06397109651608
40,51,1,1,300.995795472736,0.199051749896171,2,0.536000112379043,1.95634485025221,1.087853753741,0,0.75
41,431,3,1,303.931283620195,0.19827358897237,3,0.627618245194753,2.30904431361523,1.18211833606438,1,-0.75
42,206,2,6,307.128289441916,0.199382153687111,1,1.00222590898375,2.67206852966774,1.55374739064428,0,-3.06397109651608
43,101,1,1,310.312560816685,0.198531707790607,1,1.01012457891193,2.47949755211448,1.56112543316158,1,0.75
44,186,1,2,313.296410831508,0.198191939141907,2,0.304741162723076,1.82381985998836,0.855741139017482,1,-0.75
45,251,2,3,316.329824049006,0.198352604937099,3,0.507614944084708,1.8942134268018,1.05831641562509,1,3.06397109651608
46,430,3,1,319.231893711236,0.198391820267716,3,0.760534218155954,2.42412755400801,1.32211531004577,1,-0.75
47,352,2,8,322.411257316659,0.218993916063482,3,0.460036212723935,2.06079195652637,1.04250649174537,1,-3.06397109651608
48,265,2,1,325.528129829667,0.198738027253057,3,0.383730495859709,2.08787540996855,0.935579454795516,1,3.06397109651608
49,8,1,2,328.746578828228,0.198295830503412,2,0.399225819139247,2.18114819561197,0.962544676944162,1,-0.75
50,242,2,2,332.04253604957,0.218264042672672,3,0.233903643251324,1.95729070061134,0.804788425975858,1,3.06397109651608
51,427,3,1,335.280646268646,0.19827036980314,3,0.71907893138814,2.18335098510943,1.28106651651615,1,-0.75
52,24,1,2,338.259065252847,0.199293480216511,2,0.986924906444983,2.54050226643994,1.5379597082956,1,-0.75
53,134,1,2,341.327709640327,0.198919178666983,3,0.923729108691987,2.34420758840133,1.4756447922191,0,-0.75
54,130,1,2,344.262968056186,0.198398551256105,2,0.549717869109372,2.06469651577754,1.12977962447439,1,-0.75
55,19,1,1,347.293510945612,0.198932933299147,1,0.444900265756587,2.09835556071994,0.996189381952718,1,0.75
56,331,2,3,350.461839532623,0.198530829835363,3,0.795124773523639,2.17759013599789,1.35880827537221,1,3.06397109651608
57,415,3,1,353.358565081791,0.198940834894529,3,0.576770301469878,2.11310784128,1.12745889633334,1,-0.75
58,383,2,7,356.427526411086,0.198317486730957,3,0.545846964805605,2.11581399173701,1.09693034684278,1,-3.06397109651608
59,140,1,2,359.51182005665,0.198377772983804,NaN,NaN,NaN,NaN,0,-0.75
60,39,1,1,362.64720776604,0.198323047112353,1,1.37204930245025,2.9443235955423,1.94252056829464,1,0.75
61,307,2,3,365.734775013747,0.198353190240596,3,0.582925937751497,2.20867765027651,1.14057115665491,1,3.06397109651608
62,311,2,7,368.875997613131,0.199096818261751,3,0.332791537448429,2.03530023578969,0.883821656871078,1,-3.06397109651608
63,13,1,1,372.093570705094,0.199015461083036,2,1.44471618782518,2.83356457696755,2.01543971945284,0,0.75
64,247,2,7,374.997140500041,0.198238470766228,3,0.540473293920513,2.17013102895544,1.10175939287728,1,-3.06397109651608
65,57,1,1,378.141595145025,0.199006388880662,2,1.11809930902018,2.52143044648983,1.66912006358689,0,0.75
66,393,2,1,381.060053888887,0.198320705900187,3,0.5734103670693,2.24325357305861,1.12462339381818,1,3.06397109651608
67,55,1,1,384.243967643255,0.217388721379393,NaN,NaN,NaN,NaN,0,0.75
68,260,2,4,387.20767970791,0.199125205477685,3,0.556716342343861,2.32735377583595,1.10817958631378,1,3.06397109651608
69,315,2,3,390.49303064561,0.19849102920125,3,0.353148098451129,1.90590193650496,0.904145148229873,1,3.06397109651608
70,192,1,2,393.56018455788,0.198264516769996,2,1.110608302939,2.83087861947934,1.66228898713598,1,-0.75
71,449,3,1,396.794496157629,0.198411720584772,3,0.495178416584167,2.18055499057482,1.07854391721958,1,-0.75
72,339,2,3,399.994501952133,0.198342069475984,3,0.298954852913084,1.98039174944643,0.861694260309378,1,3.06397109651608
73,184,1,2,403.190520952254,0.199536966449159,2,1.18799244139154,2.57633629896736,1.74052064496937,1,-0.75
74,344,2,8,406.093190257858,0.19840235573065,3,0.516950533958152,1.95364923525813,1.06818229041528,1,-3.06397109651608
75,196,1,2,409.044329419312,0.198419036876658,2,0.687696131524717,2.20226389517666,1.25032930634916,1,-0.75
76,441,3,1,412.074420161831,0.220808649379251,3,0.591932294439175,2.2762152289506,1.1740888508175,1,-0.75
77,11,1,1,415.272779790408,0.199240510255549,1,1.26581380151401,2.88656614470347,1.81774382497497,1,0.75
78,46,1,2,418.408095800125,0.198826408071909,2,0.736311142627528,2.20670693359352,1.28794558785012,1,-0.75
79,312,2,8,421.392591989947,0.19840733080855,3,0.779071948718411,2.16586006975012,1.33103094470061,1,-3.06397109651608
80,67,1,1,424.294597268798,0.198434840071059,2,0.959523340585292,2.4399802050375,1.51783726866961,0,0.75
81,258,2,2,427.290159790766,0.199567987530827,2,0.533928138198462,2.00443806333533,1.08579875336181,0,3.06397109651608
82,403,3,1,430.275598904429,0.198596383821496,3,0.704288606102637,2.09064213933016,1.25551831399935,1,-0.75
83,138,1,2,433.192758567306,0.198259541688458,2,0.465086796109972,2.01364752031805,1.02822420984739,1,-0.75
84,275,2,3,436.255690393209,0.199110280240347,3,0.216908479906124,1.68663878086045,0.767643606393904,1,3.06397109651608
85,88,1,2,439.240248625194,0.198982391439131,2,0.416787263562583,2.0542166576779,0.968926825657036,1,-0.75
86,216,2,8,442.391913037956,0.198378065637371,3,0.42662679969726,2.15031002059914,0.981781845117439,1,-3.06397109651608
87,289,2,1,445.630498230774,0.198397087999183,3,0.699941557451893,2.4796547060887,1.27801298847044,1,3.06397109651608
88,201,2,1,448.92495385614,0.198263346161184,3,1.02995612272753,2.44932603772031,1.58112788558174,1,3.06397109651608
89,230,2,6,451.859064491951,0.198464983197482,1,1.06629527212499,2.73108730942113,1.64594204734931,0,-3.06397109651608
90,366,2,6,455.040026268418,0.199066675133508,3,1.16850856781821,2.82210433560613,1.72052872801032,1,-3.06397109651608
91,188,1,2,458.208005721926,0.198361384489544,2,1.20606719693205,2.92603813076312,1.75741396551712,1,-0.75
92,45,1,1,461.442173044376,0.198371041995415,2,0.669600597711906,2.06770380485432,1.23241726516244,0,0.75
93,93,1,1,464.354614576221,0.198412305888269,1,0.662828344256923,2.11513738096073,1.22465087381352,1,0.75
94,225,2,1,467.323585884938,0.198333289923539,3,0.488865918981901,2.04242250070274,1.04034057636636,1,3.06397109651608
95,105,1,1,470.391232622706,0.198306365964527,2,0.719065762059472,2.43875077516168,1.27000867127026,0,0.75
96,433,3,1,473.625092953502,0.198365774263948,3,0.572002126993539,2.03675003241187,1.13299147710495,1,-0.75
97,416,3,1,476.603701576018,0.199280310889662,3,0.59224894359977,2.12995375224818,1.14375930449569,1,-0.75
98,120,1,2,479.656496531637,0.198503027921106,2,0.970596696372013,2.5570783525236,1.521974193387,1,-0.75
99,287,2,7,482.757097023703,0.217565190367168,3,0.0953620262753248,1.54449345059948,0.676430210905892,1,-3.06397109651608
100,16,1,2,485.720314506951,0.199240510255549,2,0.478000053262804,1.96519141909994,1.02922449342805,1,-0.75
101,127,1,1,488.722328828741,0.198692666235729,1,0.85389948174452,2.32320134057773,1.404887751969,1,0.75
102,408,3,1,491.705790202079,0.198601651551144,3,1.04902940593638,2.63549379563665,1.60025647996736,1,-0.75
103,228,2,4,494.806501316492,0.198258663735032,3,0.237515258129861,1.68678276550781,0.799177999848325,1,3.06397109651608
104,59,1,1,497.770467110189,0.199529650155455,2,0.820892757483307,2.25902340365064,1.37328517066453,0,0.75
105,361,2,1,500.723035289993,0.198355238802833,3,0.405986366527941,2.02607614622138,0.957810157415224,1,3.06397109651608
106,141,1,1,503.857531874894,0.198413183841694,2,0.446487023384179,2.02772084888784,1.00878774585181,0,0.75
107,9,1,1,506.953034666643,0.199362546021803,2,0.918196235270443,2.57206826628317,1.46970425495056,0,0.75
108,450,3,1,510.121573962893,0.198854502636095,3,0.52025574248546,2.12351131728065,1.07154749254551,1,-0.75
109,439,3,1,513.239152351851,0.198235544248746,3,0.514133761151243,2.02997836425857,1.09490344102778,1,-0.75
110,29,1,1,516.269987307694,0.199481362622464,2,0.587385949966119,1.99117479472625,1.1389577677237,0,0.75
111,30,1,2,519.188353280962,0.198291148075441,2,0.475416523875538,2.12884548018337,1.02674456275054,1,-0.75
112,379,2,3,522.356225331288,0.1983783582873,3,0.805810365782236,2.3210377664127,1.36511755380525,1,3.06397109651608
113,84,1,2,525.386892890348,0.199222073197234,2,0.922955922847905,2.61016625251432,1.47481658785,1,-0.75
114,321,2,1,541.420239968556,0.198918593363487,3,0.904135783373931,2.67234654880303,1.45576027844072,1,3.06397109651608
115,356,2,4,544.705504281348,0.198406452853305,3,0.212324968664689,1.66717392964711,0.781972712567949,1,3.06397109651608
116,342,2,6,547.674634207298,0.198338850306754,2,0.518648791889063,2.29790803770811,1.08046488311084,0,-3.06397109651608
117,447,3,1,550.968365812309,0.199089794619795,3,0.540116258822309,2.07618572965839,1.09082592461164,1,-0.75
118,426,3,1,554.019670878022,0.19907603998945,3,0.656776014029674,2.40903140767477,1.20800308806065,1,-0.75
119,72,1,2,557.286965204588,0.199175834224661,1,1.0981138303996,2.85362555973188,1.66953679963626,0,-0.75
120,15,1,1,560.557651071938,0.198344995991647,2,0.419023122705767,2.01477598535166,0.980620017788169,0,0.75
121,254,2,6,563.668493496254,0.198757927568295,3,0.409730845285594,2.04774466488561,0.961652089195923,1,-3.06397109651608
122,255,2,7,566.820969724886,0.198443034318188,3,0.547557514111759,1.9672028143741,1.09891013572997,1,-3.06397109651608
123,135,1,1,569.754808487251,0.198338265003258,2,0.555764931603335,2.24146986082269,1.10716613340628,0,0.75
124,444,3,1,572.95490032136,0.198316316122146,3,0.536123904055785,2.27339904144901,1.10611639168565,1,-0.75
125,121,1,1,576.20622698477,0.198272125713629,1,0.992197319836123,2.42213986352544,1.55443512218699,1,0.75
126,64,1,2,579.150714465277,0.199270360730225,2,1.27722429208188,2.81356183189382,1.82812213292709,1,-0.75
127,97,1,1,582.202163808288,0.199030386320374,2,0.771724634632847,2.47392546336232,1.32305501471819,0,0.75
128,81,1,1,585.419226515651,0.198793923729681,2,0.284738124997602,1.78468383810286,0.866463898044458,0,0.75
129,272,2,8,588.433711019889,0.199293187564763,3,0.4335684985017,2.1864732863105,0.984403711876439,1,-3.06397109651608
130,177,1,1,591.701570749578,0.199347620786284,2,0.98801766797078,2.37422077821248,1.53966235600456,0,0.75
131,333,2,5,594.602075017756,0.198872354392734,3,0.573480896135152,2.22605999184634,1.12481039826707,1,-3.06397109651608
132,33,1,1,597.76950926111,0.198778998492344,NaN,NaN,NaN,NaN,0,0.75
133,443,3,1,600.692373291316,0.198273296320622,NaN,NaN,NaN,NaN,0,-0.75
134,43,1,1,603.584022796398,0.19836372570353,2,0.341713610439911,1.76370451424009,0.893257626285049,0,0.75
135,374,2,6,606.520454453002,0.198457666905597,3,0.961388995299785,2.65915468721323,1.52485300835724,1,-3.06397109651608
136,442,3,1,609.733092851659,0.199166469370539,3,1.365175206196,2.93449313161182,1.91588984706141,1,-0.75
137,323,2,3,612.817495363664,0.199049993987501,3,0.59571657383276,2.31428921774568,1.14664748432187,1,3.06397109651608
138,94,1,2,616.051015633162,0.199421076367798,2,0.61691743504889,2.12041681799201,1.16936720796548,1,-0.75
139,388,2,4,619.068860949754,0.198804166540867,3,0.490289962250245,1.94256036892875,1.0418652918288,1,3.06397109651608
140,424,3,1,622.035427831939,0.198563314173953,3,0.494519364910957,1.96027662611232,1.07601540635733,1,-0.75
141,183,1,1,625.015845920039,0.199325379255242,NaN,NaN,NaN,NaN,0,0.75
142,102,1,2,628.067651420195,0.199202758183674,2,0.536273741738114,2.27180174835848,1.0877156221286,1,-0.75
143,214,2,6,631.317551699121,0.198945809974248,3,0.279415082859487,1.81388843121385,0.830245906461641,1,-3.06397109651608
144,414,3,1,634.366831029627,0.199011949262058,3,0.210777719019461,1.79634366793834,0.761991331070021,1,-0.75
145,318,2,6,637.46739903735,0.199523211816995,3,0.406103719866223,1.79198227935376,0.958284253201782,1,-3.06397109651608
146,250,2,2,640.368267364271,0.198728369745368,3,0.606170678580384,2.27506657095,1.15787389695834,1,3.06397109651608
147,167,1,1,643.551528505301,0.198364896308703,NaN,NaN,NaN,NaN,0,0.75
148,173,1,1,646.765201135137,0.199136033592367,2,1.33182754268273,2.91811400013648,1.88300193940267,0,0.75
149,350,2,6,649.866477945327,0.198927958219429,3,0.383988614677946,1.96849809088599,0.934444844077007,1,-3.06397109651608
150,220,2,4,652.966006746792,0.217156941214853,3,0.270577293562383,1.72530041430764,0.840867700644594,1,3.06397109651608
151,418,3,1,655.935009369245,0.198322461810676,3,0.868358232628452,2.60399949546809,1.42005120819886,1,-0.75
152,95,1,1,659.185046609176,0.198343825384654,1,1.28881183694284,3.05775979205282,1.84065699140592,1,0.75
153,299,2,3,662.468423025719,0.19831865733795,3,0.749637916658685,2.51851914717918,1.30160130241711,1,3.06397109651608
154,327,2,7,665.752257149554,0.218077916179027,3,0.34125268398202,2.13852552113349,0.920119835025616,1,-3.06397109651608
155,349,2,5,669.063610485242,0.199371910877744,3,0.572974023356437,2.24308676157852,1.12393917409463,1,-3.06397109651608
156,359,2,7,672.248674068218,0.198992634248498,3,0.402207647515752,2.15408932491482,0.953116609127392,1,-3.06397109651608
157,279,2,7,675.515421721371,0.198277393445096,3,0.351628650720158,2.03943481929127,0.902792804630735,1,-3.06397109651608
158,210,2,2,678.71773712325,0.198418744224909,3,0.55769614030396,2.29312844981541,1.10924161940602,1,3.06397109651608
159,406,3,1,681.968039212989,0.198409379370787,3,0.472216377318546,1.98640515699117,1.05278442015879,1,-0.75
160,330,2,2,684.997259023989,0.199328013119157,3,0.437565828346123,1.95730182137595,0.988968200756062,1,3.06397109651608
161,308,2,4,688.031665501425,0.199068431043997,3,0.345784688521235,1.71480328975667,0.897284221302471,1,3.06397109651608
162,407,3,1,690.915396728915,0.199003169709613,3,0.574698327289298,2.3432593968264,1.12575478536746,1,-0.75
163,263,2,7,694.199193978631,0.198621259216452,3,0.65416936515976,2.15542615797131,1.20476782329388,1,-3.06397109651608
164,286,2,6,697.215105160005,0.198352897588848,3,0.291209532484572,1.89110312432058,0.854398160274286,1,-3.06397109651608
165,346,2,2,700.329940817042,0.199323915996501,3,0.149294519131217,1.7526130140468,0.700919892151433,1,3.06397109651608
166,328,2,8,703.448976318914,0.218831201706053,3,0.360240805541252,1.80935350015898,0.941737724942868,1,-3.06397109651608
167,313,2,1,706.413170088301,0.199227340928701,3,0.355925655927422,1.90898121790633,0.907301104378348,1,3.06397109651608
168,144,1,2,709.481302627924,0.199162957549561,2,0.833501071543651,2.35303689079774,1.38550952566766,1,-0.75
169,226,2,2,712.515388359076,0.198533756351026,3,0.481264875852503,2.16681382170646,1.03258120865758,1,3.06397109651608
170,412,3,1,715.715641736933,0.198230276519098,3,0.487688873761726,2.28632517527694,1.04948330875595,1,-0.75
171,432,3,1,719.028897601454,0.199246948594009,3,0.25206619430719,1.98900887934724,0.80354729003011,1,-0.75
172,123,1,1,722.280894729956,0.199180224000884,2,1.03422678928109,2.5372781224396,1.58650711685004,0,0.75
173,239,2,7,725.298342040209,0.198316316123964,3,0.376868105673566,1.97583106503953,0.940310462505295,1,-3.06397109651608
174,332,2,4,728.412533278159,0.199309283410912,3,0.380535031727049,2.13357941440881,0.9321030450119,1,3.06397109651608
175,137,1,1,731.681314860765,0.198736563992497,2,0.900408278414034,2.55251766811671,1.45169066361996,0,0.75
176,77,1,1,734.866508381107,0.1982817832195,2,0.353420557201389,1.7671943860023,0.916013931391717,0,0.75
177,413,3,1,737.794769201684,0.199302845072452,3,0.607020831828777,2.32717174646677,1.15836906366894,1,-0.75
178,96,1,2,741.029687468448,0.199028923061633,1,0.628174868767019,2.1802474136166,1.17937004375926,0,-0.75
179,165,1,1,744.115806382792,0.198359921228985,1,1.21710367860214,2.79788974697658,1.78022675240572,1,0.75
180,31,1,1,747.211140899804,0.19927094603554,1,1.1032094821494,2.80676060591759,1.654654289061,1,0.75
181,69,1,1,750.429797095781,0.199163542853057,1,0.537643351786755,2.13986937783193,1.08901119129405,1,0.75
182,178,1,2,753.546239410764,0.198254859262306,2,1.23640259628883,2.80731488827587,1.78676956691197,1,-0.75
183,293,2,5,756.631392574431,0.198396502693868,3,0.593967979804802,2.28208172533414,1.14796617297361,1,-3.06397109651608
184,7,1,1,759.833476196147,0.198383333367019,2,0.837395680635382,2.39992115962741,1.39941750601611,0,0.75
185,262,2,6,762.911425737722,0.199578815645509,2,1.28728595087523,2.82600157856359,1.85768463909153,0,-3.06397109651608
186,420,3,1,765.964662597442,0.198353190240596,3,0.483430498581583,2.16462361623235,1.04690007202225,1,-0.75
187,133,1,1,769.160716715769,0.199332110243631,1,1.40809287360753,2.96081627588319,1.95909138664501,1,0.75
188,25,1,1,772.228956658573,0.198500394055372,1,0.801782307506073,2.26827324656915,1.36504790269646,1,0.75
189,365,2,5,775.211141192456,0.199349669348521,3,0.564966779640599,1.93412292718313,1.11638817441235,1,-3.06397109651608
190,21,1,1,778.095443968754,0.199422246974791,2,0.523504761882577,2.20976485141728,1.07587229966703,0,0.75
191,395,2,3,781.296194854538,0.198393576176386,3,0.257836700926418,1.7770081687886,0.80921946566923,1,3.06397109651608
192,164,1,2,784.347438756042,0.198399721863098,2,0.521915663042819,2.26962968729276,1.08543586522865,1,-0.75
193,139,1,1,787.610909587884,0.198972148627945,2,0.396088300049087,1.78212694002468,0.947476039871617,0,0.75
194,199,1,1,790.511679291174,0.199257191403376,2,0.594834228895706,2.29743277131456,1.14664309454565,0,0.75
195,295,2,7,793.728845889897,0.19861511352974,3,0.195766441685919,1.6162059987164,0.765578655857098,1,-3.06397109651608
196,104,1,2,796.663629624665,0.198344410688151,1,0.768854891864976,2.13743714938391,1.31997017293543,0,-0.75
197,174,1,2,799.546741308463,0.198338265001439,2,0.323700604414626,2.03812666610247,0.887211149092764,1,-0.75
198,245,2,5,802.775562469289,0.218071185188819,3,0.550990318788536,2.25746503324081,1.12185754241,1,-3.06397109651608
199,390,2,6,805.99626751996,0.198368408129681,2,0.749355507748987,2.46835074074625,1.30087464819553,0,-3.06397109651608
200,36,1,2,809.229569178622,0.198385381929256,NaN,NaN,NaN,NaN,0,-0.75
201,5,1,1,812.39657878433,0.19847990843482,NaN,NaN,NaN,NaN,0,0.75
202,106,1,2,815.479127932991,0.198266565330414,NaN,NaN,NaN,NaN,0,-0.75
203,191,1,1,818.497582550464,0.198337387046195,2,0.596011566767629,2.15896168340441,1.15819259468117,0,0.75
204,445,3,1,821.575405373846,0.199341475099573,3,0.395606302663509,2.0651840735427,0.946797965836595,1,-0.75
205,68,1,2,824.760419791333,0.198317486730957,2,0.493355781671198,2.26410354486143,1.04510553167347,1,-0.75
206,336,2,8,828.045713076644,0.198416988316239,3,0.195502177182789,1.62658518462376,0.759087348053072,1,-3.06397109651608
207,49,1,1,830.992677561309,0.199491898083579,2,0.861367368337596,2.44794589220874,1.41329505058638,0,0.75
208,368,2,8,834.111268232567,0.198288806861456,3,0.0199055847024283,1.48938625373921,0.571006525840858,1,-3.06397109651608
209,345,2,1,837.095490500378,0.198360213880733,3,0.422359059662995,2.13670932455716,0.985768346848999,1,3.06397109651608
210,73,1,1,840.325177324992,0.199043555649041,1,0.990062425536962,2.64318468284364,1.54145250657712,1,0.75
211,48,1,2,843.492947239869,0.199192808024236,2,0.390998208678866,1.84314306776832,0.942398532526568,1,-0.75
212,436,3,1,846.46033003505,0.19840235573065,3,0.47317773821851,2.15570564036534,1.03624608615064,1,-0.75
213,387,2,3,849.658343163992,0.199311039321401,3,0.233561533388638,1.88562644002923,0.784509417679146,1,3.06397109651608
214,300,2,4,852.825932805408,0.219738129388134,3,0.382217486467198,1.78211552660832,0.964473544430803,1,3.06397109651608
215,378,2,2,855.741910155337,0.199038580569322,2,0.535970847206045,2.13812253971264,1.08704896151175,0,3.06397109651608
216,99,1,1,858.859177162863,0.199067260437005,1,0.614573294769798,2.30062384567282,1.16641610801889,1,0.75
217,110,1,2,862.060079056935,0.198397380649112,2,0.863028752153696,2.53194951992009,1.4143061622799,1,-0.75
218,12,1,2,865.243557345542,0.198346459250388,2,0.444798422959138,2.16430316260085,0.996755077725538,1,-0.75
219,276,2,4,868.478053315876,0.21862693080584,3,0.167246068298482,1.89791254454576,0.747138378315867,1,3.06397109651608
220,219,2,3,871.723069237592,0.199041214433237,3,0.314568992789646,1.70085638672754,0.865389573578796,1,3.06397109651608
221,248,2,8,874.624637587425,0.217540022316825,3,0.182820992844427,1.87097541696312,0.753386199890883,1,-3.06397109651608
222,204,2,4,877.827090828265,0.198392405571212,3,0.340397848309294,2.09247413909907,0.89178149100735,1,3.06397109651608
223,118,1,2,881.09426399702,0.198359921228985,2,0.562730627847486,2.19343020300221,1.12620722492647,1,-0.75
224,202,2,2,884.240381196423,0.199343231010062,2,1.13731101649319,2.8232319226845,1.68877162659737,0,3.06397109651608
225,252,2,4,887.442156948531,0.198795679641989,3,0.76297434819935,2.14920789422285,1.31494212373218,1,3.06397109651608
226,448,3,1,900.778104149478,0.199181394607876,3,0.988705399513492,2.88543943558034,1.53980136557038,1,-0.75
227,148,1,2,904.190147236006,0.198982684090879,2,0.468452583543694,1.93724142391511,1.01952367420745,1,-0.75
228,303,2,7,907.174039685329,0.198370456691919,3,0.208646629193026,1.82536857289233,0.771523582900045,1,-3.06397109651608
229,396,2,4,910.306715098575,0.198882889853849,3,0.23920415120665,1.87655804117639,0.791207337599189,1,3.06397109651608
230,17,1,1,913.458602511946,0.198388308446738,2,0.598009500059561,2.39638592684787,1.15777615128354,0,0.75
231,56,1,2,916.772247017952,0.199310746669653,1,0.8943386817391,2.34691403150828,1.44550985929163,0,-0.75
232,41,1,1,919.73971117031,0.199009608048073,2,0.577219814511409,1.97933293552342,1.12840533199596,0,0.75
233,360,2,8,922.656809083675,0.198940249591033,3,0.557808811216091,2.04629662417392,1.12859292175017,1,-3.06397109651608
234,168,1,2,925.660037617452,0.198408501415543,2,0.601115705418124,2.13100788374504,1.1635077352239,1,-0.75
235,425,3,1,928.705235041765,0.199370740270751,3,0.422695609140646,1.92556901005628,0.974208603902298,1,-0.75
236,306,2,2,931.723072749413,0.198997609328217,2,0.619312789376636,2.18800209889741,1.17049011261588,0,3.06397109651608
237,322,2,2,934.825669126209,0.198297586412082,3,0.448157186750905,2.04535311502877,1.01081143249758,1,3.06397109651608
238,229,2,5,937.938249901741,0.199141301322015,3,0.480017008918367,2.1487534061016,1.03085749002457,1,-3.06397109651608
239,381,2,5,941.122183263775,0.199181979911373,3,0.380550249617954,2.10068770227736,0.93262981810949,1,-3.06397109651608
240,437,3,1,944.356729570203,0.198512100125299,3,0.383937693277403,1.76987829492828,0.935435177498221,1,-0.75
241,282,2,2,947.257166235833,0.198357580014999,3,0.443721171975994,2.18149791441829,1.01389451836985,1,3.06397109651608
242,142,1,2,950.509420605198,0.198351434330107,2,0.51235999907658,2.0251905821151,1.07411346282788,1,-0.75
243,179,1,1,953.536635751914,0.198344703341718,2,0.461373045780419,2.03015863771725,1.02332785391809,0,0.75
244,256,2,8,956.620481933,0.199313087881819,3,0.280014140931598,1.86614695623211,0.831122983665409,1,-3.06397109651608
245,154,1,2,959.721557984109,0.199129595253908,2,0.982944257750205,2.48502925492903,1.53415728449545,1,-0.75
246,438,3,1,962.738662306545,0.198393868828134,3,0.191435196227758,1.70789202673404,0.754413407428729,1,-0.75
247,195,1,1,965.770703865432,0.199529650155455,1,0.900668738446257,2.58748867072063,1.45261456509979,1,0.75
248,292,2,4,968.972494250125,0.198694714796147,3,0.382620467884408,2.00193237930762,0.934434015962324,1,3.06397109651608
249,404,3,1,972.106373339895,0.219317588866033,3,0.530324717568874,2.01203003426235,1.11115351309309,1,-0.75
250,211,2,3,975.102717534608,0.199157982469842,3,0.380034304633227,1.99955516938462,0.930880638776216,1,3.06397109651608
251,83,1,1,978.237453801266,0.199035654050022,2,0.556576454822789,2.00870697397841,1.10772392758372,0,0.75
252,80,1,2,981.20461242523,0.199035654051841,2,1.0727602412735,2.82575370255654,1.62480498421064,1,-0.75
253,70,1,2,984.472145262949,0.198352897588848,2,0.901692726814872,2.53394072222363,1.46522434241888,1,-0.75
254,309,2,5,987.619961305589,0.199280310889662,3,0.741575654421467,2.19415919843959,1.29307518720088,1,-3.06397109651608
255,40,1,2,990.587592854732,0.199022484723173,1,0.793233658107056,2.56248772691833,1.34486020173608,0,-0.75
256,278,2,6,993.871498678238,0.218413002399757,3,0.912877875558479,2.67863241509986,1.49413101607934,1,-3.06397109651608
257,371,2,3,997.152711227964,0.199280018237914,3,1.07479387807689,2.47734305015001,1.626027975748,1,3.06397109651608
258,119,1,1,1000.07010589017,0.199497165815046,2,0.941254556952117,2.52792087634043,1.49365077460607,0,0.75
259,440,3,1,1003.17124925118,0.198563021524023,3,0.458292008472199,2.21077771902128,1.00980558853553,1,-0.75
260,422,3,1,1006.43900567481,0.198378358289119,3,0.541227457402783,2.238989930147,1.10398120473656,1,-0.75
261,341,2,5,1009.65184717376,0.199306356891611,3,0.341392571504912,1.99399683526281,0.892285729920332,1,-3.06397109651608
262,267,2,3,1012.81951963561,0.19835084902661,3,0.391406165177614,2.17818509694371,0.94236429227567,1,3.06397109651608
263,392,2,8,1016.12072790677,0.198769048334725,3,0.522751183703804,1.94103067838842,1.07393260406388,1,-3.06397109651608
264,338,2,2,1019.05395005196,0.198798606157652,3,0.412220140817226,1.83147826285494,0.963989205833059,1,3.06397109651608
265,215,2,7,1021.9875889332,0.198432206203506,3,0.427826964403721,2.06609451304212,0.998619854486606,1,-3.06397109651608
266,63,1,1,1025.14031040397,0.198355531452762,NaN,NaN,NaN,NaN,0,0.75
267,27,1,1,1028.38487476409,0.199296699385741,2,0.841306092921513,2.26046705458612,1.39248224555195,0,0.75
268,405,3,1,1031.32021424447,0.19846205668,3,0.443480612262647,2.21312800498345,0.99510949710384,1,-0.75
269,66,1,2,1034.60469073883,0.198244031149443,2,0.499337875484343,1.98468085305467,1.05067674247039,1,-0.75
270,213,2,5,1037.60487364616,0.198285587692226,3,0.198056441395238,1.71228911882827,0.758884540409781,1,-3.06397109651608
271,384,2,8,1040.63479230946,0.199468778597293,3,0.115819844771977,1.60251048351529,0.66777269506747,1,-3.06397109651608
272,409,3,1,1043.63636882428,0.19887293969623,3,0.632370323828582,2.38490783372981,1.18419060289489,1,-0.75
273,227,2,3,1046.90355047993,0.198377480332056,3,0.232775763521204,1.79787921151365,0.796185343357138,1,3.06397109651608
274,358,2,6,1049.98398960969,0.199336207368106,3,1.27396151805442,2.69328782794219,1.82522049112231,1,-3.06397109651608
275,163,1,1,1052.91846547485,0.19929845529623,1,0.830593576703905,2.56652661330918,1.38243697525832,1,0.75
276,170,1,2,1056.16920127444,0.198263638814751,NaN,NaN,NaN,NaN,0,-0.75
277,382,2,6,1059.30417254043,0.198379236242545,NaN,NaN,NaN,NaN,0,-3.06397109651608
278,14,1,2,1062.4704192031,0.198401770425335,2,0.81539090514525,2.55053114824113,1.36676606094443,1,-0.75
279,60,1,2,1065.73804685998,0.198385967232753,1,1.11294805344187,2.84291040965036,1.67518468518392,0,-0.75
280,290,2,2,1068.9835482909,0.199374837395226,3,0.505239782723947,2.14116904412003,1.05669805161233,1,3.06397109651608
281,372,2,4,1072.13455394464,0.217979292548989,3,0.139918250668416,1.60638197312255,0.721910922084135,1,3.06397109651608
282,234,2,2,1075.11618390351,0.199265385652325,3,0.800129995894167,2.35280130616411,1.35129707632223,1,3.06397109651608
283,145,1,1,1078.1844548674,0.19947082715953,1,1.32622150633142,2.82844375716741,1.87810002309016,1,0.75
284,355,2,3,1081.20156270166,0.19886328218854,3,0.516740410022976,2.01898665830049,1.06843748271604,1,3.06397109651608
285,291,2,3,1084.21846304584,0.198383333367019,3,0.283287450420175,1.68217847599226,0.864589171125772,1,3.06397109651608
286,153,1,1,1087.13285422345,0.19932098947902,NaN,NaN,NaN,NaN,0,0.75
287,103,1,1,1090.08352338624,0.199051164592674,3,0.623197740962496,2.22513901688217,1.17434375046651,0,0.75
288,222,2,6,1093.20031571267,0.198471128882375,3,0.522664558793622,2.26014162587308,1.07341812233972,1,-3.06397109651608
289,274,2,2,1096.45288936507,0.198264809419925,3,0.357104749708014,2.08779258953109,0.920547399189672,1,3.06397109651608
290,370,2,2,1099.69906184638,0.198994682810735,3,0.329279716806923,2.0652727470133,0.88035666050564,1,3.06397109651608
291,277,2,5,1102.95084153465,0.198277978748592,3,0.318335127776663,1.71743247280938,0.879706095729489,1,-3.06397109651608
292,62,1,2,1105.86553824065,0.199013705172547,2,1.47729856708975,3.14677273925736,2.02855695485414,1,-0.75
293,317,2,5,1109.05065303768,0.198856258548403,3,0.47703693645235,1.92962048046866,1.02891340464885,1,-3.06397109651608
294,3,1,1,1112.0176858214,0.198356409409826,1,1.19081389662642,2.62676984786049,1.74194761475701,1,0.75
295,58,1,2,1114.98612245543,0.198280612612507,1,0.913218522162424,2.40985756348164,1.4757378554641,0,-0.75
296,200,1,2,1117.99874423147,0.19950945718665,1,0.671623113748865,2.34137881687275,1.22349928929543,0,-0.75
297,78,1,2,1121.18405422719,0.198268906544399,1,0.469998369930181,2.15603136172831,1.02166822601248,0,-0.75
298,87,1,1,1124.38487242287,0.198325973631654,1,0.729787643133022,2.42740232675715,1.2911068117337,1,0.75
299,218,2,2,1127.59856056325,0.199531113414196,3,0.490281475349548,2.09342086741344,1.0424087460724,1,3.06397109651608
300,410,3,1,1130.71747139549,0.198260712297269,3,0.61070736554575,2.04647719028617,1.16247174813543,1,-0.75
301,348,2,4,1133.66771738389,0.198667498187206,3,0.536444942992603,1.98402853237167,1.09822094092851,1,3.06397109651608
302,20,1,2,1136.63113094379,0.199015753734784,2,0.788297501545458,2.54068956354058,1.33925767720575,1,-0.75
303,47,1,1,1139.89945423381,0.198892547361538,2,0.329627094399257,1.83217243273612,0.881465810523878,0,0.75
304,76,1,2,1142.9173674456,0.19842986499134,2,0.30798432908523,1.82240869339512,0.868212199422487,1,-0.75
305,217,2,1,1145.94782546603,0.199057017627638,3,0.673678406781619,2.17586700266838,1.22480978369822,1,3.06397109651608
306,116,1,2,1148.96582149825,0.198603114809885,2,0.445076442092613,1.99780364883918,0.996898769721156,1,-0.75
307,411,3,1,1152.03368128647,0.198364896308703,3,0.503707750967806,2.00999317828791,1.07443567237169,1,-0.75
308,423,3,1,1155.0547656723,0.198392698221141,3,0.468285186760113,2.24478706807167,1.0270928182963,1,-0.75
309,147,1,1,1158.34744636499,0.19900521827185,2,0.366480432865501,1.9520733057434,0.917709848110462,0,0.75
310,44,1,2,1161.44792013886,0.199221780545486,2,0.374168686208577,1.84361248112691,0.926171287295801,1,-0.75
311,132,1,2,1164.43243418043,0.198285880343974,2,0.3986741706467,2.05080902104783,0.950033815906863,1,-0.75
312,38,1,2,1167.59926673185,0.198373090557652,2,0.541768277782467,2.2441479167137,1.0930960240039,1,-0.75
313,233,2,1,1170.83413993025,0.19842167074421,3,0.310139709004943,2.07341139135133,0.871907220040157,1,3.06397109651608
314,264,2,8,1174.11295975951,0.19893585981481,3,1.16088996558756,2.8822831867783,1.73127636243225,1,-3.06397109651608
315,240,2,8,1177.34923036987,0.198313682258231,3,0.248647729564254,1.93407698086412,0.799803396574134,1,-3.06397109651608
316,32,1,2,1180.55001022818,0.198398551257924,2,1.28535942459894,2.85342948308062,1.83600002458297,1,-0.75
317,288,2,8,1183.63360385083,0.198372797905904,3,0.478295338847602,2.24166359626361,1.03794258817106,1,-3.06397109651608
318,152,1,2,1186.91310497329,0.199195734541718,2,0.538903802746063,2.25803746000565,1.09005654323846,1,-0.75
319,316,2,4,1190.146856145,0.19924841185275,3,0.262973909220818,1.83238753174919,0.814949879002597,1,3.06397109651608
320,187,1,1,1193.23109360143,0.198500686707121,2,0.685661324114335,2.37193370502064,1.23646024867776,0,0.75
321,115,1,1,1196.43204875812,0.19830578066103,2,0.401549181146038,1.78706221863285,0.953157873018426,0,0.75
322,236,2,4,1199.33205142125,0.198398843909672,3,0.139854159942843,1.57500590424752,0.690983488297206,1,3.06397109651608
323,23,1,1,1202.28182741099,0.19834616659864,2,0.744372234257753,2.46522902484685,1.31470127136708,0,0.75
324,369,2,1,1205.51771318434,0.198415817707428,3,0.128727541541593,1.55720477806608,0.689834244991289,1,3.06397109651608
325,82,1,2,1208.46229138688,0.19895195565914,2,0.560808198697487,2.1965132888763,1.11219213404729,1,-0.75
326,4,1,2,1211.61262891674,0.199446244414503,2,0.628464301318672,2.39799580395993,1.18059976628865,1,-0.75
327,223,2,7,1214.89651981501,0.19826393146468,3,0.234798279559982,1.93828004486932,0.785537210520488,1,-3.06397109651608
328,241,2,1,1218.11505134135,0.19832187650718,3,0.261625955397903,1.87977721009884,0.812251044841105,1,3.06397109651608
329,75,1,1,1221.24817656029,0.198364603658774,1,1.30084391976561,2.69825646884783,1.8641247328469,1,0.75
330,363,2,3,1224.16155779681,0.198211839458963,3,1.11776188158728,2.88920878973659,1.66949495044173,1,3.06397109651608
331,402,3,1,1227.44760992803,0.198277978748592,3,0.539592704893948,2.17069965124756,1.1031073467002,1,-0.75
332,156,1,2,1230.59485588512,0.199292309609518,2,0.628389967781914,2.24755818720951,1.17985379705351,1,-0.75
333,124,1,2,1233.74663706592,0.198257200476291,1,0.558926155485096,2.32768827675318,1.11004611898352,0,-0.75
334,294,2,6,1237.03048465173,0.198289099513204,3,1.30509234478814,2.90768389283039,1.85701505195539,1,-3.06397109651608
335,253,2,5,1240.14740457432,0.198347044553884,3,0.264067548698222,1.8949152056266,0.827416549629561,1,-3.06397109651608
336,149,1,1,1243.3100445972,0.199274165202951,1,0.6890701313514,2.30840369900034,1.24022579836128,1,0.75
337,397,2,5,1246.44476593862,0.198833724365613,3,0.238281420331987,1.75757170479301,0.789754321807777,1,-3.06397109651608
338,155,1,1,1249.4788654244,0.198275930186355,2,1.13619893995565,2.73947295181097,1.68793142350842,0,0.75
339,319,2,7,1268.35052506108,0.198374553814574,3,1.16624549206608,2.85952834492855,1.72924331093236,1,-3.06397109651608
340,176,1,2,1271.55942863849,0.199064626571271,2,0.308767757740497,1.7945096196072,0.859791731476435,1,-0.75
341,284,2,4,1274.56099754436,0.198206571729315,3,0.200994664666723,1.72079299251345,0.752391184043518,1,3.06397109651608
342,112,1,2,1277.59586816742,0.198278564052089,1,0.910234059918366,2.66202413732753,1.46089251165722,0,-0.75
343,391,2,7,1280.862731418,0.198393576178205,3,0.203038836933047,1.66701004468632,0.76634394010398,1,-3.06397109651608
344,435,3,1,1283.84245533623,0.199320696827272,3,1.05301561501801,2.65521500975592,1.60435301874713,1,-0.75
345,205,2,5,1286.95986808431,0.199473168373515,3,0.344926048373964,1.84980440622348,0.915902723738327,1,-3.06397109651608
346,281,2,1,1289.97977922939,0.198397965952609,3,0.261865637156006,1.74178460774965,0.824437647770537,1,3.06397109651608
347,6,1,2,1292.97541462164,0.19893907898404,2,0.429210621736274,2.03425634710402,1.00016710413183,1,-0.75
348,373,2,5,1296.09578520066,0.198265687375169,3,0.200857411009565,1.58557267990727,0.751368951583572,1,-3.06397109651608
349,71,1,1,1298.9954489731,0.198363433049963,2,0.591871130229265,2.30996675183815,1.14303674739858,0,0.75
350,329,2,1,1302.22864381388,0.198362847748285,3,0.386076977352786,1.82096328654916,0.937170309547582,1,3.06397109651608
351,380,2,4,1305.1967386307,0.198390357008975,3,0.486793359497824,1.93258474974391,1.04849326798649,1,3.06397109651608
352,61,1,1,1308.15853704576,0.198963076423752,1,1.10452641489064,2.50673406240639,1.65569320266513,1,0.75
353,421,3,1,1311.07571865751,0.199442732595344,3,0.601160481130137,2.26952316206734,1.15238199477972,1,-0.75
354,231,2,7,1314.25970850133,0.198906594643631,3,0.345894140264136,1.86152832678454,0.927669371450975,1,-3.06397109651608
355,125,1,1,1317.29155749538,0.1990470674682,2,0.664771259025656,2.13340411602985,1.21580401231404,0,0.75
356,158,1,2,1320.27529513194,0.199029215713381,1,1.0380456015755,2.58987378223901,1.58940495418392,0,-0.75
357,1,1,1,1323.34264599882,0.1989534189197,1,1.04589159419447,2.77832510152984,1.62755210590694,1,0.75
358,162,1,2,1326.59110730924,0.199065797178264,1,1.26323583251178,2.68210063063452,1.81439384073383,0,-0.75
359,65,1,1,1329.52494021857,0.199030386320374,2,0.265363117863672,1.88384419105387,0.816688522872937,0,0.75
360,270,2,6,1332.65885676776,0.198231447124272,3,0.84687086537815,2.44603838829607,1.4098897551703,1,-3.06397109651608
361,126,1,2,1335.77362862672,0.199127839343419,2,0.898859858163632,2.4671897913704,1.44951684664193,1,-0.75
362,257,2,1,1338.85748007554,0.199047067470019,3,0.267987618490224,1.9034094218041,0.819183086136036,1,3.06397109651608
363,2,1,2,1342.0085231887,0.198855965894836,2,0.684870286515434,2.30425389760967,1.23674587675669,1,-0.75
364,74,1,2,1345.14323428731,0.198356994713322,2,0.775170315984724,2.28949781257506,1.33737943846609,1,-0.75
365,357,2,5,1348.17316085221,0.199257776706872,3,0.115189765618197,1.66733927787027,0.666161647348417,1,-3.06397109651608
366,117,1,1,1351.24087255866,0.198975953100671,1,1.32838449519477,3.04793518115548,1.88027062089895,1,0.75
367,160,1,2,1354.47572117432,0.198328607495569,NaN,NaN,NaN,NaN,0,-0.75
368,89,1,1,1357.5921125679,0.198234666293502,1,1.18455729550078,2.92054213145821,1.73543728458935,1,0.75
369,91,1,1,1360.84322793677,0.198342654777662,1,0.809427541043988,2.57328569743731,1.37272825444052,1,0.75
370,212,2,4,1364.12310775056,0.199016046386532,3,0.265983246859832,1.66931731084696,0.835018470714203,1,3.06397109651608
371,235,2,3,1367.04161858643,0.198438644541966,3,0.436612369041541,1.83860667345471,0.988044591927974,1,3.06397109651608
372,128,1,2,1369.95893364737,0.198390357007156,NaN,NaN,NaN,NaN,0,-0.75
373,353,2,1,1373.22680479047,0.198324803022842,3,1.2640587691476,2.69375665599728,1.82617599898913,1,3.06397109651608
374,271,2,7,1376.17216934818,0.199081307719098,3,0.682612185841208,2.06833446930978,1.23364552443309,1,-3.06397109651608
375,203,2,3,1379.07305933133,0.199008730092828,3,0.320668732592821,1.83909247530937,0.871913951028546,1,3.06397109651608
376,131,1,1,1382.10702653854,0.19893410390614,NaN,NaN,NaN,NaN,0,0.75
377,180,1,2,1385.06045160257,0.198387430491493,3,1.48680213905027,3.11579789589268,2.04848068396132,0,-0.75
378,182,1,2,1388.20558285833,0.199566816923834,2,1.09533305375408,2.49872711134412,1.64773307587711,1,-0.75
379,98,1,2,1391.12413993318,0.198308121876835,1,0.954889200595062,2.7078282286584,1.50681307837294,0,-0.75
380,280,2,8,1394.39194347373,0.198479030479575,3,0.425584374270329,2.05601061272137,0.987983427718063,1,-3.06397109651608
381,18,1,2,1397.53867611971,0.199254557537643,2,0.484284748954451,2.23737683386571,1.03627974109622,1,-0.75
382,302,2,6,1400.80676909282,0.198776949931926,3,0.126813599290472,1.52929370556012,0.678833174180909,1,-3.06397109651608
383,394,2,2,1403.72438119525,0.19830109823306,3,0.344689878436839,1.87574856651736,0.924867231229655,1,3.06397109651608
384,347,2,3,1406.77128068197,0.199311917276646,3,0.290313140267244,1.69268438009567,0.841826135028896,1,3.06397109651608
385,193,1,1,1409.6893929262,0.198768755682977,2,0.54702898510368,2.16619164414988,1.09896193508393,0,0.75
386,325,2,5,1412.82385702676,0.198361384487725,3,0.20330427204135,1.62410379068933,0.773212475976834,1,-3.06397109651608
387,351,2,7,1415.7600314425,0.198358165318496,3,0.224720817575871,1.71958521886518,0.785728897395529,1,-3.06397109651608
388,337,2,1,1418.77090608777,0.199010193351569,3,0.399743520032644,1.86866229776751,0.950826902066183,1,3.06397109651608
389,50,1,2,1421.75563083858,0.198973319234938,2,0.544955547666177,1.96425464094318,1.09687445036252,1,-0.75
390,386,2,2,1424.68988545904,0.198303732100612,2,0.764203485423423,2.54993735789867,1.33290274510364,0,3.06397109651608
391,389,2,5,1427.98998370223,0.198353482892344,3,0.369530156443943,1.92169283802104,0.920950965912198,1,-3.06397109651608
392,151,1,1,1431.05685520559,0.198364896310522,2,1.23866011165774,2.9905613967203,1.78979441509364,0,0.75
393,285,2,5,1434.32396867339,0.198353775544092,3,0.385324862432753,1.91559368352318,0.945491568556463,1,-3.06397109651608
394,375,2,7,1437.36984065992,0.199337963278595,3,0.425978576138732,1.86174313314586,0.977303395842682,1,-3.06397109651608
395,197,1,1,1440.32089202585,0.199205099397659,2,0.564725341970188,2.15052277840005,1.11646982424281,0,0.75
396,310,2,6,1443.42154695114,0.198392112919464,3,0.237466385291555,1.7699248265526,0.800697447579296,1,-3.06397109651608
397,377,2,1,1446.46954885689,0.199305478938186,3,0.33989595060666,1.8256843440995,0.891204381816351,1,3.06397109651608
398,399,2,7,1449.47056318775,0.199124034870692,3,0.366019213755862,1.76884552700903,0.918006596954001,1,-3.06397109651608
399,194,1,2,1452.38813958668,0.198319827943124,2,0.604076755522328,2.00294261304589,1.16655745879871,1,-0.75
400,398,2,6,1455.30256500453,0.198998487283461,3,1.05886191843092,2.54462221735776,1.6098946717193,1,-3.06397109651608
401,108,1,2,1458.30354129067,0.19908247832609,2,0.553433082697666,2.03973186078656,1.10548192275564,1,-0.75
402,243,2,3,1461.30520004062,0.198356702061574,3,0.241538341324485,1.89382332205969,0.792674400670876,1,3.06397109651608
403,146,1,2,1464.47213882461,0.198406452853305,2,1.27839167979437,2.64701578651147,1.82976273847089,1,-0.75
404,52,1,2,1467.35547438698,0.198363140398214,2,0.626203566780532,2.37958127977072,1.19545593821022,1,-0.75
405,207,2,7,1470.6233060221,0.198380406849537,3,0.155934786660509,1.93546971040087,0.718107620328738,1,-3.06397109651608
406,37,1,1,1473.91883246011,0.198969514762211,2,1.36234497140867,2.86410629578677,1.91301483656389,0,0.75
407,259,2,3,1476.93561428035,0.217135577640875,3,0.469176896551289,2.00727649236978,1.03975205375718,1,3.06397109651608
408,238,2,6,1479.98916427741,0.198349971071366,3,0.262249303561475,1.82567410128831,0.824852335259493,1,-3.06397109651608
409,54,1,2,1483.06815302524,0.199041799738552,1,1.14077337899471,2.85845255720596,1.72361239918609,0,-0.75
410,249,2,1,1486.3010200961,0.199314843792308,3,0.248772106544493,2.00164470266827,0.800174478956251,1,3.06397109651608
411,109,1,1,1489.56906273312,0.199514432266369,2,1.17852720680639,2.78170142442286,1.73124973112681,0,0.75
412,175,1,1,1492.68703561659,0.198426060518614,NaN,NaN,NaN,NaN,0,0.75
413,367,2,7,1495.88857402815,0.198273003668874,3,0.510117701594936,2.07779999654667,1.0603403949226,1,-3.06397109651608
414,166,1,2,1498.97145387326,0.19828646564747,2,0.739158643864357,2.10714213596657,1.28960902022845,1,-0.75
415,35,1,1,1501.85414326063,0.198336216441021,2,0.637421492518115,2.04027999745995,1.2062196684783,0,0.75
416,237,2,5,1504.77217795215,0.198358750623811,3,0.215951508780563,1.96214988977226,0.777963676653599,1,-3.06397109651608
417,157,1,1,1508.0344254998,0.198993512203742,NaN,NaN,NaN,NaN,0,0.75
418,100,1,2,1511.1849307191,0.199122571611952,2,0.66643030162777,2.0693016832447,1.21842148929863,1,-0.75
419,446,3,1,1514.10280825664,0.19841054997778,3,0.298310141171896,2.063434016256,0.858183024971368,1,-0.75
420,10,1,2,1517.38352651761,0.199044726254215,2,1.07896972547314,2.81472951225805,1.62991819506351,1,-0.75
421,283,2,3,1520.6344671734,0.199307527498604,3,0.30700599438569,1.8597089110408,0.858942456183286,1,3.06397109651608
422,107,1,1,1523.70239105235,0.217590943717369,2,1.20316584777902,2.95174056073665,1.78414272507325,0,0.75
423,297,2,1,1526.96707931535,0.199074284077142,3,0.235139511465604,1.68718340571104,0.786256255794797,1,3.06397109651608
424,42,1,2,1529.93417999427,0.19935640033691,1,0.718482799833509,2.27186554643595,1.27114269668709,0,-0.75
425,385,2,1,1533.00293032167,0.198288221559778,3,0.417845784835663,1.87502513146501,0.990805175604692,1,3.06397109651608
426,224,2,8,1535.97550066125,0.198341484172488,3,0.178861122418311,1.87049049306188,0.736235345832029,1,-3.06397109651608
427,343,2,7,1539.18277182735,0.19902131411618,3,0.201246345146501,1.68725305682165,0.752482491378032,1,-3.06397109651608
428,301,2,5,1542.18371065407,0.218203463768077,3,0.230282078213349,2.03024526262743,0.813166166770316,1,-3.06397109651608
429,296,2,8,1545.49945083905,0.199030386320374,3,0.506038721920049,2.25859613214016,1.05737290647812,1,-3.06397109651608
430,354,2,2,1548.76751542494,0.198887572281819,3,0.402694912630977,2.02214349240785,0.954646007015981,1,3.06397109651608
431,298,2,2,1551.90245684045,0.198318072034454,3,0.220656177834826,1.79128313439469,0.790562918511569,1,3.06397109651608
432,417,3,1,1554.98780725138,0.198321291203683,3,0.507883305712312,2.16983076829092,1.06876964241746,1,-0.75
433,244,2,4,1558.16538714457,0.199275043160014,3,0.248787909738894,1.71238920571705,0.811243444968568,1,3.06397109651608
434,85,1,1,1561.14376632814,0.198392112919464,1,1.22658500903344,2.76571971398698,1.78166367235099,1,0.75
435,143,1,1,1564.21494566482,0.199505360062176,2,0.858712431932872,2.26238070418367,1.41061143431216,0,0.75
436,340,2,4,1567.13357473198,0.198712859204534,3,0.267773982735889,1.90372080323687,0.819501783857049,1,3.06397109651608
437,90,1,2,1570.28413058003,0.198384503974012,2,0.479278063325182,1.96111507329078,1.04277953580095,1,-0.75
438,232,2,8,1573.28130473502,0.198234666293502,3,0.208228429884912,1.67594001927318,0.771333359281925,1,-3.06397109651608
439,324,2,4,1576.2646537301,0.199062285357286,3,0.293089527136544,2.02893857269555,0.844182566677773,1,3.06397109651608
440,171,1,1,1579.51565086767,0.199354644426421,1,1.43549122030345,2.9215611447471,1.98755879007149,1,0.75
441,86,1,2,1582.51692917038,0.198469958277201,2,0.589538696020099,2.20816580241626,1.14100369589869,1,-0.75
442,246,2,6,1585.65101984735,0.19843484006924,NaN,NaN,NaN,NaN,0,-3.06397109651608
443,269,2,5,1588.94807626855,0.199361668068377,3,0.17764954429731,1.88087026427456,0.729624343472096,1,-3.06397109651608
444,434,3,1,1592.16682143065,0.220136428379192,3,0.737346544412503,2.50234750577329,1.31767549079814,1,-0.75
445,261,2,5,1595.44774132865,0.198999072586957,3,0.302542470348271,1.82127144881088,0.853618536091744,1,-3.06397109651608
446,376,2,8,1598.48158240297,0.199425466144021,3,0.128399186311071,1.54732690455603,0.68006406731547,1,-3.06397109651608
447,26,1,2,1601.41557948991,0.198321291203683,1,0.920285475900528,2.57352654980423,1.47208029426838,0,-0.75
448,362,2,2,1604.58364556833,0.198410257326032,3,0.454994116238595,2.06929202573701,1.01746662526602,1,3.06397109651608
449,428,3,1,1607.71390367837,0.1990341907931,3,0.296847760526362,1.89910714886719,0.847953091441013,1,-0.75
450,198,1,2,1610.83194065257,0.198732174218094,2,0.793594205028057,2.41307204997611,1.34549408536259,1,-0.75
