PresOrder,TrialNumber,Illusory_Fragmented,Fat_Thin,StimPresTime,StimPresLength,Response,RespScreenOnset_to_Resp,ExpStartOnset_to_Resp,StimOnset_to_Resp,Accuracy,StepLevel
1,279,2,7,179.652009428175,0.198222588756835,3,0.576126019610456,2.3460347580567,1.12737665174427,1,-1.13475174879277
2,44,1,2,182.942256230041,0.198375354697419,2,0.518328986430788,2.14362515335233,1.07279589767859,1,-2.50238797853616
3,393,2,1,186.084873479365,0.198313019169291,3,0.226786600613195,1.60934529551014,0.789945074498974,1,1.13475174879277
4,163,1,1,188.983599025109,0.198293703935633,2,0.399608193405584,2.07067970893695,0.95130746574614,0,2.50238797853616
5,417,3,1,192.175646884745,0.198209711934396,3,0.916959419277191,2.55860944362757,1.47176639570716,1,-2.50238797853616
6,440,3,1,195.334816411629,0.198363648494706,3,0.647962008690229,2.35146760659518,1.19883482314253,1,-2.50238797853616
7,89,1,1,198.553764246448,0.198296045176903,1,0.332336159990518,1.81226382736713,0.893440488009219,1,2.50238797853616
8,385,2,1,201.549631956996,0.198286094904688,3,0.236407635722571,1.65694125125265,0.787786158118251,1,1.13475174879277
9,242,2,2,204.484583224075,0.198315945721333,3,0.0730938205306302,1.80959100870132,0.624229146571452,1,1.13475174879277
10,424,3,1,207.736388320489,0.19834491857182,3,0.52662253818562,2.17365331847395,1.08836456157951,1,-2.50238797853616
11,404,3,1,210.899396896451,0.198699616503291,3,0.371206019797683,2.090635857503,0.921908216349038,1,-2.50238797853616
12,121,1,1,214.133327207088,0.198323847407664,1,0.204435948344326,1.82463464942339,0.755638585049383,1,2.50238797853616
13,346,2,2,217.269544090241,0.19838559762502,3,0.239071674735897,1.95257173560822,0.800414516626915,1,1.13475174879277
14,130,1,2,220.499747438684,0.198631720531921,2,0.445290477706294,1.89839308959381,0.99668275489239,1,-2.50238797853616
15,178,1,2,223.467942857344,0.198248635055279,2,0.248097449451961,1.83420856706834,0.798757796330392,1,-2.50238797853616
16,52,1,2,226.568910609098,0.198308336690388,2,0.16369573004522,1.877819146197,0.72630723162365,1,-2.50238797853616
17,9,1,1,229.798406902913,0.199286097245931,1,0.0357036247078213,1.45562003071791,0.587094731272373,1,2.50238797853616
18,296,2,8,232.733877632725,0.198373306111534,3,0.272146671692099,1.99195257115025,0.822804092020306,1,-1.13475174879277
19,398,2,6,235.968788630469,0.198358380705031,NaN,NaN,NaN,NaN,0,-1.13475174879277
20,441,3,1,239.182500280949,0.198137718787621,3,0.572294872214115,1.95938094089797,1.12334064580682,1,-2.50238797853616
21,201,2,1,242.086005176483,0.198443250670607,3,0.160564028245062,1.82369025154367,0.720857701744535,1,1.13475174879277
22,165,1,1,245.265266643879,0.198742051488807,1,0.375770268117776,1.81272827094654,0.927490611626126,1,2.50238797853616
23,209,2,1,248.217323306581,0.198458761389702,3,0.209526975771951,1.92454240454754,0.772154866033816,1,1.13475174879277
24,364,2,4,251.448513195231,0.198384134349908,3,0.019493753570714,1.60753346803358,0.571472218840427,1,1.13475174879277
25,188,1,2,254.551753120873,0.198336431574717,1,0.291987806818724,2.02265033105141,0.853471708449433,0,-2.50238797853616
26,395,2,3,257.79838349051,0.198730345286094,3,0.223467306917883,1.74337370412286,0.774528591227863,1,1.13475174879277
27,292,2,4,260.832927030558,0.198217028309955,3,0.226161489403239,1.62907844092115,0.776907584213404,1,1.13475174879277
28,391,2,7,263.750834652232,0.198257122054201,3,0.235764379900502,1.7669652138502,0.798277842031894,1,-1.13475174879277
29,266,2,2,266.797351296111,0.199421596538741,3,0.109300811942376,1.51258475290524,0.660800493535135,1,1.13475174879277
30,345,2,1,269.716460852118,0.198275266666315,3,0.186192124536319,1.80145490536779,0.749112377201527,1,1.13475174879277
31,3,1,1,272.84786941263,0.198846822000633,1,0.473553640160389,1.89403194388615,1.02526022888014,1,2.50238797853616
32,394,2,2,275.783931890974,0.198371257527469,3,0.138222448282249,1.68582893960593,0.700441206769028,1,1.13475174879277
33,118,1,2,278.847176698102,0.199196544797815,1,0.272648282465525,1.74241233225075,0.824030902032973,0,-2.50238797853616
34,447,3,1,281.83213891048,0.198167276950699,3,0.452176358621728,2.22171313248691,1.00322593673081,1,-2.50238797853616
35,102,1,2,285.116162987797,0.198295167210745,1,0.374114425787411,1.79343440078446,0.925120690946642,0,-2.50238797853616
36,219,2,3,288.050316769837,0.198407254099948,3,0.120690361580273,1.85159344827298,0.683077982037503,1,1.13475174879277
37,357,2,5,291.296784423259,0.19941457281675,3,0.226250456542402,1.6128387189674,0.777767990091888,1,-1.13475174879277
38,275,2,3,294.198579920585,0.198298971727127,3,0.111510942959285,1.61486711119142,0.663077349901869,1,1.13475174879277
39,386,2,2,297.216887250541,0.198338187505215,3,0.0184118078122992,1.58227089791217,0.580320644590756,1,1.13475174879277
40,4,1,2,300.295746375759,0.198806435602819,3,0.042570190389597,1.46192908850935,0.592802090259283,0,-2.50238797853616
41,75,1,1,303.231774906117,0.198236343545432,1,0.665061258556307,2.30169020003632,1.21554308584928,1,2.50238797853616
42,233,2,1,306.383280967588,0.198180446426704,3,0.190780077917225,1.83824164645375,0.751542292167869,1,1.13475174879277
43,28,1,2,309.545934260308,0.199363650837768,2,0.625040971708586,2.21188636087027,1.17651665558515,1,-2.50238797853616
44,29,1,1,312.648089898952,0.19838237841941,1,0.469985297009771,2.17336622386028,1.02082328551114,1,2.50238797853616
45,294,2,6,315.866549585133,0.198375647352805,3,0.135084308069054,1.89907409792067,0.697115474662496,1,-1.13475174879277
46,95,1,1,319.146043947425,0.198760488758126,1,0.311219634111694,1.74774011762383,0.862204828106769,1,2.50238797853616
47,257,2,1,322.097717524653,0.198283753665237,3,0.227461755835975,1.76369889071975,0.778329302498605,1,1.13475174879277
48,186,1,2,325.148930404286,0.198279071184515,2,0.230077799420542,1.74476615690037,0.791738757363419,1,-2.50238797853616
49,69,1,1,328.179129187309,0.198712785982934,2,0.442663898540559,2.16256900806366,0.993573587529681,0,2.50238797853616
50,96,1,2,331.41415519849,0.198312141204951,2,0.282755710286438,1.71952319466982,0.834197738829971,1,-2.50238797853616
51,318,2,6,334.365662840301,0.198392914002397,1,0.649026395145484,2.08006544937598,1.21123403274032,0,-1.13475174879277
52,319,2,7,337.312320017138,0.198358380705031,3,0.194068057518962,1.94911430872526,0.745569787697605,1,-1.13475174879277
53,332,2,4,340.582490389208,0.198413985166553,3,0.140712650189016,1.67118857755668,0.7021362648793,1,1.13475174879277
54,251,2,3,343.628404163663,0.19912601492797,3,0.172334029462945,1.82525478549542,0.723513253762576,1,1.13475174879277
55,230,2,6,346.796484744478,0.19834813777743,3,0.0765951456705807,1.69676662982965,0.627907820680775,1,-1.13475174879277
56,399,2,7,349.931648947379,0.19839671851696,3,0.412189727105215,1.80997028965794,0.974490429009165,1,-1.13475174879277
57,198,1,2,352.845103529655,0.198966225265394,2,0.422271108624045,1.97650740768404,0.973948724493312,1,-2.50238797853616
58,6,1,2,355.914332840113,0.198390280105741,2,0.384140495500105,2.09918226322952,0.946582549797313,1,-2.50238797853616
59,321,2,1,359.144959953082,0.198348723088202,3,0.234119951113826,1.60445385883213,0.784815416600395,1,1.13475174879277
60,193,1,1,362.030027579813,0.198237806818724,1,0.286580126614354,2.03936356889426,0.837044687255911,1,2.50238797853616
61,234,2,2,365.297473625926,0.198246001160442,3,0.0814833631447982,1.77991461496094,0.643863374569264,1,1.13475174879277
62,226,2,2,368.511285657092,0.198968859160232,3,0.142380784034685,1.64626870651227,0.694070398760232,1,1.13475174879277
63,55,1,1,371.529804576658,0.198306288104504,3,0.464933192703029,1.85176845599926,1.01593419007258,0,2.50238797853616
64,210,2,2,374.431567296617,0.198332334404768,3,0.511308484188703,1.94199342579668,1.07297822178225,1,1.13475174879277
65,227,2,3,377.377937086187,0.198862625373295,3,0.30764455989447,2.02741709667316,0.85857678332286,1,1.13475174879277
66,108,1,2,380.612746532623,0.19823575823284,2,0.253906067089702,1.64069479823229,0.80474990869152,1,-2.50238797853616
67,207,2,7,383.514527397196,0.198217613620727,3,0.238564503517409,2.0026748672517,0.800160784690888,1,-1.13475174879277
68,450,3,1,386.794016784354,0.199195081522703,3,0.566423919048248,1.98716092984614,1.11837194819418,1,-2.50238797853616
69,116,1,2,389.729280899692,0.19829545986795,2,0.218133668442533,1.58822174591114,0.769175930176061,1,-2.50238797853616
70,353,2,1,392.614286483551,0.198224929998105,3,0.366128747155017,1.84691594244214,0.92749587941762,1,1.13475174879277
71,342,2,6,395.610590835449,0.198943398168922,3,0.549654198779535,1.98675530993205,1.10121065545354,1,-1.13475174879277
72,340,2,4,398.563255928022,0.198272925425044,3,0.373552528071741,2.02601235238399,0.923702777177823,1,1.13475174879277
73,151,1,1,401.730248124666,0.198439153500658,1,0.423330519943192,2.17109258669734,0.984356709057465,1,2.50238797853616
74,326,2,6,404.993635337747,0.19878009664717,3,0.230960739738293,1.65167375282181,0.782561094671109,1,-1.13475174879277
75,253,2,5,407.929117481106,0.198431544469713,3,0.089807643682434,1.7719397645651,0.652982506251647,1,-1.13475174879277
76,388,2,4,411.126815631995,0.198870819715012,3,0.150818907390203,1.85441991084554,0.702146507805082,1,1.13475174879277
77,420,3,1,414.345230249295,0.198381207799684,3,0.419271686911088,2.15617420234048,0.970445936074611,1,-2.50238797853616
78,215,2,7,417.597172600932,0.198355161499421,3,0.0442740281505394,1.80800774482304,0.605754710575638,1,-1.13475174879277
79,285,2,5,420.876324264149,0.198919693109929,3,0.132942658337925,1.52069539524746,0.684603885521938,1,-1.13475174879277
80,117,1,1,423.77925877497,0.198234294959548,1,0.361516796057913,2.00979428690516,0.923406610258098,1,2.50238797853616
81,205,2,5,426.943078590761,0.198858235547959,3,0.178902379637293,1.88603368108488,0.733767009112853,1,-1.13475174879277
82,299,2,3,430.165110717262,0.198336724230103,3,0.181752839926048,1.74395696565989,0.742027198191863,1,1.13475174879277
83,105,1,1,433.243080463753,0.199051387888176,1,0.27734305494414,1.89813408986629,0.829140074076349,1,2.50238797853616
84,330,2,2,436.378702964479,0.198361307255254,3,0.104504195502159,1.58630924509089,0.666544434403477,1,1.13475174879277
85,380,2,4,439.376139891461,0.198597772545327,3,0.0627431963548588,1.73312082673874,0.613719318043877,1,1.13475174879277
86,237,2,5,442.56121261039,0.198226393271398,3,0.298236285012536,1.96388695086171,0.860288522770134,1,-1.13475174879277
87,104,1,2,445.742391846396,0.199276146973716,2,0.30090266526895,1.83853752071991,0.853072526948381,1,-2.50238797853616
88,36,1,2,448.794974644366,0.19845173766771,3,0.75188499124306,2.13797544741101,1.30244525009039,0,-2.50238797853616
89,389,2,5,451.695873739242,0.198288728799525,3,0.201543638380826,1.94906485002139,0.763125579456755,1,-1.13475174879277
90,250,2,2,454.958915326697,0.198694348715435,3,0.122062913813352,1.71006897294501,0.673966166734317,1,1.13475174879277
91,335,2,7,458.062142375516,0.198334090335266,3,0.0947303944521991,1.75907611138609,0.656541191785436,1,-1.13475174879277
92,45,1,1,461.242083095307,0.198747611933868,1,0.724873221828602,2.37888119141098,1.27621633296076,1,2.50238797853616
93,327,2,7,464.410769764752,0.198234294957729,3,0.203831030332367,1.89038341324704,0.754521228027443,1,-1.13475174879277
94,436,3,1,467.612076352534,0.198249805676824,3,0.546238328917752,1.97712052003772,1.10779919882771,1,-2.50238797853616
95,258,2,2,470.558588079808,0.198892476188121,3,0.195504993866052,1.58251233833835,0.747030429101869,1,1.13475174879277
96,30,1,2,473.460629700041,0.198385304969634,2,0.294752226520359,1.96026856369463,0.857697354866104,1,-2.50238797853616
97,247,2,7,476.641866589094,0.198724784841033,3,0.352170564052358,2.12296692529526,0.903710632041111,1,-1.13475174879277
98,431,3,1,479.927680252105,0.198510853992047,3,0.321128056490124,1.8692856172911,0.883584743540268,1,-2.50238797853616
99,347,2,3,482.991058509941,0.198976468192996,3,0.10772164523587,1.47806608853716,0.65888887067922,1,1.13475174879277
100,290,2,2,485.876562778023,0.198352527602765,3,0.302976711680458,2.05630507768183,0.853995561006741,1,1.13475174879277
101,112,1,2,489.144619302591,0.198431544469713,2,0.361327448235897,2.09239617769163,0.923356566243456,1,-2.50238797853616
102,66,1,2,492.391328689093,0.19858401775673,2,0.525099853904976,2.04579437118991,1.07624161835884,1,-2.50238797853616
103,271,2,7,495.426933103736,0.198327651922227,3,0.451353705248039,2.04998197244822,1.01387448375499,1,-1.13475174879277
104,421,3,1,498.54067554153,0.198557093490308,3,0.472747668123702,2.17611132832644,1.02325466375078,1,-2.50238797853616
105,438,3,1,501.759399495229,0.198177227222914,3,0.290489998220437,1.69368702063002,0.841785991889992,1,-2.50238797853616
106,432,3,1,504.677230441277,0.198247171780167,3,0.406377304951093,1.88784345997919,0.969116404134184,1,-2.50238797853616
107,94,1,2,507.674192096441,0.198775999475401,2,0.249280068552252,1.80271595602062,0.800442318857677,1,-2.50238797853616
108,339,2,3,510.742553977299,0.198330871127837,3,0.425843841599999,2.0461490691232,0.976663978142824,1,1.13475174879277
109,60,1,2,513.877659356534,0.198375647352805,2,0.289668515466474,1.88704334104295,0.850991456813063,1,-2.50238797853616
110,287,2,7,516.99066225499,0.198709566777325,3,0.0630627756800095,1.56598698504422,0.613661664996471,1,-1.13475174879277
111,12,1,2,520.009142836741,0.1984605173202,2,0.419890359708006,2.13964884904635,0.970334434496181,1,-2.50238797853616
112,177,1,1,523.243938528391,0.198235758234659,1,0.856698815801792,2.32078711334361,1.41811687004156,1,2.50238797853616
113,261,2,5,526.223742987984,0.199243662262234,3,0.232845730983172,1.83704468725773,0.785170407189071,1,-1.13475174879277
114,58,1,2,552.731967765802,0.198241903990493,2,0.378769982486119,2.32079647830506,0.932891268110325,1,-2.50238797853616
115,127,1,1,556.189988445978,0.199254197843402,1,0.378534980474797,2.01483263642513,0.930092022457757,1,2.50238797853616
116,171,1,1,559.341428660062,0.198252439571661,1,0.622872690366421,2.37550892714899,1.17379671945309,1,2.50238797853616
117,328,2,8,562.607946111668,0.198189226079194,3,0.543603848063867,2.21256736919531,1.09444564107798,1,-1.13475174879277
118,64,1,2,565.791135595284,0.198290484731842,1,0.434767187047328,2.02137815950482,0.986307840346853,0,-2.50238797853616
119,334,2,6,568.892346250737,0.198423350127996,3,0.219811167249645,1.88855987956777,0.770629255204767,1,-1.13475174879277
120,218,2,2,572.07539321134,0.198275266666315,3,0.107061708076799,1.50508371105207,0.670442892462233,1,1.13475174879277
121,63,1,1,574.98867102996,0.199005733697049,1,0.296778570156675,1.99995258988019,0.848055541247959,1,2.50238797853616
122,239,2,7,578.206626764126,0.198530461879272,3,0.0941228425472218,1.84605231735986,0.644693051666763,1,-1.13475174879277
123,267,2,3,581.473079831618,0.19872829670021,3,0.170212572929813,1.55561031457,0.720975349078799,1,1.13475174879277
124,77,1,1,584.373085743251,0.198851211825968,1,0.37258266920071,1.75933042863471,0.924491775222123,1,2.50238797853616
125,214,2,6,587.274358851295,0.198373013457967,3,0.220116113821859,1.70613422565657,0.771727589646616,1,-1.13475174879277
126,119,1,1,590.274740180837,0.198279363838083,1,0.247986533184303,1.63367019881844,0.799038745188227,1,2.50238797853616
127,13,1,1,593.174547379684,0.198325603338162,1,0.246549596839031,1.98227037113429,0.797785303566343,1,2.50238797853616
128,246,2,6,596.424765993013,0.198365111769817,3,0.324423352469239,1.86003801003972,0.875506585909534,1,-1.13475174879277
129,248,2,8,599.474874977759,0.198427447297945,NaN,NaN,NaN,NaN,0,-1.13475174879277
130,288,2,8,602.541195882226,0.198216735656388,3,0.284271370843271,1.70332415176927,0.835346409941849,1,-1.13475174879277
131,320,2,8,605.474304885702,0.198268828256914,3,0.382307304200367,2.01803896526508,0.933774501081643,1,-1.13475174879277
132,300,2,4,608.624471172307,0.198425691367447,3,0.271507513041797,1.74026365879581,0.821927590113773,1,1.13475174879277
133,244,2,4,611.607395920155,0.198331456440428,3,0.20608944943524,1.72533473885778,0.757410026128127,1,1.13475174879277
134,71,1,1,614.640922191214,0.198331163785042,1,0.604907474176798,2.32376517123885,1.15599070761709,1,2.50238797853616
135,284,2,4,617.874381034548,0.198252146916275,3,0.695874324552278,2.41027488504551,1.25875067895868,1,1.13475174879277
136,381,2,5,621.103544286905,0.199005733698868,3,0.317248913665026,1.85311057210492,0.867972181380537,1,-1.13475174879277
137,175,1,1,624.154328134218,0.199153524503345,1,0.303465445631446,1.90594710201367,0.854596674502318,1,2.50238797853616
138,115,1,1,627.272077019788,0.198460809975586,1,0.323336724230103,2.06056262350103,0.874638571000105,1,2.50238797853616
139,325,2,5,630.523983082197,0.198341992019778,3,0.27587012202639,1.94474672460456,0.826316830709402,1,-1.13475174879277
140,390,2,6,633.707304553245,0.198363941151911,3,0.163962924114458,1.84933649244704,0.714676826870345,1,-1.13475174879277
141,124,1,2,636.907095187815,0.198372428147195,2,0.375557800543902,1.87343839259847,0.938520195541059,1,-2.50238797853616
142,32,1,2,639.919805197085,0.19909733473105,2,0.860903683707875,2.39661491744846,1.41165621692926,1,-2.50238797853616
143,236,2,4,642.970359017521,0.199024463621754,1,0.335980886113248,1.73820775699824,0.886720249856808,0,1.13475174879277
144,362,2,2,645.887645332503,0.198856772271029,3,0.172694873152068,1.89292600041335,0.724505939726441,1,1.13475174879277
145,97,1,1,649.122525016155,0.198366867702134,1,0.305639872729444,1.85816443234216,0.856589655462813,1,2.50238797853616
146,152,1,2,652.18924539478,0.198337602194442,2,0.338318907390203,1.79111628005012,0.889716159708769,1,-2.50238797853616
147,39,1,1,655.156398376115,0.198326188648934,1,0.412495551643588,2.04812449078054,0.96340524063271,1,2.50238797853616
148,439,3,1,658.306204404342,0.198296630485856,3,0.612038892688361,2.31433465457303,1.16325704011069,1,-2.50238797853616
149,392,2,8,661.523018491118,0.198255366123703,3,0.763048611175691,2.2814858799793,1.31368027785902,1,-1.13475174879277
150,191,1,1,664.555511397159,0.198198298387069,1,0.314568778621833,2.00076236643326,0.865769659396392,1,2.50238797853616
151,283,2,3,667.756295010349,0.198436812261207,3,0.474903950609587,2.25603015751767,1.03840190436495,1,1.13475174879277
152,369,2,1,671.05195593083,0.199210884895365,3,0.599960725690835,2.33616028366487,1.15071062501738,1,1.13475174879277
153,38,1,2,674.303511977787,0.199169327876007,1,0.273983960161786,1.67671800226526,0.82534228935765,0,-2.50238797853616
154,276,2,4,677.222719865895,0.198344625916434,3,0.876411475355781,2.55755705603042,1.43864867111188,1,1.13475174879277
155,412,3,1,680.418913184461,0.198932569932367,3,0.468619768498684,2.13742028076194,1.01922743746582,1,-2.50238797853616
156,187,1,1,683.602995558667,0.198626745395813,1,0.209470200692522,1.74539712121077,0.759955247189282,1,2.50238797853616
157,47,1,1,686.653763895263,0.198805264981274,1,0.10022967569239,1.68666827431844,0.651725552766948,1,2.50238797853616
158,150,1,2,689.754659946526,0.198258000018541,2,0.36959466103508,1.90555787078301,0.920770373473715,1,-2.50238797853616
159,331,2,3,692.804971448573,0.198310970585226,3,0.706799723266158,2.45524631020453,1.26928948033856,1,1.13475174879277
160,383,2,7,696.068508208389,0.199250393328839,3,0.0929083240462205,1.71178510221944,0.643516578324125,1,-1.13475174879277
161,291,2,3,699.202251863628,0.19895861623263,3,0.429000126425308,1.8661799617912,0.980214469333077,1,1.13475174879277
162,158,1,2,702.153889151628,0.19821263848462,2,0.518333961566896,1.93847541931609,1.06904815697453,1,-2.50238797853616
163,265,2,1,705.088295494985,0.198219369549406,3,0.52613643812947,2.01177907352576,1.07725127831691,1,1.13475174879277
164,442,3,1,708.088674775943,0.198439446157863,3,0.357524103070318,2.05938527219223,0.908319656587992,1,-2.50238797853616
165,374,2,6,711.30485848372,0.198302483588122,3,0.0490238197799044,1.45146374354954,0.600039449902397,1,-1.13475174879277
166,430,3,1,714.222061099354,0.198350771674086,3,0.289120957848354,1.97410061246774,0.839490990907507,1,-2.50238797853616
167,67,1,1,717.421551762487,0.198317116341059,1,0.674993678650935,2.31059452290174,1.22586385920658,1,2.50238797853616
168,185,1,1,720.571696977928,0.198490660792231,1,0.3233975964813,2.00843314821941,0.873699148258311,1,2.50238797853616
169,155,1,1,723.771372306403,0.198224052031946,1,0.312003657018067,1.68069957436273,0.862876178814986,1,2.50238797853616
170,131,1,1,726.654194683511,0.198294581901791,1,0.287078518180351,1.90211039417045,0.850597250448118,1,2.50238797853616
171,53,1,1,729.784299173074,0.199210884895365,1,0.22720070752257,1.77964449433966,0.778072058699763,1,2.50238797853616
172,73,1,1,732.851966876129,0.199219957201421,1,0.860699703131104,2.29630476161583,1.41178908232723,1,2.50238797853616
173,129,1,1,735.802392572181,0.198905938323151,1,0.167367673087938,1.55390794008235,0.719163814255808,1,2.50238797853616
174,344,2,8,738.703421020595,0.198326773957888,3,0.120824104944404,1.75660756595244,0.671709503563761,1,-1.13475174879277
175,298,2,2,741.853479902793,0.198222296101449,3,0.585708131595311,2.05481517076987,1.13640096318704,1,1.13475174879277
176,405,3,1,744.837205062231,0.198214687068685,3,0.38204391464933,2.15101820548625,0.933192117510771,1,-2.50238797853616
177,80,1,2,748.120815032637,0.198361892566027,2,0.136042460737372,1.66709521122721,0.69903353592963,1,-2.50238797853616
178,123,1,1,751.166993659921,0.199246881467843,3,0.828067785934763,2.39709867626334,1.37887387503361,0,2.50238797853616
179,111,1,1,754.251321630252,0.199313899476692,1,0.59938009805046,1.9688805241567,1.15104571506163,1,2.50238797853616
180,379,2,3,757.135001194032,0.198981150673717,3,0.174831840402476,1.86091890177158,0.726459997564234,1,1.13475174879277
181,194,1,2,760.335859434263,0.198174008015485,2,0.248286211966843,1.70028288038156,0.799012113577191,1,-2.50238797853616
182,23,1,1,763.302414813965,0.198166691639926,1,0.314197984660495,1.74977319232858,0.865068750526916,1,2.50238797853616
183,401,3,1,766.252221251909,0.198752879727181,3,0.45106280611617,1.90363629765488,1.00268774407596,1,-2.50238797853616
184,153,1,1,769.219194543037,0.198302776243509,1,0.278660880681855,1.68070513480961,0.829615053240559,1,2.50238797853616
185,280,2,8,772.135432567591,0.198273803393022,3,0.254529715024546,1.94040752802539,0.80573498562444,1,-1.13475174879277
186,14,1,2,775.335724227625,0.198260926570583,2,0.136798388759416,1.77239133132207,0.68789449902215,1,-2.50238797853616
187,41,1,1,778.48671111902,0.198222003446062,1,0.248600523502319,1.82944385002884,0.811421858757967,1,2.50238797853616
188,269,2,5,781.582392935074,0.198804679672321,3,0.272122673977719,1.9413349519109,0.822735025427392,1,-1.13475174879277
189,82,1,2,784.767017013795,0.199052558507901,2,0.254459185154701,1.77310306842992,0.805398724960469,1,-2.50238797853616
190,90,1,2,787.801004801884,0.198789461608612,2,0.126916890645589,1.56300482997904,0.678479785728996,1,-2.50238797853616
191,2,1,2,790.752209545706,0.198241903990493,2,0.0688631989760324,1.77162018523813,0.620316641070531,1,-2.50238797853616
192,172,1,2,793.969848627097,0.198336431574717,2,0.0202660702761932,1.78871328934838,0.570675026456229,1,-2.50238797853616
193,360,2,8,797.253530005339,0.198351649638425,3,0.183995748308007,1.61425077963213,0.745325420721201,1,-1.13475174879277
194,323,2,3,800.19981551025,0.199002221836054,3,0.263524175648854,1.94828814349057,0.813928742003554,1,1.13475174879277
195,183,1,1,803.399902897052,0.199159670260997,2,0.299332863523887,1.85195897444282,0.850714605126996,0,2.50238797853616
196,192,1,2,806.467714293742,0.198298093760968,2,0.23950334095025,1.77623711147135,0.7909433209079,1,-2.50238797853616
197,143,1,1,809.519435515214,0.198422764819043,1,0.290253532932184,1.9085921184469,0.840792427959968,1,2.50238797853616
198,83,1,1,812.652894124423,0.198297508450196,1,0.450340533427152,1.83097794785499,1.01231375431962,1,2.50238797853616
199,181,1,1,815.549356275929,0.199286682554884,1,0.468913594178957,1.8382799842675,1.02013964328762,1,2.50238797853616
200,61,1,1,818.434088812617,0.198544509323256,1,0.365924766578246,2.01797662973695,0.916706857962708,1,2.50238797853616
201,403,3,1,821.600762893211,0.198191274665078,3,0.530189418061127,2.08294605313677,1.08122436341728,1,-2.50238797853616
202,407,3,1,824.668437912644,0.198239270093836,3,0.251754467086357,1.68729777535373,0.802129475279798,1,-2.50238797853616
203,160,1,2,827.618662262013,0.198292240660521,2,0.379586197450408,1.97729991758752,0.942508206047933,1,-2.50238797853616
204,164,1,2,830.731901333103,0.199279366179326,2,0.288738165030736,1.79196497972407,0.840143319035633,1,-2.50238797853616
205,85,1,1,833.750346503592,0.198233416993389,1,0.829005452749698,2.58131157462412,1.37966082449202,1,2.50238797853616
206,329,2,1,837.017594129575,0.198300142346852,3,0.285326392337083,1.73804299219773,0.836655456025255,1,1.13475174879277
207,157,1,1,839.985440703402,0.198279363838083,1,0.566504399190308,2.13033656502739,1.12832573210653,1,2.50238797853616
208,206,2,6,843.06380875343,0.199069532500289,3,0.0940157307941263,1.78011157181572,0.644639495789306,1,-1.13475174879277
209,397,2,5,846.265969601334,0.198682349855517,3,0.136837019224913,1.5057058957118,0.687728270946536,1,-1.13475174879277
210,86,1,2,849.150020544386,0.198276144632473,2,0.135985100345351,1.82182252694656,0.687116329216224,1,-2.50238797853616
211,106,1,2,852.350846007248,0.198281705079353,3,0.22689546829497,1.81280758046887,0.777815107558126,0,-2.50238797853616
212,42,1,2,855.451922626686,0.198316531032106,2,0.251263391895918,1.63161517498338,0.812891572471926,1,-2.50238797853616
213,415,3,1,858.348000522097,0.199414280163182,3,0.249154519529839,1.75162657682449,0.800098449162761,1,-2.50238797853616
214,26,1,2,861.366129917777,0.198196249801185,2,0.167158424719673,1.86946940466805,0.717915933078984,1,-2.50238797853616
215,235,2,3,864.582781580993,0.198285509595735,3,0.175291601502977,1.66103110572112,0.726315133309981,1,1.13475174879277
216,148,1,2,867.58358989427,0.198351356983039,2,0.183082664520043,1.65218443590129,0.734437774510297,1,-2.50238797853616
217,416,3,1,870.567498255776,0.198314775099789,3,0.412762745712826,2.14802053970379,0.963282618162339,1,-2.50238797853616
218,57,1,1,873.818154388422,0.198331163783223,1,0.303365942912933,2.03368518275602,0.865490466469055,1,2.50238797853616
219,387,2,3,877.064135941788,0.199379746865816,3,0.208826066904294,1.59537891806576,0.760465637613379,1,1.13475174879277
220,307,2,3,879.965769015556,0.198248635057098,3,0.227288504040189,1.6459778073804,0.777833837481012,1,1.13475174879277
221,202,2,2,882.898915186222,0.198220540170951,3,0.416454003989202,2.16875866259034,0.967301064796629,1,1.13475174879277
222,223,2,7,886.166426201758,0.19827555932352,3,0.412065934015118,1.99729703786397,0.962757009674533,1,-1.13475174879277
223,378,2,2,889.266883563087,0.19842861791949,3,0.0422763647093234,1.76089818179389,0.592942857343587,1,1.13475174879277
224,98,1,2,892.500336260664,0.198291362696182,2,0.264472670698524,1.78312269973139,0.815123067306558,1,-2.50238797853616
225,245,2,5,895.534170990159,0.19826443842976,3,0.0757379589995253,1.58933910292944,0.637171231304819,1,-1.13475174879277
226,367,2,7,917.02700503835,0.198201517592679,3,0.186876352065156,1.84046406898233,0.738203367171081,1,-1.13475174879277
227,435,3,1,920.195948073628,0.198950129235527,3,0.589105856848619,2.00771994783645,1.13942350465004,1,-2.50238797853616
228,433,3,1,923.129738378082,0.19904465682157,3,0.22271196420661,1.85779802820798,0.773437573163392,1,-2.50238797853616
229,366,2,6,926.279987193415,0.199210299584593,3,0.189912063007796,1.65930824538009,0.741429303901896,1,-1.13475174879277
230,312,2,8,929.264554321462,0.198358380705031,3,0.0962179601247044,1.49902692192336,0.647415329038267,1,-1.13475174879277
231,225,2,1,932.182151728772,0.198309507310114,3,0.101777235651753,1.83722730401496,0.652790524531156,1,1.13475174879277
232,349,2,5,935.432231916258,0.198282290390125,3,0.224072517583409,1.75519579794127,0.785938626722782,1,-1.13475174879277
233,107,1,1,938.478988829942,0.199048168680747,1,0.415131495770765,1.86859846321022,0.966502409135501,1,2.50238797853616
234,212,2,4,941.447350769333,0.198236050888227,3,0.0217580257722148,1.70804994568243,0.572384424662232,1,1.13475174879277
235,65,1,1,944.648157794927,0.198214979724071,1,0.191760765022991,1.62731987666302,0.742814732957413,1,2.50238797853616
236,348,2,4,947.598342635863,0.198312433860337,3,0.262916038433104,1.86098152995328,0.825997836693205,1,1.13475174879277
237,419,3,1,950.711977083938,0.199000465907375,3,0.444955387663867,2.14745483747174,0.995953165825995,1,-2.50238797853616
238,176,1,2,953.929693426266,0.198339943435712,1,0.152916366207137,1.67361029817948,0.704033547634026,0,-2.50238797853616
239,254,2,6,956.964753209841,0.198351064327653,3,0.46194430657124,1.92669458986165,1.02415077354635,1,-1.13475174879277
240,5,1,1,959.944700192451,0.198916766559705,1,0.119278008260153,1.75476530234664,0.669627262808717,1,2.50238797853616
241,27,1,1,963.095361358763,0.199150012644168,1,0.258766482333158,1.62803688156055,0.810003067026628,1,2.50238797853616
242,79,1,1,965.979936739683,0.198640207527205,1,0.183303619089202,1.91933929022889,0.734892560472872,1,2.50238797853616
243,231,2,7,969.230498052088,0.198405790824836,3,0.248136665231868,1.90095440668301,0.798603567114696,1,-1.13475174879277
244,126,1,2,972.398234763208,0.198262097190309,1,0.298421828321807,1.9169848802685,0.848914483849512,0,-2.50238797853616
245,68,1,2,975.531570164636,0.198335553610377,1,0.189815486837688,1.9038396929227,0.752129358219463,0,-2.50238797853616
246,322,2,2,978.761066751107,0.199183960630762,3,0.260874769386646,1.66633899055159,0.814790903812536,1,1.13475174879277
247,249,2,1,981.681007740141,0.198278778529129,3,0.315620873563603,1.83411842930946,0.866116162987964,1,1.13475174879277
248,295,2,7,984.714203310983,0.198223466722993,3,0.153623713487832,1.88901905535567,0.704154121520332,1,-1.13475174879277
249,243,2,3,987.964473724258,0.198358673358598,3,0.0254630388371879,1.62295434112821,0.58869057931588,1,1.13475174879277
250,418,3,1,991.077246595836,0.199067483916224,3,0.330298110151489,1.74971290538633,0.881341249849356,1,-2.50238797853616
251,16,1,2,994.011790194418,0.198887793707399,2,0.559943365391518,2.09531950908786,1.11078281716618,1,-2.50238797853616
252,22,1,2,997.06254448357,0.198278778529129,2,0.0598160604422446,1.6125604040044,0.611233798616013,1,-2.50238797853616
253,262,2,6,1000.12989289995,0.198450274394418,3,0.358037420046458,1.77724999063503,0.909085242225046,1,-1.13475174879277
254,382,2,6,1003.06416111012,0.198209126623624,3,0.202617975108296,1.57087286127535,0.752928306534159,1,-1.13475174879277
255,149,1,1,1005.94721644066,0.198237514165157,1,0.343964516157939,2.09576434478004,0.894323428325151,1,2.50238797853616
256,154,1,2,1009.21341343497,0.198404034894338,2,0.259714977382828,1.6617846925019,0.810701049344061,1,-2.50238797853616
257,301,2,5,1012.13010273363,0.198286972870847,3,0.16665418005141,1.7851835766669,0.71754806566787,1,-1.13475174879277
258,241,2,1,1015.26326254203,0.198361014599868,3,0.309180706306506,1.72382551671035,0.872644126764499,1,1.13475174879277
259,372,2,4,1018.1934540672,0.199372137834871,3,0.140126754758967,1.80990561289036,0.691550638690387,1,1.13475174879277
260,448,3,1,1021.37758092498,0.199153231847959,3,0.258238825259468,1.99368977158883,0.809494725184777,1,-2.50238797853616
261,282,2,2,1024.62746883809,0.199382088105267,3,0.567468697614459,2.11953408143745,1.11878312855333,1,1.13475174879277
262,122,1,2,1027.69497177635,0.198505586200554,1,1.01453910339842,2.50020339526782,1.56567413678385,0,-2.50238797853616
263,402,3,1,1030.69527145513,0.198327651924046,3,0.30293983714364,1.95581552429758,0.854075163184461,1,-2.50238797853616
264,169,1,1,1033.86276087272,0.198263560465421,1,0.981598727770688,2.70044179207798,1.53216425440951,1,2.50238797853616
265,286,2,6,1037.09616879407,0.198330871127837,3,0.832385326040821,2.34683926681646,1.39491693278796,1,-1.13475174879277
266,59,1,1,1040.12617354679,0.198881647953385,1,0.196504410896523,1.96488431930811,0.746661391071029,1,2.50238797853616
267,144,1,2,1043.41041594479,0.198528998604161,1,0.754949675036187,2.22450623238183,1.30595828143487,0,-2.50238797853616
268,274,2,2,1046.39469305167,0.198294289246405,3,0.245806838294811,1.64819905928925,0.797002158624309,1,1.13475174879277
269,423,3,1,1049.3118233815,0.198453786253594,3,0.357034198499605,1.75538631638665,0.92039694561754,1,-2.50238797853616
270,24,1,2,1052.22587176089,0.19898407722394,2,0.39703809666571,1.83296888023142,0.948099088320305,1,-2.50238797853616
271,229,2,5,1055.17687223148,0.198936081793363,3,0.123484339441347,1.80987225021454,0.675074451446562,1,-1.13475174879277
272,338,2,2,1058.37789055403,0.198251561607321,3,0.453912095785199,1.88929210252718,1.00490255757177,1,1.13475174879277
273,277,2,5,1061.32819509089,0.198204444142903,3,0.109790423857703,1.5950201229607,0.66036736404385,1,-1.13475174879277
274,437,3,1,1064.32832824894,0.198197420420911,3,0.562177786778193,2.11452382680545,1.11284281613734,1,-2.50238797853616
275,313,2,1,1067.39525758328,0.198315360410561,3,0.211049952707981,1.87960229347846,0.76206675344838,1,1.13475174879277
276,93,1,1,1070.57865953447,0.198337309539056,1,0.313217882861863,2.04850435704793,0.864077235180957,1,2.50238797853616
277,317,2,5,1073.82869962821,0.19831067792984,3,0.0797113367534621,1.59828410484988,0.630239696200078,1,-1.13475174879277
278,174,1,2,1076.86203977065,0.198376525318963,2,0.228260996806057,1.99670294809039,0.779009725512879,1,-2.50238797853616
279,213,2,5,1080.14511974275,0.198309507310114,3,0.478471708451252,2.02592367790203,1.04086927917888,1,-1.13475174879277
280,87,1,1,1083.20828202115,0.198988467049276,NaN,NaN,NaN,NaN,0,2.50238797853616
281,220,2,4,1086.34259752437,0.198772194960839,3,0.208433909123414,1.84411874537545,0.759544359483698,1,1.13475174879277
282,384,2,8,1089.49339506794,0.198507049475666,3,0.018735484309218,1.63772054485344,0.569983189894629,1,-1.13475174879277
283,43,1,1,1092.62684401954,0.198254488157545,1,0.256658487933237,1.79216310720039,0.807612367836555,1,2.50238797853616
284,91,1,1,1095.67721024808,0.198334675646038,1,0.644589451774664,2.41340190436495,1.19595070752439,1,2.50238797853616
285,35,1,1,1098.96090596642,0.198251268951935,1,0.615059970876246,2.23377139893819,1.16603170273629,1,2.50238797853616
286,304,2,8,1102.09427297459,0.198206492726968,3,0.130518303818462,1.54875106526379,0.681070075668686,1,-1.13475174879277
287,138,1,2,1105.02696874912,0.198226100616012,2,0.194889247619358,1.86399177990461,0.746209239003292,1,-2.50238797853616
288,37,1,1,1108.21084363089,0.198379451867368,1,0.213917972298077,1.71174003333908,0.777532402767974,1,2.50238797853616
289,184,1,2,1111.2242241129,0.198968566506665,2,0.651539131493337,2.17072003680369,1.20253047124606,1,-2.50238797853616
290,422,3,1,1114.25860201019,0.198575530759626,3,0.603728366937503,2.24016122952526,1.15510367012757,1,-2.50238797853616
291,180,1,2,1117.41001881187,0.198298386418173,2,0.281294483567763,2.00063681741085,0.832885766194522,1,-2.50238797853616
292,140,1,2,1120.64390376097,0.198332334404768,2,0.434934000430076,1.8868326294014,0.985699703131104,1,-2.50238797853616
293,125,1,1,1123.61060488289,0.198222881412221,1,0.143767676365314,1.91233839587585,0.694325008662418,1,2.50238797853616
294,208,2,8,1126.89387215422,0.198268535601528,3,0.582375961079379,1.9966672441733,1.1453114318083,1,-1.13475174879277
295,78,1,2,1129.82372185829,0.199152646537186,2,0.243093925886569,1.76289701585483,0.794439378259995,1,-2.50238797853616
296,350,2,6,1132.85873071988,0.198583725101344,3,0.190838023618198,1.56008208389176,0.742330096178193,1,-1.13475174879277
297,50,1,2,1135.74288145831,0.198308336688569,2,0.240702641387543,1.85973218550134,0.791869281520121,1,-2.50238797853616
298,240,2,8,1138.8768533845,0.1982691209123,3,0.111292036972372,1.62979807971533,0.661982527322834,1,-1.13475174879277
299,200,1,2,1141.91021518341,0.198441787395495,2,0.303656256730392,1.98853582332049,0.853876743052751,1,-2.50238797853616
300,170,1,2,1145.10960136869,0.19823019778778,2,0.470128405335345,2.18897644478056,1.02051599769584,1,-2.50238797853616
301,49,1,1,1148.34341578792,0.198255951432657,3,1.11830814939094,2.49916242121617,1.68113299650759,0,2.50238797853616
302,396,2,4,1151.23977082767,0.199046120096682,3,0.178169864020674,1.73066984061006,0.729234367536264,1,1.13475174879277
303,189,1,1,1154.30750467077,0.198897743979614,1,0.685120714359073,2.0709299290138,1.23657269317482,1,2.50238797853616
304,167,1,1,1157.20953165825,0.198350479016881,1,0.202288152855544,1.72107807100474,0.752926843257228,1,2.50238797853616
305,400,2,8,1160.24319898905,0.198224929998105,3,0.0529427636938635,1.78342852426977,0.615318092639427,1,-1.13475174879277
306,33,1,1,1163.48994876195,0.198795607364445,1,0.237837548345851,1.62447790337137,0.789036380534526,1,2.50238797853616
307,136,1,2,1166.39136907549,0.19827234011791,1,0.264223035932446,1.88334710763229,0.815497373128892,0,-2.50238797853616
308,18,1,2,1169.52541709199,0.19838559762502,2,0.243270982196918,1.74139330732942,0.805897994494444,1,-2.50238797853616
309,146,1,2,1172.53933781525,0.198951592510639,2,0.139026664388439,1.79138025491557,0.689972935258993,1,-2.50238797853616
310,76,1,2,1175.70686674128,0.198789754263998,2,0.212451770445114,1.63150894119644,0.763598802690467,1,-2.50238797853616
311,128,1,2,1178.64078669192,0.198232246373664,2,0.310682904731948,1.72955804403318,0.861510064993126,1,-2.50238797853616
312,139,1,1,1181.57457904496,0.198343455296708,1,0.11364264241638,1.51594911547909,0.664344253658783,1,2.50238797853616
313,303,2,7,1184.49231487811,0.198208833968238,3,0.0893458339978679,1.47006460653211,0.651829152657228,1,-1.13475174879277
314,311,2,7,1187.3893280991,0.198610356712379,3,0.38395524484622,2.02116656989529,0.935514042761497,1,-1.13475174879277
315,161,1,1,1190.54211042929,0.19841749702573,2,1.48418433522784,2.94838208576402,2.04670394311688,0,2.50238797853616
316,224,2,8,1193.52254468258,0.198930521348302,3,0.235799791160389,1.85580065742033,0.787532426180405,1,-1.13475174879277
317,135,1,1,1196.65808026475,0.19833935812494,1,0.265525058297499,1.78454763722038,0.816294272857704,1,2.50238797853616
318,84,1,2,1199.69245494283,0.198340528744666,2,0.195591912419331,1.72586678575681,0.757727264213827,1,-2.50238797853616
319,110,1,2,1202.73822443834,0.198985540499052,2,0.286741964862813,1.87203540423798,0.837184283720489,1,-2.50238797853616
320,314,2,2,1205.83925569624,0.198600699093731,3,0.155309699290228,1.90698339358096,0.705595155035553,1,1.13475174879277
321,358,2,6,1209.10604034192,0.198442080050881,3,0.172868124947854,1.79256784914833,0.723973307516644,1,-1.13475174879277
322,19,1,1,1212.24062889231,0.19824922036787,1,0.283763321658626,1.76989293507359,0.834566776860811,1,2.50238797853616
323,429,3,1,1215.24217001386,0.198345796536159,3,0.283585972691071,1.68046837686597,0.845388868337977,1,-2.50238797853616
324,21,1,1,1218.15519849037,0.198983784568554,1,0.32778742238952,1.83131567179589,0.879740426667922,1,2.50238797853616
325,375,2,7,1221.17334427473,0.19830511748296,3,0.143796063905029,1.81289625495083,0.694745553983012,1,-1.13475174879277
326,414,3,1,1224.35808541548,0.198238684784883,3,0.532397500490333,1.99628591462897,1.09452085342855,1,-2.50238797853616
327,427,3,1,1227.33824486566,0.199110211555308,3,0.146693349002817,1.8002029270192,0.698734442457862,1,-2.50238797853616
328,48,1,2,1230.50731988837,0.198469004317303,2,0.341564159354675,1.72700609190906,0.892030183271345,1,-2.50238797853616
329,306,2,2,1233.40778526845,0.198279363838083,3,0.182154947977324,1.56277597372173,0.744544031709665,1,1.13475174879277
330,195,1,1,1236.30413152855,0.199392331032868,1,1.25272608188607,2.70610086298075,1.80448242196508,1,2.50238797853616
331,377,2,1,1239.272777636,0.198293996591019,3,0.226121395660812,1.74577054906877,0.777609078393652,1,1.13475174879277
332,196,1,2,1242.30733229694,0.198501489028786,2,0.44836481911625,2.07913305035436,1.01072580796244,1,-2.50238797853616
333,211,2,3,1245.45430513153,0.199035584515514,3,0.0708892499606009,1.74001431668694,0.621836398799132,1,1.13475174879277
334,408,3,1,1248.63830585497,0.199081238704821,3,0.549513431697051,2.23579686461017,1.10121065545354,1,-2.50238797853616
335,168,1,2,1251.83950328242,0.198268535601528,2,0.281300629325415,1.65074047583403,0.832236071959414,1,-2.50238797853616
336,278,2,6,1254.72372162417,0.19830423951862,3,0.0809580473123788,1.67849529644627,0.64329064861704,1,-1.13475174879277
337,179,1,1,1257.83680441745,0.198834823142533,1,0.286561396691468,1.97343862672096,0.837819930511614,1,2.50238797853616
338,222,2,6,1261.03860676291,0.19813128037822,3,0.175786188554412,1.82779708000453,0.726208314214091,1,-1.13475174879277
339,316,2,4,1291.08201482473,0.199248052087569,3,0.253856315730445,2.12803658890698,0.805674698682196,1,1.13475174879277
340,142,1,2,1294.47294286905,0.198368916286199,1,0.668111894905451,2.26531200541285,1.22889225377185,0,-2.50238797853616
341,310,2,6,1297.58575027393,0.199089140389333,3,0.0839308374143002,1.53635946469876,0.634935053987647,1,-1.13475174879277
342,74,1,2,1300.55351139248,0.198993149529997,1,0.253331585206979,1.87259086354425,0.804573437690124,0,-2.50238797853616
343,355,2,3,1303.68730421376,0.198428032608717,3,0.0759261362036341,1.79486314278802,0.627025758327363,1,1.13475174879277
344,443,3,1,1306.921101659,0.198237806818724,3,0.2233312223143,1.59297592736584,0.774075853849354,1,-2.50238797853616
345,141,1,1,1309.80575605679,0.198355454154807,1,0.22669470692199,1.82812192712299,0.777037523061153,1,2.50238797853616
346,293,2,5,1312.92237529383,0.198322091477166,3,0.167227783967974,1.84780502851572,0.729627695938689,1,-1.13475174879277
347,114,1,2,1316.11857388019,0.198959494198789,1,0.810623203096839,2.3794471862966,1.36126657598288,0,-2.50238797853616
348,289,2,1,1319.20293609116,0.198505293545168,3,0.108557175433816,1.69511166546545,0.660030810724493,1,1.13475174879277
349,268,2,4,1322.30455880494,0.198457005459204,3,0.0399886801023968,1.62552560848962,0.590357249884619,1,1.13475174879277
350,365,2,5,1325.40493539347,0.198248635057098,3,0.106508297356413,1.72503242618041,0.657171863440453,1,-1.13475174879277
351,159,1,1,1328.53804866971,0.198276144632473,1,0.239349404389941,1.70394809235768,0.802360087469424,1,2.50238797853616
352,281,2,1,1331.51851774894,0.198796192675218,3,0.0944032060942845,1.54760268680729,0.645727587305373,1,1.13475174879277
353,256,2,8,1334.4865249904,0.198317701650012,3,0.200752884407848,1.58745791620277,0.751852506531577,1,-1.13475174879277
354,356,2,4,1337.38823005731,0.198373598766921,3,0.165219292288384,1.64592249557609,0.727486631516513,1,1.13475174879277
355,315,2,3,1340.38452504425,0.199296632828919,3,0.108049126249171,1.77769248508594,0.659388432868582,1,1.13475174879277
356,352,2,8,1343.56947016557,0.198479539898472,3,0.117667820117276,1.53674372079331,0.668895917811824,1,-1.13475174879277
357,25,1,1,1346.50345245175,0.198224052031946,1,0.31519945027685,2.03466060207393,0.866487249604688,1,2.50238797853616
358,376,2,8,1349.7378697404,0.198344625916434,3,0.0340603665445087,1.44807655388104,0.596405552016222,1,-1.13475174879277
359,410,3,1,1352.6675388763,0.198923204970924,3,0.25858854805665,1.678276390463,0.809504382803425,1,-2.50238797853616
360,273,2,1,1355.60259637716,0.19831067792984,3,0.163674658881064,1.59928059533013,0.714529036065869,1,1.13475174879277
361,411,3,1,1358.55326936674,0.198266779669211,3,0.221255127316908,1.84056883949415,0.772529757165103,1,-2.50238797853616
362,173,1,1,1361.68775899973,0.198318286960784,1,0.27519350352668,1.92225237869934,0.837573807606532,1,2.50238797853616
363,20,1,2,1364.85043833875,0.199015391313878,2,1.17788774454311,2.86364527631304,1.72882026062689,1,-2.50238797853616
364,370,2,2,1368.05158133235,0.198865844578904,3,0.150976063156122,1.67021813337669,0.70238736292049,1,1.13475174879277
365,147,1,1,1371.08572013045,0.198231075752119,1,0.405969343797551,1.90813733248433,0.956811722122438,1,2.50238797853616
366,343,2,7,1374.10270670812,0.198318872271557,3,0.120218894278878,1.72305993107329,0.671396655303397,1,-1.13475174879277
367,70,1,2,1377.22073332334,0.198291948005135,2,0.334953081541244,1.76537287766587,0.895920739645589,1,-2.50238797853616
368,413,3,1,1380.16683708946,0.199397306168976,3,0.405074111966314,2.07489394180629,0.956508238825336,1,-2.50238797853616
369,221,2,5,1383.35173567863,0.198716005186725,3,0.162653878029232,1.69818864077024,0.713965089762496,1,-1.13475174879277
370,100,1,2,1386.40220784831,0.198221125481723,2,0.3354810312685,1.87169446109328,0.886678107528496,1,-2.50238797853616
371,426,3,1,1389.45336922065,0.19833935812494,3,0.340458215881881,1.80461089753771,0.903529478558994,1,-2.50238797853616
372,15,1,1,1392.43303232785,0.199012757419041,1,0.988154786431551,2.44072066893932,1.53918270806571,1,2.50238797853616
373,132,1,2,1395.40082037067,0.198871697679351,2,0.696387348873031,2.23282875698897,1.2480204811709,1,-2.50238797853616
374,361,2,1,1398.45226737435,0.198367745666474,3,0.189459618284673,1.72548223700687,0.740666644815065,1,1.13475174879277
375,190,1,2,1401.50353849234,0.198279363838083,1,1.0253082243089,2.52216949878675,1.58713804422041,0,-2.50238797853616
376,363,2,3,1404.5164504336,0.198688788266736,3,0.164610569763681,1.70149827684691,0.715839545424387,1,1.13475174879277
377,103,1,1,1407.56833437128,0.198282290388306,1,0.287731138967501,1.85730724567111,0.839185751678087,1,2.50238797853616
378,409,3,1,1410.65303255027,0.198340528744666,3,0.373719048800922,1.82090446802431,0.935724461747668,1,-2.50238797853616
379,182,1,2,1413.61584106723,0.199063094090889,1,0.241062899765893,1.99378459182844,0.792331383861892,0,-2.50238797853616
380,260,2,4,1416.88449255954,0.198332627058335,3,0.0281832676228078,1.58136366722465,0.579234016349801,1,1.13475174879277
381,72,1,2,1419.95283600313,0.198378573904847,1,0.275614048847274,1.87286508133366,0.837885192591784,0,-2.50238797853616
382,351,2,7,1423.06573559435,0.198816385873215,3,0.419823049043771,1.85598824931367,0.970695570840689,1,-1.13475174879277
383,11,1,1,1426.01722450623,0.198222003446062,1,0.204456434197709,1.84038622273511,0.755465333251777,1,2.50238797853616
384,264,2,8,1429.16789825671,0.198325310682776,3,0.0450238104167511,1.69763230350145,0.596191913824441,1,-1.13475174879277
385,354,2,2,1432.33572891011,0.19833057847427,3,0.39992572414485,2.01811300699592,0.950317998989703,1,1.13475174879277
386,305,2,1,1435.46898324608,0.198322384132553,3,0.199936962100765,1.98053814583182,0.762700644309007,1,1.13475174879277
387,54,1,2,1438.76564475422,0.199426279019463,1,0.462747352055885,2.13197865256916,1.0141100710789,0,-2.50238797853616
388,428,3,1,1441.95033760688,0.198196835110139,3,0.310671491182802,1.97926568162802,0.861087178429443,1,-2.50238797853616
389,166,1,2,1445.13389876242,0.198180446428523,2,0.375522681937582,2.02748733388944,0.926382326912062,1,-2.50238797853616
390,120,1,2,1448.30078735917,0.19828199773292,1,0.694141806594416,2.39674836815539,1.24496955216637,0,-2.50238797853616
391,51,1,1,1451.51837551858,0.198380915144298,1,1.13891896732639,2.70722495106929,1.68954800011306,1,2.50238797853616
392,371,2,3,1454.6017254357,0.198316823685673,3,0.187049018551988,1.67205395856945,0.737608106779589,1,1.13475174879277
393,156,1,2,1457.60150770034,0.198315653064128,1,0.230777245016725,1.81586055805928,0.78134013775707,0,-2.50238797853616
394,359,2,7,1460.70144033115,0.198273803393022,3,0.254108877046747,1.66805160796321,0.816284907896261,1,-1.13475174879277
395,8,1,2,1463.63103630328,0.198970029779957,1,0.207307187140032,1.64263100411154,0.757799550012351,0,-2.50238797853616
396,92,1,2,1466.58162003306,0.199028268138136,1,0.147947961248065,1.90002259297034,0.699055777713511,0,-2.50238797853616
397,270,2,6,1469.84884863646,0.19875375769152,3,0.0642178852031066,1.83274382849049,0.614986807109744,1,-1.13475174879277
398,81,1,1,1473.13261576264,0.198349601052541,1,0.115833750855018,1.68519124422892,0.667249147789335,1,2.50238797853616
399,34,1,2,1476.21685535114,0.198285802249302,1,0.203051397251329,1.88878873582325,0.754498986241742,0,-2.50238797853616
400,406,3,1,1479.41764745133,0.198380329833526,3,0.37572051675852,1.83976257480208,0.937803190643535,1,-2.50238797853616
401,199,1,1,1482.3976239921,0.198963006059785,1,0.107634726682591,1.67574902136221,0.658024074975401,1,2.50238797853616
402,302,2,6,1485.48104004926,0.198688202957783,3,0.1253681600665,1.54469164692091,0.676203222015829,1,-1.13475174879277
403,31,1,1,1488.41552131231,0.198605088919066,1,0.0565409576611273,1.62584899233116,0.608042687836132,1,2.50238797853616
404,259,2,3,1491.50004799543,0.198351649638425,3,0.0748017554633407,1.69341251018341,0.625903133517568,1,1.13475174879277
405,134,1,2,1494.63358474354,0.198259755949039,1,0.151160143190282,1.91984382755436,0.702063101112799,0,-2.50238797853616
406,7,1,1,1497.91751400062,0.198313311824677,1,0.0190375043312088,1.71608127850413,0.581659834146194,1,2.50238797853616
407,204,2,4,1501.1300547382,0.199346676841742,3,0.140231817926178,1.54326641677835,0.691615315457966,1,1.13475174879277
408,101,1,1,1504.04836622386,0.19840462020511,1,0.143918393721833,1.7131459482498,0.695176634888412,1,2.50238797853616
409,62,1,2,1507.13260669033,0.198232246373664,1,0.236762041000475,1.77262691864598,0.787676705125705,0,-2.50238797853616
410,368,2,8,1510.18343970369,0.198353698224309,3,0.047323786535344,1.48214189556165,0.597961306319121,1,-1.13475174879277
411,324,2,4,1513.13353352891,0.198363648494706,3,0.0166909960571502,1.48056975257714,0.579163779135342,1,1.13475174879277
412,425,3,1,1516.11348724258,0.198894524775824,3,0.230004928311246,1.5998509800429,0.781451931992706,1,-2.50238797853616
413,133,1,1,1518.99871553694,0.198314482444403,1,0.12332308650366,1.84283633090126,0.67442270862739,1,2.50238797853616
414,99,1,1,1522.23306990476,0.198316823685673,1,0.144261092798843,1.51244574175325,0.69436305382078,1,2.50238797853616
415,162,1,2,1525.11650715015,0.198200054315748,1,0.099218552457387,1.81301946273197,0.660674944510902,0,-2.50238797853616
416,309,2,5,1528.34653373494,0.199053143818674,3,0.950046707746878,2.70294516346439,1.50191981719763,1,-1.13475174879277
417,238,2,6,1531.61471229666,0.198192152631236,3,0.0191999278886215,1.70464607467693,0.570166977271583,1,-1.13475174879277
418,109,1,1,1534.81525417677,0.19829955703608,3,0.810796162239058,2.33006808327264,1.36196368033598,0,2.50238797853616
419,446,3,1,1537.85121738652,0.1982691209123,3,0.312619110609376,1.95815881336603,0.872424635468633,1,-2.50238797853616
420,434,3,1,1541.01225580862,0.198827214111589,3,0.399001812120332,1.9012394527108,0.949570850618329,1,-2.50238797853616
421,137,1,1,1544.02988973928,0.198975882882223,1,0.122055597437793,1.7073704006325,0.672991625382565,1,2.50238797853616
422,88,1,2,1547.13052357161,0.198231661062891,1,0.0637168597422715,1.56675754581738,0.615072262387912,0,-2.50238797853616
423,333,2,5,1550.1486535526,0.198357795394259,3,0.118600219138898,1.82049855545483,0.669112775212852,1,-1.13475174879277
424,232,2,8,1553.36627097751,0.19834491857182,3,0.0767086958348955,1.70674646004591,0.638973693821754,1,-1.13475174879277
425,308,2,4,1556.51240564801,0.198736783697314,3,0.0264577733869373,1.71260717028235,0.577399947087542,1,1.13475174879277
426,40,1,2,1559.71361653759,0.198260633915197,1,0.214164973169318,1.58373036869853,0.765489647033974,0,-2.50238797853616
427,255,2,7,1562.59847140409,0.198503244959284,3,0.0720625040976302,1.80285818638004,0.634666396643297,1,-1.13475174879277
428,1,1,1,1565.84496159195,0.199024463621754,1,0.100530817750041,1.63637959936568,0.651639219524441,1,2.50238797853616
429,449,3,1,1568.89663657392,0.198695519333342,3,0.309118370778378,1.72852321573919,0.860794230715328,1,-2.50238797853616
430,56,1,2,1571.83111286184,0.198378573903028,1,0.0979952543057152,1.85025484402649,0.648487617178034,0,-2.50238797853616
431,263,2,7,1575.09861773162,0.198290192074637,3,0.0800833013363444,1.51051041383835,0.642219823750565,1,-1.13475174879277
432,252,2,4,1578.04456112277,0.198935789137977,3,0.0711602485462208,1.74040793774111,0.622055890093179,1,1.13475174879277
433,373,2,5,1581.22903770334,0.198681179235791,3,0.019739291165024,1.72233648776455,0.57065424794564,1,-1.13475174879277
434,336,2,8,1584.44694544207,0.198275266666315,3,0.0390311127448513,1.45816788567208,0.589872027794627,1,-1.13475174879277
435,228,2,4,1587.38129676628,0.198243367265604,3,0.0160711526386876,1.43011748344725,0.578537204652093,1,1.13475174879277
436,145,1,1,1590.31144117399,0.199287853176429,1,0.10298180387872,1.50574364821478,0.654444610932842,1,2.50238797853616
437,217,2,1,1593.23225193386,0.1983097999655,3,0.0797397242949955,1.59267419999742,0.640422629026943,1,1.13475174879277
438,203,2,3,1596.26187945421,0.198927887453465,3,0.136753319879062,1.72304295708091,0.688321775411168,1,1.13475174879277
439,445,3,1,1599.36401372903,0.198406668789175,3,0.217948417790467,1.94899080828873,0.780624010825704,1,-2.50238797853616
440,113,1,1,1602.61110707898,0.199116649966527,1,0.396092820819831,1.78211274711794,0.947436809919964,1,2.50238797853616
441,272,2,8,1605.51294530394,0.198221710790676,3,0.432840931438477,1.96835754956373,0.983651410362654,1,-1.13475174879277
442,46,1,2,1608.56425417443,0.198246001162261,2,0.368141336006374,1.74874714368525,0.930320000750726,1,-2.50238797853616
443,197,1,1,1611.46099581152,0.198751123796683,1,0.167249147787516,1.60415827722136,0.718826382970292,1,2.50238797853616
444,216,2,8,1614.41343790094,0.198289314110298,3,0.161669093753517,1.85951942527208,0.724326249521255,1,-1.13475174879277
445,341,2,5,1617.62758180294,0.19876809778907,3,0.0351464094728726,1.80537326397098,0.587092097377536,1,-1.13475174879277
446,297,2,1,1620.91337088293,0.198253024882433,3,0.019210756126995,1.66672061274949,0.581758458900367,1,1.13475174879277
447,444,3,1,1624.07708680617,0.199136843164524,3,0.187363622741032,1.74002953474883,0.738606938499288,1,-2.50238797853616
448,10,1,2,1627.1451343755,0.198132450997946,2,0.436373278016617,1.85567188919413,0.987338278813695,1,-2.50238797853616
449,337,2,1,1630.07988019873,0.198332919713721,3,0.0205856496013439,1.77236469971103,0.571045235106794,1,1.13475174879277
450,17,1,1,1633.34716177269,0.198353112913537,1,0.158277221602475,1.62186654226934,0.720681816052092,1,2.50238797853616
