PresOrder,TrialNumber,Illusory_Fragmented,Fat_Thin,StimPresTime,StimPresLength,Response,RespScreenOnset_to_Resp,ExpStartOnset_to_Resp,StimOnset_to_Resp,Accuracy,StepLevel
1,200,1,2,219.481998155699,0.197321869902225,1,0.299302226418149,2.05059012101447,0.852095588805241,0,-8.75
2,19,1,1,222.745147147611,0.197308993152546,NaN,NaN,NaN,NaN,0,8.75
3,336,2,8,225.892474738888,0.197306066618694,3,1.40595684356958,3.0962662982347,1.95868787077416,1,-1.53171790578022
4,93,1,1,229.090761194506,0.197364304651273,1,0.541221552988645,2.04976805752267,1.09391219402096,1,8.75
5,255,2,7,232.113126355169,0.197377181400952,3,0.516102230867546,2.0355641231472,1.0674112550405,1,-1.53171790578022
6,248,2,8,235.142361847826,0.197341185030382,3,0.391445037783342,1.99831548684051,0.944064271376192,1,-1.53171790578022
7,377,2,1,238.256528293296,0.197496291350035,3,0.562681829236681,1.97191873248266,1.11526565176428,1,1.53171790578022
8,320,2,8,241.174165374359,0.197252803693118,3,0.345018789814276,1.88681130965051,0.897838198356112,1,-1.53171790578022
9,236,2,4,244.223171947648,0.197329478893153,3,0.423088482888488,2.16537933298969,0.9751704047776,1,1.53171790578022
10,390,2,6,247.472850979995,0.197539896711532,3,0.328368858046815,1.78757135988053,0.88093043891422,1,-1.53171790578022
11,339,2,3,250.439471222071,0.197385668350762,3,0.357407102290381,2.11666043802688,0.909886154886408,1,1.53171790578022
12,5,1,1,253.706341887691,0.197537848136562,3,0.259844349346167,2.00213256556708,0.828819105352522,0,8.75
13,284,2,4,256.956101399734,0.197246950623594,3,0.148890945916719,1.60793775612547,0.701298883732306,1,1.53171790578022
14,420,3,1,259.922228228123,0.197324211130763,2,0.973580418676647,2.45004127876564,1.52642850725351,0,-8.75
15,214,2,6,262.90572462307,0.197293482520763,3,0.504648360803913,2.11426419171767,1.05761585198343,1,-1.53171790578022
16,446,3,1,266.022582602163,0.197291141292226,2,0.965415973199924,2.3576666858844,1.51801589166644,0,-8.75
17,365,2,5,268.921922112631,0.197391521420286,3,0.57218106702021,2.09840500952305,1.12490536319638,1,-1.53171790578022
18,38,1,2,271.956504090856,0.197290848640478,1,0.126408431227901,1.76786202912444,0.678694332562372,0,-8.75
19,116,1,2,275.105517658563,0.197454734561688,1,0.354925401175933,1.73075708565011,0.907500736753718,0,-8.75
20,278,2,6,277.988453066146,0.197463806818632,3,0.222183657002461,1.83152088184579,0.774605349530248,1,-1.53171790578022
21,213,2,5,281.1051755467,0.197224416309837,3,0.400637282114985,2.02675145031753,0.953073314660287,1,-1.53171790578022
22,210,2,2,284.238420947431,0.197332112773438,3,0.224941330303409,1.91739125217828,0.776942479846184,1,1.53171790578022
23,55,1,1,287.437750127232,0.197478439489714,1,0.118814367293453,1.67880700413298,0.671874336956535,1,8.75
24,31,1,1,290.505235716246,0.197396203875542,1,0.122906832901208,1.69849262996104,0.675434173317626,1,8.75
25,405,3,1,293.588293687086,0.197297872322451,3,0.679974398677587,2.05576013656355,1.23232439111416,1,-8.75
26,89,1,1,296.471668074819,0.197316602141655,1,0.530867181872964,1.95646194876099,1.08341998313699,1,8.75
27,106,1,2,299.404108737139,0.197289970677957,1,0.0762742642618832,1.51958012426803,0.629087819734195,0,-8.75
28,322,2,2,302.354882966429,0.197306651924009,3,0.181288558918823,1.85703704202388,0.733878234514123,1,1.53171790578022
29,28,1,2,305.538058554685,0.197297579668884,2,0.253390755839064,1.94562469948141,0.805679583707388,1,-8.75
30,296,2,8,308.737592299236,0.197509753408667,3,0.407002494284825,1.86625474720313,0.95966123609287,1,-1.53171790578022
31,338,2,2,311.703484419571,0.197299628242035,3,0.594532765624535,2.00446706200273,1.14688597724671,1,1.53171790578022
32,319,2,7,314.620205788042,0.19743659004962,3,0.254894116525975,1.83145093767598,0.807425261435128,1,-1.53171790578022
33,108,1,2,317.703512514301,0.197379229975922,1,0.204114648737232,1.76396681193,0.75661769891849,0,-8.75
34,197,1,1,320.770623214266,0.19731601683452,2,0.321756939032639,2.08112236103443,0.874134440889975,0,8.75
35,39,1,1,324.03752402319,0.197288214758373,1,0.358899634797126,1.71798305595075,0.911505113679596,1,8.75
36,97,1,1,326.903964312671,0.197256022880538,2,0.373097423451327,1.9323604752808,0.926246359756988,0,8.75
37,75,1,1,329.969941858542,0.197393569995256,2,0.706605275780021,2.44957478919605,1.25914724886752,0,8.75
38,277,2,5,333.219984951762,0.197305481309741,3,0.333419178339682,1.95956495311111,0.885612015881634,1,-1.53171790578022
39,159,1,1,336.35306646657,0.197323918477196,1,0.13899399211914,1.49862262661736,0.69157518076463,1,8.75
40,240,2,8,339.219672983201,0.197298750281334,3,0.241880696317821,1.75178394216528,0.794725858359016,1,-1.53171790578022
41,54,1,2,342.236463388617,0.197286166185222,1,0.356377840165806,1.79915487541621,0.908857770724353,0,-8.75
42,204,2,4,345.187198109694,0.1972958237493,2,0.0324877502589516,1.6242880107784,0.584674442079631,0,1.53171790578022
43,81,1,1,348.286258662909,0.197534628949143,2,0.297886369109619,1.75727880302293,0.850491847992089,0,8.75
44,88,1,2,351.252926022187,0.197300798856304,1,0.319271433425456,1.67862468104431,0.871627864236871,0,-8.75
45,134,1,2,354.119577607447,0.197326552357481,2,0.164557854803206,1.52385930276432,0.71677703115347,1,-8.75
46,128,1,2,356.986201683285,0.197266265749931,1,0.425453415278753,2.00136200907764,0.977923102967907,0,-8.75
47,174,1,2,360.06894212515,0.197346452790953,2,0.266587377096585,1.92647843393024,0.819325135329564,1,-8.75
48,434,3,1,363.236084402421,0.197287629451239,1,0.292287030975785,1.73518522474842,0.845380948436286,0,-8.75
49,163,1,1,366.185844294912,0.197311041725698,3,0.0328330813099456,1.42543117361856,0.585399344632606,0,8.75
50,220,2,4,369.085423781195,0.197423713298122,3,0.240751054063367,1.73365259871753,0.793407747298261,1,1.53171790578022
51,392,2,8,372.085200779278,0.197316309488087,3,0.135040536890301,1.87810955247187,0.687641333317515,1,-1.53171790578022
52,333,2,5,375.3356875351,0.197431614940797,3,0.339834434245859,1.9156973741101,0.892147259695776,1,-1.53171790578022
53,366,2,6,378.418540648538,0.197442150465577,3,0.406978496703232,2.01656857411399,0.959571684143157,1,-1.53171790578022
54,396,2,4,381.535051540661,0.197274167394426,3,0.238395486581794,1.7481521130594,0.790688118944672,1,1.53171790578022
55,53,1,1,384.551976274002,0.19735201320691,2,0.319823670452024,1.9790258211051,0.871993388373085,0,8.75
56,263,2,7,387.718790779427,0.19752116689051,3,0.237418609422093,1.99637724315289,0.79000535848354,1,-1.53171790578022
57,416,3,1,390.986068818625,0.197415226348312,1,0.444052126258612,1.96907267784627,0.996615755700986,0,-8.75
58,112,1,2,394.018694993958,0.197359329542451,1,0.748258638908737,2.24055117176977,1.30059019417786,0,-8.75
59,268,2,4,397.017865906782,0.19719017585885,3,0.000596720348767121,1.41028196865591,0.553272728709999,1,1.53171790578022
60,23,1,1,399.934631173268,0.197277971887161,2,1.08671145629887,2.79648880264176,1.6396274404724,0,8.75
61,187,1,1,403.151204371306,0.197282654344235,1,0.389408462542633,2.11584042310642,0.942299863829248,1,8.75
62,43,1,1,406.384579680896,0.197297872322451,3,0.173718492565968,1.66631304377006,0.72624232113958,0,8.75
63,27,1,1,409.384091827624,0.197414933694745,2,0.509829497183091,2.00286361384315,1.06250813942461,0,8.75
64,70,1,2,412.384294929107,0.197341770337516,1,0.0567089189935359,1.68277128753834,0.60886458954883,0,-8.75
65,386,2,2,415.517481799152,0.197426347178407,3,0.450632438702087,1.89345746911567,1.00289083061034,1,1.53171790578022
66,412,3,1,418.468131943386,0.197502437071307,2,0.520469498049351,2.06253740476677,1.07296523189507,0,-8.75
67,203,2,3,421.517949751991,0.197295531093914,3,0.739757349332649,2.14874227797372,1.29213368057572,1,1.53171790578022
68,152,1,2,424.433673757563,0.197287336797672,1,0.361447768240396,1.92125808198944,0.913869753419931,0,-8.75
69,181,1,1,427.500406056639,0.19729377517433,2,0.128310093237815,1.8544710567221,0.680743199245626,0,8.75
70,94,1,2,430.733893159841,0.197397959796945,2,0.467382457944041,1.87670862048799,1.01998149844985,1,-8.75
71,262,2,6,433.650436887678,0.197326259703914,3,0.350675488019988,1.76000311383359,0.902999141646433,1,-1.53171790578022
72,12,1,2,436.567232882775,0.197270948205187,1,0.141818097747091,1.66748277953957,0.694306807909015,0,-8.75
73,383,2,7,439.599728534677,0.197319236023759,3,0.522698639248119,1.88281424906017,1.0756365724319,1,-1.53171790578022
74,148,1,2,442.467175551967,0.197305481309741,1,0.527672869651724,1.90331784123555,1.07985429370819,0,-8.75
75,267,2,3,445.349826500413,0.197280605769265,3,0.544701787614031,2.02088609021121,1.09699295671089,1,1.53171790578022
76,310,2,6,448.332765390571,0.197591696367454,3,0.298818177639987,1.74194405578601,0.851447654104049,1,-1.53171790578022
77,400,2,8,451.283008746534,0.197361085463854,3,0.169479114934802,1.89564885802247,0.721767064842425,1,-1.53171790578022
78,62,1,2,454.516443172119,0.197540482018667,1,0.366602565809444,2.12593842981369,0.919093909853473,0,-8.75
79,151,1,1,457.782459875019,0.197412592466208,2,0.337971987797573,1.94784330515904,0.890441675486727,0,8.75
80,191,1,1,460.899374336226,0.197321577248658,2,0.40950790032548,2.11920096247923,0.962039923195334,0,8.75
81,292,2,4,464.11572219112,0.197262168603629,3,0.000589404015045147,1.56051882771317,0.553385400280604,1,1.53171790578022
82,130,1,2,467.183413222843,0.197326845011048,2,0.933824035098951,2.65903797207648,1.48634552244584,1,-8.75
83,78,1,2,470.416286046489,0.197404983478918,2,0.643211859720395,2.20220947488997,1.19569618008245,1,-8.75
84,382,2,6,473.482485716318,0.197366060572676,3,0.636529118577528,2.09590604185905,1.18887881836054,1,-1.53171790578022
85,59,1,1,476.448785795539,0.197343526258919,1,0.146630783454384,1.6895669929072,0.699185633293382,1,8.75
86,428,3,1,479.498758125157,0.197320991943343,1,1.01985038971179,2.67963228681401,1.57268647949968,0,-8.75
87,199,1,1,482.665481030059,0.197307822538278,2,0.641392140674725,2.40085618688317,1.19386153571031,0,8.75
88,308,2,4,485.932040019772,0.197260705335793,3,0.000599061577304383,1.49327731166159,0.552853063687508,1,1.53171790578022
89,26,1,2,488.93215152073,0.197437760662069,1,0.386779264099459,1.84593377077181,0.939372744191132,0,-8.75
90,397,2,5,491.898477646107,0.197363426690572,3,0.420198237581644,2.07958622316437,0.972415072705189,1,-1.53171790578022
91,176,1,2,495.065303272364,0.197565942866277,2,0.282067865746285,1.82470381277562,0.834399713668972,1,-8.75
92,300,2,4,498.11481086833,0.197386546311463,3,0.512463085426134,2.05542007327495,1.06494652782749,1,1.53171790578022
93,169,1,1,501.164884163381,0.197244902050443,1,0.179698280162484,1.78927899266455,0.732235278141161,1,8.75
94,183,1,1,504.281550454476,0.197282654342416,2,0.181760608906188,1.82465932945524,0.734576212953471,0,8.75
95,276,2,4,507.431351552572,0.197214758745758,3,0.43715633341526,1.94660889297666,0.989842877297633,1,1.53171790578022
96,274,2,2,510.448412077105,0.197396203873723,3,0.653987359128223,2.12958576955134,1.20647489867588,1,1.53171790578022
97,360,2,8,513.430997441917,0.197296701706364,3,0.508684929607625,2.23499251246176,1.06112974175267,1,-1.53171790578022
98,149,1,1,516.664163504303,0.197309285806114,1,0.316726519171425,1.80967283979953,0.869220497095739,1,8.75
99,61,1,1,519.663906261936,0.19729494578678,2,0.235811649421521,1.74592180124637,0.788679638431859,0,8.75
100,385,2,1,522.681783874856,0.197245780011144,3,0.509681121893664,1.96822895799778,1.06220085331915,1,1.53171790578022
101,370,2,2,525.647301984103,0.197323625823628,3,0.581601873684122,2.27445624260508,1.13383334147875,1,1.53171790578022
102,332,2,4,528.847261246745,0.197499217883887,3,0.398241913766469,1.87436475914183,0.95085148979706,1,1.53171790578022
103,415,3,1,531.830121120476,0.19735523239433,2,0.424910835814444,1.85149594192262,0.977290971553884,0,-8.75
104,324,2,4,534.763512906457,0.197533750988441,3,0.401717465936599,1.87820905463741,0.954243928392316,1,1.53171790578022
105,269,2,5,537.746984425863,0.197278849849681,3,0.652047066865634,2.09490516711776,1.20442164219094,1,-1.53171790578022
106,211,2,3,540.696913472038,0.197284702917386,3,0.386517924584041,2.1129577867905,0.939335577204474,1,1.53171790578022
107,193,1,1,543.930587580784,0.197309871113248,2,0.441795475635445,1.95116901877191,0.994664049954736,0,8.75
108,63,1,1,546.946932275021,0.197287922104806,1,0.356049190360864,1.99863506438851,0.908627159818934,1,8.75
109,44,1,2,550.096755907429,0.197380400590191,1,0.320105788361616,1.91279103286615,0.872776821614025,0,-8.75
110,372,2,4,553.196713443416,0.197358451581749,3,0.4996779348985,2.10903359690747,1.05182921565029,1,1.53171790578022
111,362,2,2,556.313046402251,0.197306651925828,3,0.327834765530497,1.72071321982912,0.880395175783633,1,1.53171790578022
112,315,2,3,559.213398200944,0.197208320372738,3,0.255442549057989,1.94798553472538,0.808074659404156,1,1.53171790578022
113,165,1,1,562.412989598221,0.197292897213629,2,0.313696678180349,1.9564900434907,0.865863176910352,0,8.75
114,77,1,1,576.18616709165,0.197565650212709,1,0.5491120748502,1.93503620561933,1.10045709539736,1,8.75
115,42,1,2,579.079388389444,0.197383034472296,1,0.38140790298894,1.87394421615863,0.933956607104847,0,-8.75
116,275,2,3,582.078936532544,0.197311627032832,3,0.456932681809121,2.06647856854943,1.00906172090254,1,1.53171790578022
117,114,1,2,585.195646721653,0.197338551148277,1,0.302438593262195,2.06178265156268,0.854579045839273,0,-8.75
118,281,2,1,588.463762042324,0.197545164473922,3,0.51364774652393,1.92144801406903,1.06620698616462,1,1.53171790578022
119,80,1,2,591.378572676529,0.197402349596814,2,0.473889314374901,1.96685407217046,1.02657380968412,1,-8.75
120,178,1,2,594.37896395417,0.197302847431274,1,0.305532818008942,1.99810477636674,0.857839497737586,0,-8.75
121,219,2,3,597.578849175494,0.197266558405317,3,0.464400026807198,1.99023415493866,1.01694902357667,1,1.53171790578022
122,212,2,4,600.612027880508,0.197296409054616,3,0.442240016202049,1.88500651592767,0.995052401060093,1,1.53171790578022
123,349,2,5,603.561922978884,0.197262168603629,3,0.494827789550982,2.07118619167522,1.04775226067432,1,-1.53171790578022
124,378,2,2,606.64557298762,0.19747668357013,3,0.516598278436504,2.27537458907864,1.06910220657846,1,1.53171790578022
125,155,1,1,609.911263381944,0.197285873529836,1,0.655692650681885,2.28202865018648,1.2083300287868,1,8.75
126,71,1,1,613.044377381286,0.197287336797672,1,0.260330154043913,1.83674679420074,0.812669903609276,1,8.75
127,303,2,7,616.127853846536,0.197461758243662,3,0.335583643131031,1.74521533585903,0.888204047338149,1,-1.53171790578022
128,6,1,2,619.044184815326,0.19747141580774,1,0.240435281011742,1.71692160195016,0.792925161786115,0,-8.75
129,350,2,6,622.027726571558,0.197230269379361,3,0.292834878202484,1.86919240236421,0.845219989048928,1,-1.53171790578022
130,126,1,2,625.11113338529,0.197304018043724,2,0.398689673518675,1.8416118648729,0.951108146855404,1,-8.75
131,37,1,1,628.061290701142,0.197255144919836,2,0.401403156150991,1.84375672188435,0.953926692071036,0,8.75
132,103,1,1,631.01085246726,0.197348208712356,2,0.277401799408835,1.67024601325465,0.830083368184205,0,8.75
133,202,2,2,633.910834644665,0.197287044145924,3,0.394586965039707,2.15398838341571,0.946911496626853,1,1.53171790578022
134,118,1,2,637.177332177158,0.19736254872987,1,0.245942433313758,1.85532794597384,0.798432899395266,0,-8.75
135,123,1,1,640.293805902294,0.197305773965127,1,0.181343285110415,1.69112625039816,0.734200445946044,1,8.75
136,182,1,2,643.310640791031,0.197279142503248,2,0.84132769839016,2.23399280833473,1.39383806490696,1,-8.75
137,247,2,7,646.210701692211,0.197279435156815,3,0.845051713326029,2.25414024128077,1.39728786357409,1,-1.53171790578022
138,431,3,1,649.126675331159,0.197315724180953,3,0.904207215020506,2.31391324172,1.45679747592112,1,-8.75
139,285,2,5,652.044089995614,0.197362841383438,3,0.540412658900095,2.13264897303452,1.09273953171396,1,-1.53171790578022
140,30,1,2,655.143461346774,0.197507704833697,2,0.436253497575308,2.12905401826356,0.988754791835163,1,-8.75
141,226,2,2,658.34356664348,0.197246657971846,3,0.294586701651497,1.73718229177393,0.846920890802721,1,1.53171790578022
142,48,1,2,661.293291124904,0.19736254872987,1,0.387611277808901,1.74730575933245,0.940176370517293,0,-8.75
143,445,3,1,664.16020990275,0.197282069037101,2,1.2049858780083,2.86435806030386,1.75790771525317,0,-8.75
144,316,2,4,667.326678784471,0.197206857103083,3,0.582896865125804,2.04205283506417,1.13544117944002,1,1.53171790578022
145,45,1,1,670.293218254201,0.197368694452962,2,0.699392831922523,2.27519841171124,1.25192661071378,0,8.75
146,170,1,2,673.375949623809,0.197345867483818,1,0.169492284338048,1.91257300605685,0.721808328975385,0,-8.75
147,67,1,1,676.626627189671,0.197285288222702,1,0.21505608264124,1.97397784203713,0.767647806809691,1,8.75
148,171,1,1,679.89275802741,0.197363426690572,2,0.338075001805919,1.9478359888235,0.891123850640724,0,8.75
149,241,2,1,683.009601373833,0.197290263333343,3,0.423456640906807,2.18258208709267,0.975934230238636,1,1.53171790578022
150,290,2,2,686.276015500098,0.197297872322451,3,0.909969268463101,2.65250185029981,1.46219810237744,1,1.53171790578022
151,414,3,1,689.525855491833,0.197484292559238,2,0.767404611808161,2.22664837777847,1.32000511558181,0,-8.75
152,426,3,1,692.492292825515,0.197426347178407,3,0.831082194350529,2.32385760537363,1.38327327597108,1,-8.75
153,167,1,1,695.492501194758,0.19747668357013,1,0.396713384883697,2.1559327728246,0.949074790803934,1,8.75
154,124,1,2,698.758620619015,0.197444199038728,2,0.278819997944083,1.92179334512002,0.831404113127064,1,-8.75
155,450,3,1,701.908573311588,0.197279727808564,1,0.896686314443286,2.5398501790005,1.44913463843113,0,-8.75
156,154,1,2,705.058781197955,0.197312504993533,2,0.331155796689927,1.95726850162282,0.883803710317807,1,-8.75
157,90,1,2,708.192352907265,0.197345574830251,1,0.794964956216063,2.50386551287011,1.34755638773095,0,-8.75
158,448,3,1,711.408320312696,0.197350549940893,2,0.552410864347621,2.31192232041394,1.10503829223853,0,-8.75
159,68,1,2,714.674912372246,0.197224416309837,2,0.346381091543662,1.7892760661307,0.898681918202783,1,-8.75
160,351,2,7,717.625544957275,0.197314260913117,3,0.315940744703767,1.77466417286996,0.868527493765214,1,-1.53171790578022
161,131,1,1,720.591533653243,0.197340892376815,2,0.328803741045704,2.0884436719698,0.881712116231938,0,8.75
162,179,1,1,723.858945142407,0.197281776381715,2,0.454124672118269,2.01301839531698,1.00697217538982,0,8.75
163,198,1,2,726.924977999779,0.197296994359931,3,1.23967701596484,2.60319852643079,1.79651748267679,0,-8.75
164,35,1,1,729.79585784184,0.197452685988537,2,0.52551630650305,2.18022095919514,1.07814197847256,0,8.75
165,150,1,2,732.95797906416,0.197293189867196,2,0.412050180699225,2.13790941849402,0.964430609090414,1,-8.75
166,34,1,2,736.19174389547,0.19744712557258,2,0.77953977906509,2.28826333892357,1.33188947884628,1,-8.75
167,143,1,1,739.207934654001,0.197480780716432,3,1.05835714312889,2.7840642011397,1.61079317567237,0,8.75
168,249,2,1,742.441722897585,0.197246072664711,3,0.528717642408083,2.05399133921492,1.08106675688214,1,1.53171790578022
169,279,2,7,745.474335025554,0.19731923602194,3,0.440267239408058,1.94948567622305,0.992606403666286,1,-1.53171790578022
170,135,1,1,748.490843020407,0.197470830500606,1,0.235343111275142,1.86113945784746,0.787961759562677,1,8.75
171,110,1,2,751.624275426682,0.197372498947516,2,0.392723347978972,1.95173705908383,0.945025637904109,1,-8.75
172,355,2,3,754.690655956332,0.197279727808564,3,0.516519554663319,2.10906666674418,1.06878321433578,1,1.53171790578022
173,14,1,2,757.790485602769,0.197274460046174,2,0.452518882731965,1.94508826573838,1.00511060690224,1,-8.75
174,313,2,1,760.790383466721,0.197311041725698,3,0.543948497679594,2.15346833826334,1.09682614425219,1,1.53171790578022
175,102,1,2,763.906900504564,0.197332990734139,2,0.502241871625301,2.02868530420346,1.05516487948262,1,-8.75
176,407,3,1,766.940882250599,0.197285873531655,1,0.798334860497562,2.50683594521615,1.35057364462773,0,-8.75
177,225,2,1,770.156941256555,0.197381571202641,3,0.486151200568202,2.17847059901214,1.03872243899605,1,1.53171790578022
178,429,3,1,773.356828819105,0.197323625823628,3,0.881672022713246,2.49073181210224,1.43391578195042,1,-8.75
179,361,2,1,776.473296398519,0.197503607685576,3,0.411572277642335,1.85416786776659,0.96410634908716,1,1.53171790578022
180,180,1,2,779.42287982099,0.197488682360927,2,0.732623043941203,2.40885908766541,1.28512287493322,1,-8.75
181,309,2,5,782.606248267859,0.197242560823724,3,0.601725894357514,1.96128165815026,1.15404398756618,1,-1.53171790578022
182,232,2,8,785.473638803036,0.197315138873819,3,0.333775630220771,1.72590811091868,0.886164838217155,1,-1.53171790578022
183,343,2,7,788.373453290025,0.197225294270538,3,0.193858609176459,1.58586641951115,0.7464556011073,1,-1.53171790578022
184,113,1,1,791.272779923742,0.197277386581845,3,0.314136828941628,1.80675391445766,0.866820738945535,0,8.75
185,364,2,4,794.273107110279,0.197302847431274,3,0.275243187687011,1.93413629631323,0.827596106655619,1,1.53171790578022
186,87,1,1,797.439440200807,0.197332698080572,3,0.38343482066557,1.97582009540019,0.935983817435044,0,8.75
187,231,2,7,800.539081378434,0.197306066618694,3,0.276097443056642,1.65244536818864,0.829057032593482,1,-1.53171790578022
188,194,1,2,803.42240923427,0.197324211130763,2,0.821023110547685,2.49699576618332,1.37355630403363,1,-8.75
189,161,1,1,806.605311191566,0.197294360479646,3,1.10759374201734,2.83379304310074,1.65994227118244,0,8.75
190,230,2,6,809.839093874734,0.197481658678953,3,0.541150730858135,2.00014720467698,1.09368509495653,1,-1.53171790578022
191,334,2,6,812.805325180399,0.197318943368373,3,0.359107711388788,1.80176973384005,0.911275673388445,1,-1.53171790578022
192,340,2,4,815.755629115623,0.197534628949143,3,0.459257228028946,2.05164952644191,1.01155893264695,1,1.53171790578022
193,425,3,1,818.85507684933,0.197298164976019,1,0.616045426835626,1.99219142109723,1.16845833976004,0,-8.75
194,329,2,1,821.738783984014,0.197287629453058,3,0.412231625827189,1.98810773509467,0.964769209113001,1,1.53171790578022
195,40,1,2,824.821852490379,0.197255144921655,2,0.537566896917269,2.09700788203554,1.09035265031343,1,-8.75
196,311,2,7,827.888913439261,0.197307237231144,3,0.30269612828306,1.8779895645639,0.855277902235684,1,-1.53171790578022
197,217,2,1,830.971548818545,0.197388302231047,3,0.751007825259876,2.44362485224519,1.30362325435817,1,1.53171790578022
198,64,1,2,834.17299856512,0.197270948207006,2,0.936989081979846,2.37807955549579,1.48945876966718,1,-8.75
199,352,2,8,837.121121939614,0.197359329542451,3,0.293808243519379,1.8699635441626,0.84634699741946,1,-1.53171790578022
200,100,1,2,840.204677713944,0.197246657971846,3,1.01287499513455,2.52223214967671,1.56557617168983,0,-8.75
201,17,1,1,843.221476313656,0.197335917267992,3,0.768629951733601,2.17756834847751,1.32080376679914,0,8.75
202,60,1,2,846.137593645441,0.197318065407671,3,0.571097956664744,1.99712087552507,1.12327206438567,0,-8.75
203,117,1,1,849.070873052502,0.197467611313186,1,1.17671262984004,2.53600090839609,1.72927040621107,1,8.75
204,251,2,3,851.937365434294,0.197425469219525,3,0.682145009192027,2.14166182081317,1.2346348899664,1,1.53171790578022
205,229,2,5,854.90415863455,0.197301969470573,3,0.590907960202458,1.96691318816374,1.14319093500126,1,-1.53171790578022
206,409,3,1,857.78777153483,0.197301384161619,2,0.76420093467641,2.32307212356136,1.31668671830448,0,-8.75
207,297,2,1,860.854139480383,0.197308700498979,3,0.579505889796565,2.28888230093435,1.13236773308563,1,1.53171790578022
208,323,2,3,864.070830910407,0.197325967052166,3,0.281022800336359,1.64003100955779,0.83352555786405,1,1.53171790578022
209,368,2,8,866.937082438424,0.19731074907213,3,0.231114561820505,1.97371533190926,0.783344273693729,1,-1.53171790578022
210,444,3,1,870.187380140129,0.197354939740762,2,0.475859457284969,1.85139614709988,1.02852902726954,0,-8.75
211,435,3,1,873.070229507603,0.197325089091464,3,0.573379482828386,2.23264133478006,1.12561973022639,1,-8.75
212,391,2,7,876.237155513987,0.197433956167515,3,0.39937857969926,2.0416996023705,0.951676479824528,1,-1.53171790578022
213,172,1,2,879.386932321846,0.197457368443793,1,0.486108180512019,2.21186557491274,1.03853601876108,0,-8.75
214,413,3,1,882.61993888811,0.19732450378433,3,0.617634242324129,2.01046382350069,1.17009397979746,1,-8.75
215,66,1,2,885.519951501474,0.197312504993533,2,0.838660747653194,2.2147581614463,1.39142133285532,1,-8.75
216,16,1,2,888.403102887291,0.197456197829524,3,0.600217851215348,2.0594543008483,1.15284674237228,0,-8.75
217,264,2,8,891.369704692201,0.197309871111429,3,0.444316392307883,2.03693198529436,0.996936796515001,1,-1.53171790578022
218,133,1,1,894.469848648425,0.197286751490537,2,0.420448748922354,2.11283545765582,0.97278937644478,0,8.75
219,394,2,2,897.66983044538,0.197290555985091,3,0.723868316490552,2.23282277990984,1.27647350271945,1,1.53171790578022
220,196,1,2,900.685791763621,0.197301969470573,2,0.750113183714348,2.37658234053197,1.30296566209472,1,-8.75
221,399,2,7,903.819593205875,0.197307529884711,3,0.451909870937016,2.21098468807941,1.00439067945626,1,-1.53171790578022
222,235,2,3,907.086376075466,0.197405276130667,3,0.26602636046664,1.80809953494463,0.818403277015022,1,1.53171790578022
223,177,1,1,910.135716858975,0.197454149254554,3,0.772664471962344,2.3986185587346,1.32533579786468,0,8.75
224,142,1,2,913.269387192491,0.197324211130763,2,0.681911764404504,2.44079664946912,1.23417542407697,1,-8.75
225,137,1,1,916.535668161443,0.197418152882165,2,0.367498377967422,2.12672654550988,0.920079566614731,0,8.75
226,121,1,1,932.798133222283,0.197342940949966,3,0.883174798091204,2.4960504955925,1.43537348870086,0,8.75
227,369,2,1,935.918768479236,0.197503900339143,3,0.297064890923139,1.83928205089251,0.849445611969713,1,1.53171790578022
228,432,3,1,938.968250907006,0.197207149758469,2,0.859375635607648,2.30196273878028,1.41176367298795,0,-8.75
229,156,1,2,941.918289990872,0.197315431527386,2,1.02579915604656,2.75181496342884,1.57853808489381,1,-8.75
230,138,1,2,945.15182274801,0.197299920895603,3,0.774891857239709,2.33400009540492,1.32773438540244,0,-8.75
231,162,1,2,948.218519636022,0.197293189867196,3,0.344840856527298,1.80342439635024,0.897366733675881,0,-8.75
232,24,1,2,951.18448696829,0.197389765498883,3,0.27417529530976,1.7334784699251,0.826807405654108,0,-8.75
233,280,2,8,954.151272559557,0.197538726097264,3,0.266577719532506,1.74265578893392,0.819160371447651,1,-1.53171790578022
234,260,2,4,957.136179836705,0.197362841383438,3,0.240915525293531,1.98168223631728,0.793380823180996,1,1.53171790578022
235,234,2,2,960.384494226095,0.197254559612702,3,0.490441792548154,1.94951289299388,1.04300278810842,1,1.53171790578022
236,363,2,3,963.350772063655,0.197313382952416,3,0.286976249126383,1.86297790671415,0.839118750276612,1,1.53171790578022
237,440,3,1,966.434203460276,0.197313968261369,1,0.514110138949036,2.13983449277839,1.06634424062395,0,-8.75
238,259,2,3,969.567156792882,0.197543701204268,3,0.268781985190799,1.89478465243519,0.821238796128455,1,1.53171790578022
239,330,2,2,972.700830638239,0.197365767919109,3,0.340742830503586,2.03302272073415,0.89308140945468,1,1.53171790578022
240,20,1,2,975.900572752034,0.197431029633663,2,0.550539345644211,2.19305966530374,1.10261278058533,1,-8.75
241,356,2,4,979.050506422134,0.197251925732417,3,0.410823084854201,1.80323563488673,0.963179808317363,1,1.53171790578022
242,256,2,8,981.950140341954,0.19729494578678,3,0.284740669550956,1.92770845630912,0.837558614823138,1,-1.53171790578022
243,298,2,2,985.100734823505,0.197293482520763,3,0.373246676701456,1.84889249698062,0.926236116887594,1,1.53171790578022
244,374,2,6,988.084009094498,0.19731601683452,3,0.580332343091868,2.10559052926692,1.13291704358016,1,-1.53171790578022
245,387,2,3,991.117200090957,0.197422250032105,3,0.223814321931059,1.63246152851207,0.776390535471364,1,1.53171790578022
246,18,1,2,994.033287864746,0.197269777592737,3,0.221875785591692,1.96441041600337,0.77411661829683,0,-8.75
247,205,2,5,997.283345297981,0.197282654342416,3,0.192441288598275,1.61815399482293,0.745007259267368,1,-1.53171790578022
248,294,2,6,1000.21678800566,0.197328308278884,3,0.155407459911657,1.7809249077618,0.707909924785781,1,-1.53171790578022
249,132,1,2,1003.34933250142,0.197376010788503,2,0.812441926584142,2.47199848054515,1.36458530569507,1,-8.75
250,305,2,1,1006.5164332219,0.197348501364104,3,0.482845680040555,2.02508361840228,1.03504817514477,1,1.53171790578022
251,373,2,5,1009.56586823982,0.197472586422009,3,0.597359797788158,2.2234236296008,1.1499526925727,1,-1.53171790578022
252,3,1,1,1012.69929420772,0.19737308425465,3,0.590120137159829,2.06613704199481,1.14267908414695,0,8.75
253,371,2,3,1015.68282045332,0.1975264346529,3,0.436840560359997,2.1625417653031,0.989174164204087,1,1.53171790578022
254,393,2,1,1018.91607606765,0.197371913640382,3,0.3436237108981,1.76921525859871,0.896033111981524,1,1.53171790578022
255,160,1,2,1021.84880265238,0.197322162555793,2,1.05545138719208,2.74850388248706,1.60826435735726,1,-8.75
256,222,2,6,1025.04956641931,0.197283824956685,3,0.396692313839594,2.15558890503962,0.949600103715056,1,-1.53171790578022
257,301,2,5,1028.31606512241,0.19729377517433,3,0.473066372920584,2.06501237485099,1.02552991488847,1,-1.53171790578022
258,348,2,4,1031.41538496657,0.197400886330797,3,0.229983748955419,1.80584727412315,0.782561133108175,1,1.53171790578022
259,289,2,1,1034.49893020538,0.197326259703914,3,0.254535616068097,1.93019747375729,0.80719991829028,1,1.53171790578022
260,129,1,1,1037.6823416723,0.197255437573403,3,0.184270404748531,1.84303211198312,0.736842813792464,0,8.75
261,408,3,1,1040.84837362244,0.197286166183403,1,0.492476026562144,1.86859480405474,1.04512394019184,0,-8.75
262,238,2,6,1043.73225459327,0.197305188657992,3,0.563396196266694,2.28875909383896,1.11555684193081,1,-1.53171790578022
263,239,2,7,1046.96471419027,0.197332405427005,3,0.461182009657932,1.920566249275,1.0134693742566,1,-1.53171790578022
264,381,2,5,1049.93150534195,0.197523508119048,3,1.09158238003874,2.8174360574194,1.64421039323497,1,-1.53171790578022
265,4,1,2,1053.16480982941,0.197325381745031,2,0.956911757088164,2.41614966998895,1.50926906586028,1,-8.75
266,25,1,1,1056.13181403279,0.197547798354208,3,0.347196424008871,2.0893427033152,0.899519492328182,0,8.75
267,41,1,1,1059.38122440929,0.197255144921655,3,0.978460414673464,2.48769962988081,1.53079606708889,0,8.75
268,96,1,2,1062.3980996842,0.197315138873819,2,0.404829249890099,1.83070262284855,0.957459311661296,1,-8.75
269,141,1,1,1065.33156843803,0.197296116401048,3,0.890204333552902,2.24929390042962,1.44323152603283,0,8.75
270,95,1,1,1068.19815095708,0.19732450378433,2,1.08559381283703,2.71092308453262,1.63813403000495,0,8.75
271,357,2,5,1071.33088158042,0.197419908803568,3,0.445134066001629,1.95424334308518,0.997643847211293,1,-1.53171790578022
272,153,1,1,1074.34786601506,0.197314260913117,3,0.340619330754635,2.03286615114848,0.893071166583468,0,8.75
273,449,3,1,1077.5486856788,0.197285288224521,1,0.606744315426113,2.24795442566756,1.15924736560737,0,-8.75
274,344,2,8,1080.6975491153,0.197248999198564,3,0.461762634067782,1.98741502441771,1.0143967929871,1,-1.53171790578022
275,190,1,2,1083.73066051002,0.197351720553343,3,0.347199643196291,2.10626948522986,0.899398626461334,0,-8.75
276,419,3,1,1086.99690928709,0.197321869902225,2,0.508649518540551,1.96790177146067,1.06092839619123,0,-8.75
277,84,1,2,1089.96371507145,0.197502437071307,2,0.229151149937024,1.90488500036918,0.781753116978507,1,-8.75
278,69,1,1,1093.14688714786,0.197289970677957,3,0.505043442939495,1.89765207077289,1.05755673598833,0,8.75
279,218,2,2,1096.04711691007,0.197563016332424,3,0.256491711616036,1.9653972433789,0.808799269303563,1,1.53171790578022
280,146,1,2,1099.26326459002,0.197263046562512,3,0.154237431484944,1.61356021388383,0.7066635138126,0,-8.75
281,314,2,2,1102.22987722311,0.197304896004425,3,0.000557797444344033,1.76007481392298,0.553339161038821,1,1.53171790578022
282,8,1,2,1105.49694689306,0.197302262122321,3,0.12609763328328,1.85180381333339,0.678915285903713,0,-8.75
283,36,1,2,1108.73008603133,0.19731601683452,2,1.0285038590755,2.77065482083708,1.58113187226991,1,-8.75
284,307,2,3,1111.97978115962,0.197342940949966,3,0.38480619465372,1.76057027618663,0.937505029980457,1,1.53171790578022
285,29,1,1,1114.86308589583,0.197323625823628,3,0.570290818495778,2.22934722773789,1.12265924809799,0,8.75
286,436,3,1,1118.0296656932,0.197307529884711,NaN,NaN,NaN,NaN,0,-8.75
287,56,1,2,1121.2132407534,0.197273874740858,3,0.322329954455199,2.03129840670772,0.875226623502385,0,-8.75
288,237,2,5,1124.42985609353,0.197282361688849,3,0.525207264478013,1.95045787092931,1.07760495942057,1,-1.53171790578022
289,224,2,8,1127.36262833219,0.197331234812737,3,0.220701660018676,1.72971553208299,0.772934298425753,1,-1.53171790578022
290,11,1,1,1130.37931689421,0.19746088028478,3,0.182584135667639,1.82485131010617,0.735255461571796,0,8.75
291,266,2,2,1133.52924441859,0.1973605001549,3,0.170334540918702,1.57925801233978,0.722567471979346,1,1.53171790578022
292,304,2,8,1136.44561928539,0.197552188155896,3,0.0782283112348523,1.67077396004788,0.63053264973496,1,-1.53171790578022
293,398,2,6,1139.54558969813,0.197462343552615,3,0.120222322959307,1.76262792247508,0.672722446606713,1,-1.53171790578022
294,441,3,1,1142.69551634455,0.197260412682226,3,1.01609886535334,2.50870951249453,1.56853577585753,1,-8.75
295,184,1,2,1145.69589942789,0.197297579667065,3,0.641558660479859,2.3003668996098,1.19444772053612,0,-8.75
296,242,2,2,1148.86204990268,0.197284995570953,3,0.258459220647637,1.73407723885066,0.811083136693924,1,1.53171790578022
297,189,1,1,1151.84533266062,0.197405276132486,3,0.183385420767081,1.55897069105049,0.736026018061239,0,8.75
298,1,1,1,1154.72824202205,0.197292604560062,3,0.162679312416003,1.77199546621341,0.714911658171332,0,8.75
299,76,1,2,1157.84525247358,0.197311041725698,2,0.496574052585856,2.23873145272228,1.04922986785823,1,-8.75
300,111,1,1,1161.09510797595,0.197356110355031,3,0.737561863277733,2.21322260888155,1.29021972712326,0,8.75
301,15,1,1,1164.07833571504,0.197183152176876,3,0.579352246744747,2.0216221135961,1.13152576915854,0,8.75
302,168,1,2,1167.02826768775,0.197333576039455,1,0.804135544192832,2.47960542122928,1.35639949651886,0,-8.75
303,72,1,2,1170.2117411972,0.197497754617871,2,0.51439313481751,2.0563059352171,1.0670164655603,1,-8.75
304,209,2,1,1173.26113348772,0.197407910012771,3,0.352428189431521,1.89490142115392,0.904827347643732,1,1.53171790578022
305,422,3,1,1176.31123663342,0.197485463171688,1,0.513087022547552,2.18872488265333,1.0653653148911,0,-8.75
306,166,1,2,1179.49449855444,0.197298750283153,2,0.928887556989139,2.62130236045414,1.48142192108935,1,-8.75
307,427,3,1,1182.69430417403,0.197287336797672,3,0.499519316736041,2.12536804827323,1.0519761276737,1,-8.75
308,216,2,8,1185.82765434469,0.197289385372642,3,0.323644553674967,1.81613638352246,0.876478302236137,1,-1.53171790578022
309,243,2,3,1188.82803830599,0.19731396825955,3,0.247472718116114,1.85587228135955,0.799997717302176,1,1.53171790578022
310,233,2,1,1191.94406105219,0.197364597304841,3,0.441472971553594,2.08380335913535,0.994121763142175,1,1.53171790578022
311,447,3,1,1195.09391336463,0.197290848640478,2,0.918344131758204,2.2940979704199,1.47064408045662,0,-8.75
312,437,3,1,1197.97812035138,0.197363426690572,3,0.977699808399848,2.3857909734561,1.53024529332833,1,-8.75
313,438,3,1,1200.89374865928,0.197459709670511,1,0.47906518299169,1.83809885306255,1.03151643351521,0,-8.75
314,410,3,1,1203.76031742362,0.197285873531655,3,0.541480843930913,2.26727862450389,1.09378401181675,1,-8.75
315,140,1,2,1206.9936104976,0.197322747864746,3,1.38891856069495,2.81805121493562,1.9446156304457,0,-8.75
316,125,1,1,1209.93040437973,0.197436590047801,3,0.829214187488105,2.20123435364985,1.38178454795707,0,8.75
317,395,2,3,1212.81010362565,0.197396789182676,3,0.096594070080755,1.50561440978709,0.649077219828541,1,1.53171790578022
318,50,1,2,1215.72638367275,0.197295531093914,2,0.559402647517345,2.08539393054343,1.11169966968191,1,-8.75
319,32,1,2,1218.7599147325,0.197276801274711,1,0.602487085934627,2.01142753125532,1.15500272021382,0,-8.75
320,127,1,1,1221.67667268265,0.197284702917386,3,0.681997511861482,2.39098762046706,1.23485320942928,0,8.75
321,85,1,1,1224.89314579321,0.19727270412659,3,0.280502169880492,2.00643164449866,0.833320700459808,0,8.75
322,101,1,1,1228.12648335051,0.197283532304937,3,0.540183511262512,2.14894216026732,1.09247116851657,0,8.75
323,282,2,2,1231.24302819043,0.197410543893056,3,0.601202922671291,2.17659732438733,1.15378001417048,1,1.53171790578022
324,99,1,1,1234.32645870909,0.197313382954235,2,0.644791895605522,2.03671308052617,1.19704706832999,0,8.75
325,367,2,7,1237.22612247956,0.197522337504779,3,0.23820350592905,1.69711540290518,0.790532134664318,1,-1.53171790578022
326,13,1,1,1240.19258234756,0.197433663515767,3,0.182570088301873,1.67491676204736,0.735076650324118,0,8.75
327,188,1,2,1243.19260078472,0.197284410263819,3,0.0710433767999348,1.54675738532933,0.623650026294854,0,-8.75
328,346,2,2,1246.17583262097,0.197345282176684,3,0.582535730789459,2.09161808375757,1.13531533846253,1,1.53171790578022
329,379,2,3,1249.19261424678,0.197434248821082,3,0.199318058970675,1.87459449208654,0.751874957381006,1,1.53171790578022
330,417,3,1,1252.37536724348,0.197413470426909,NaN,NaN,NaN,NaN,0,-8.75
331,46,1,2,1255.60965065667,0.197328600932451,3,0.274228558233517,1.86562993212465,0.826718146356143,0,-8.75
332,83,1,1,1258.70884641577,0.197289385372642,3,0.330256180035576,2.02231423896592,0.88270479667699,0,8.75
333,384,2,8,1261.90861369776,0.197316309488087,3,0.308879602671368,1.93469848355744,0.861727983901801,1,-1.53171790578022
334,91,1,1,1265.04220355158,0.197298164976019,3,0.170210163210868,1.52883499643394,0.722718481152697,0,8.75
335,388,2,4,1267.9084972217,0.197298457627767,3,0.184549303470703,1.72672754053201,0.73683169296055,1,1.53171790578022
336,403,3,1,1270.95946428033,0.197554236729047,2,0.96112362529675,2.63556365490149,1.51373963970218,0,-8.75
337,358,2,6,1274.14155295374,0.197380107936624,3,0.303415470420077,1.84568150351333,0.855643426373717,1,-1.53171790578022
338,98,1,2,1277.19177813592,0.197437175354935,2,0.495984648570811,2.17132224625675,1.04840634109678,1,-8.75
339,223,2,7,1298.29873740529,0.197306651924009,3,0.545771728566251,2.28009274772739,1.09818142230142,1,-1.53171790578022
340,207,2,7,1301.54065878044,0.197206564449516,3,0.269795151376456,1.66226945128437,0.822409117206917,1,-1.53171790578022
341,288,2,8,1304.44038313017,0.197358451583568,3,0.063654755573225,1.50620586237528,0.615890027864225,1,-1.53171790578022
342,258,2,2,1307.39047108716,0.197316309488087,3,0.131459044177973,1.54040709848414,0.683690804624348,1,1.53171790578022
343,389,2,5,1310.30725742469,0.197514728515671,3,0.137485363669839,1.87956550330091,0.690057772713772,1,-1.53171790578022
344,347,2,3,1313.55695694278,0.197368694452962,3,0.0951884556416189,1.63760930239914,0.647732477304089,1,1.53171790578022
345,119,1,1,1316.60697990144,0.197367523838693,1,0.833532581546024,2.27579132756728,1.38584891883511,1,8.75
346,376,2,8,1319.55852088273,0.197258656762642,3,0.274823230010952,1.73200700846428,0.827324816924374,1,-1.53171790578022
347,328,2,8,1322.52286281783,0.197286458838789,3,0.961903546696703,2.67173913107035,1.51488362197233,1,-1.53171790578022
348,92,1,2,1325.74036489786,0.197261290642928,2,0.575869670890825,2.31805897025333,1.12866917899919,1,-8.75
349,443,3,1,1328.99000705587,0.197430736980095,3,0.645954315043127,2.20474180504607,1.19858379150719,1,-8.75
350,265,2,1,1332.05646279746,0.197394155300572,3,0.344002697094766,1.98621719391485,0.896660853593858,1,1.53171790578022
351,52,1,2,1335.20631189072,0.197286166183403,2,0.6586358662571,2.28437719398607,1.21095161824087,1,-8.75
352,306,2,2,1338.33985638325,0.197436882701368,3,0.469946687324409,1.87867056910363,1.02230662997499,1,1.53171790578022
353,418,3,1,1341.25600941876,0.197283824956685,1,0.917095086904737,2.6262716157471,1.46981382266495,0,-8.75
354,86,1,2,1344.47266777895,0.197345574830251,1,0.437238861684818,2.12964839738561,0.989508959730301,0,-8.75
355,253,2,5,1347.67262850486,0.197303725391976,3,0.443068225416937,2.20190365205053,0.995223018013348,1,-1.53171790578022
356,173,1,1,1350.93908945567,0.197499803191022,1,0.380250166008409,1.83923873818276,0.932858278771164,1,8.75
357,7,1,1,1353.90595055152,0.197417274921463,1,0.276148950062634,1.96839108799941,0.828558058490671,1,8.75
358,47,1,1,1357.10603185064,0.197487219093091,2,0.444451305542316,2.13644146887418,0.996929480181279,0,8.75
359,158,1,2,1360.30575581993,0.197225879577672,2,0.241213446488473,1.61668048478532,0.793424135890746,1,-8.75
360,439,3,1,1363.18889696287,0.19726948493917,2,1.07156517787007,2.79723448358891,1.624106858304,0,-8.75
361,252,2,4,1366.4223053423,0.197364597304841,3,0.277378972441511,2.01965109272351,0.8302320361272,1,1.53171790578022
362,192,1,2,1369.67239028496,0.197557455916467,2,0.587117805589514,1.94559689740527,1.13972825958081,1,-8.75
363,302,2,6,1372.53856162594,0.197419908803568,3,0.413624656170214,1.85584623520481,0.966235695465002,1,-1.53171790578022
364,406,3,1,1375.48843799449,0.197326845011048,1,0.934692337836168,2.39365076670765,1.48695102239799,0,-8.75
365,107,1,1,1378.45505150554,0.197304896004425,1,0.127389405535723,1.80291956917972,0.679778613530289,1,8.75
366,312,2,8,1381.63816827046,0.197282946995983,3,0.25278847507434,1.81205181955738,0.805584763993465,1,-1.53171790578022
367,331,2,3,1384.70506240688,0.197306651925828,3,0.522802238565419,2.06484965954223,1.07499595406625,1,1.53171790578022
368,2,1,2,1387.75444357656,0.197320113982641,1,0.722105372211445,2.43133867582037,1.27437283637664,0,-8.75
369,82,1,2,1390.97140190652,0.197560967759273,2,0.256570435389222,1.79866292499355,0.809148697502678,1,-8.75
370,345,2,1,1394.02084921588,0.197402934903948,3,0.439743389762953,1.94933466705152,0.992368476425327,1,1.53171790578022
371,293,2,5,1397.03803382547,0.197540774670415,3,0.849827817351979,2.29190014313826,1.40226238662945,1,-1.53171790578022
372,115,1,1,1399.98753793886,0.197263046562512,2,0.440460683328638,1.96619530929274,0.992836136612823,0,8.75
373,105,1,1,1403.02113982074,0.197296701708183,1,0.301816412063999,2.06076099842721,0.854698741093671,1,8.75
374,321,2,1,1406.28780182446,0.197313382952416,3,0.464311938123501,1.88993509239481,1.01723933578069,1,1.53171790578022
375,287,2,7,1409.22098319262,0.197282946997802,3,0.37437661160584,1.73302017464994,0.926912438970248,1,-1.53171790578022
376,295,2,7,1412.08761195091,0.19737103567968,3,0.0978659419015457,1.50642593775592,0.650454154230829,1,-1.53171790578022
377,404,3,1,1415.0040491529,0.197328893586018,1,0.501028823144225,1.90980216335447,1.05330653018063,0,-8.75
378,65,1,1,1417.92087295007,0.197446247611879,1,0.358834080429006,2.00078138466597,0.911152758946628,1,8.75
379,58,1,2,1421.07073404212,0.197472879075576,2,0.776857903003474,2.21881404537453,1.32940133935699,1,-8.75
380,195,1,1,1424.02039765163,0.197311041725698,2,0.310888083182363,2.05321083250783,0.863329090832849,0,8.75
381,147,1,1,1427.27013462936,0.197338551148277,2,0.339955592768092,1.91569620349401,0.892245298595299,0,8.75
382,227,2,3,1430.3536526514,0.197412299814459,3,0.0980353882387135,1.84000841671332,0.65051005103669,1,1.53171790578022
383,221,2,5,1433.60355468566,0.197325967052166,3,0.404156732301999,2.04621495218998,0.956703973151889,1,-1.53171790578022
384,246,2,6,1436.75345089612,0.197383619777611,3,0.232099925928196,1.8241922545767,0.784482695547922,1,-1.53171790578022
385,104,1,2,1439.85435253208,0.197243438784426,2,0.22237505234807,1.96339051878931,0.774740555416429,1,-8.75
386,185,1,1,1443.10326656836,0.197262753910763,1,0.74975760979396,2.44205681515086,1.30261418532245,1,8.75
387,122,1,2,1446.30304497118,0.197297872322451,2,0.503468674816759,1.96261527984643,1.05642797169821,1,-8.75
388,186,1,2,1449.26992655277,0.197364011997706,2,0.322404581078445,1.74756446496758,0.875040203265598,1,-8.75
389,423,3,1,1452.20280648789,0.19736576791729,2,0.902540846371267,2.49470780164302,1.45523587720345,0,-8.75
390,144,1,2,1455.3026972989,0.197320699289776,2,0.230006283269176,1.93886645375096,0.782261163338262,1,-8.75
391,272,2,8,1458.51932639374,0.197337965842962,3,0.10102484305753,1.60989502228767,0.653620371724173,1,-1.53171790578022
392,401,3,1,1461.53587360415,0.197269777592737,3,0.960415403989828,2.56935696139044,1.51297347301443,1,-8.75
393,74,1,2,1464.65252028747,0.197322455211179,2,0.454222125710658,2.21299785104566,1.00646822617819,1,-8.75
394,109,1,1,1467.91901489343,0.197337673189395,1,0.593621150181207,2.00242492634607,1.14587398167714,1,8.75
395,411,3,1,1470.8353528859,0.197518240356658,1,0.903348569847367,2.44573488349852,1.45594000136225,0,-8.75
396,175,1,1,1473.88538081967,0.197406154093187,2,0.5734075775581,2.31573032688357,1.12585941338875,0,8.75
397,206,2,6,1477.13556497184,0.197548091007775,3,0.130221120154602,1.70562137493835,0.682600085279773,1,-1.53171790578022
398,299,2,3,1480.21855153525,0.197240804900503,3,0.176894074968004,1.70249408035124,0.729278307853747,1,1.53171790578022
399,120,1,2,1483.25185637389,0.197285288224521,2,0.280770533077884,1.7732714351805,0.833676859689149,1,-8.75
400,49,1,1,1486.25206913294,0.197304310697291,1,0.231973792300778,1.94082225664533,0.784872217267548,1,8.75
401,164,1,2,1489.46877900013,0.197306944577576,2,0.0758147983724484,1.48415852334074,0.628374915972017,1,-8.75
402,201,2,1,1492.38485711635,0.197549846927359,3,0.426810449249388,1.95232880432559,0.979393393816281,1,1.53171790578022
403,325,2,5,1495.41849353134,0.197332990734139,3,0.364601986941125,2.00644159471631,0.917022508852824,1,-1.53171790578022
404,145,1,1,1498.56871429445,0.197366353224425,2,0.217969447567157,1.77622840546792,0.77061794650399,0,8.75
405,291,2,3,1501.63521159282,0.197301676815187,3,0.292105585847821,1.93381408488312,0.844700236551944,1,1.53171790578022
406,157,1,1,1504.78453332459,0.197238756327351,2,0.908804800452344,2.58429252934911,1.46090135501436,0,8.75
407,257,2,1,1507.96809960518,0.197313382954235,3,0.354186743910759,1.71264476467877,0.906443672554815,1,1.53171790578022
408,353,2,1,1510.83457384246,0.197563016332424,3,0.299841001389723,1.95841716634823,0.852412239819387,1,1.53171790578022
409,341,2,5,1514.00096048857,0.197389765498883,3,0.210186622167384,1.93592294552218,0.762875214624728,1,-1.53171790578022
410,228,2,4,1517.23418098449,0.197589062488987,3,0.268286230275407,1.91048785034582,0.820627735762173,1,1.53171790578022
411,424,3,1,1520.38401046997,0.197299042934901,2,0.434628393060848,1.97686486815473,0.987021990857102,0,-8.75
412,270,2,6,1523.43418502311,0.197284702917386,3,0.406866703093328,1.98243933074809,0.959752543962168,1,-1.53171790578022
413,375,2,7,1526.51770392311,0.197300798856304,3,0.331807828537421,1.70724121169042,0.884793171577257,1,-1.53171790578022
414,433,3,1,1529.40085121178,0.197268314324901,1,1.27041674726934,2.91210124872305,1.82288643495667,0,-8.75
415,245,2,5,1532.5504931064,0.197404105518217,3,0.436151946832979,1.9781753702282,0.988705626057708,1,-1.53171790578022
416,10,1,2,1535.60043997517,0.197296409054616,2,0.347460104751008,2.05616546156853,0.899827071087202,1,-8.75
417,21,1,1,1538.8169057694,0.197267729017767,1,0.403650441861828,2.09571786570268,0.956193292910029,1,8.75
418,9,1,1,1542.01698619056,0.197311919686399,1,0.201194552782908,1.94355124990761,0.754263302049367,1,8.75
419,359,2,7,1545.26693124488,0.197268899632036,3,0.182556918898626,1.55783636634442,0.734847502684715,1,-1.53171790578022
420,318,2,6,1548.15023685906,0.197325674398598,3,0.335732896382979,1.99419931630291,0.88806123246286,1,-1.53171790578022
421,244,2,4,1551.31601420072,0.197537848136562,3,0.293374823786507,2.05257021414218,0.845899530320821,1,1.53171790578022
422,136,1,2,1554.58309411354,0.197351720553343,2,0.356100697365036,1.88152540334158,0.908433130593039,1,-8.75
423,337,2,1,1557.61654410829,0.197498632576753,3,0.337370292341802,1.8959324391999,0.889674338186524,1,1.53171790578022
424,421,3,1,1560.68406013326,0.197384497738312,1,0.7594037596009,2.50036011005068,1.31176048306588,0,-8.75
425,73,1,1,1563.93309240152,0.197272411473023,1,0.100856859986379,1.6595027057283,0.653214754063811,1,8.75
426,250,2,2,1566.99954433861,0.197314846222071,3,0.292771079753948,1.7849649884065,0.845619168332632,1,1.53171790578022
427,335,2,7,1569.99939011025,0.197259827375092,3,0.361258421469756,1.95320442339835,0.913815027226519,1,-1.53171790578022
428,273,2,1,1573.09897451311,0.197302554775888,3,0.273825281803511,1.74945120164921,0.826364328355339,1,1.53171790578022
429,139,1,1,1576.08302519366,0.197308115191845,2,0.615974312051549,2.15747417845523,1.16842234338765,0,8.75
430,317,2,5,1579.13223077128,0.197332112773438,3,0.263357653808271,1.97220641080821,0.815858362760991,1,-1.53171790578022
431,22,1,2,1582.34921075759,0.197336795228694,2,0.397448237656135,2.12283718138497,0.950259159246343,1,-8.75
432,254,2,6,1585.58259074963,0.197326259705733,3,0.240865188903626,1.86582103481669,0.793335169246348,1,-1.53171790578022
433,442,3,1,1588.71525815984,0.197285873531655,3,1.18209364851282,2.9409106379826,1.73430550852754,1,-8.75
434,430,3,1,1591.98166672569,0.197439516583472,2,0.799991571580904,2.44229210851336,1.35259236800812,0,-8.75
435,342,2,6,1595.13181286218,0.197321577250477,3,0.568027436844204,2.06017803279065,1.12037538070581,1,-1.53171790578022
436,286,2,6,1598.13182573893,0.197496876657169,3,0.474369558658509,1.91645915099434,1.02677603320626,1,-1.53171790578022
437,51,1,1,1601.08161987187,0.197425761873092,2,0.326199710800211,1.91839388284097,0.878700419752931,0,8.75
438,271,2,7,1604.18191249604,0.19737308425465,3,0.2115436561362,1.57014273585992,0.764092945559241,1,-1.53171790578022
439,33,1,1,1607.04865451121,0.197273874739039,2,0.64336989257572,2.13523749265187,1.19621798115259,0,8.75
440,261,2,5,1610.0489901847,0.197359914849585,3,0.273158909936683,1.63096197231971,0.825624500477716,1,-1.53171790578022
441,208,2,8,1612.91507811944,0.197391814073853,3,0.236418319987934,1.84473008720306,0.789056868707121,1,-1.53171790578022
442,283,2,3,1616.03113715467,0.197338843801845,3,0.282054403687653,2.04089802461749,0.834368107098271,1,1.53171790578022
443,380,2,4,1619.29767536599,0.197323040518313,3,0.0945308633781679,1.67005139872163,0.647088054443884,1,1.53171790578022
444,327,2,7,1622.38126157627,0.197278264542547,3,0.0133877239495632,1.53885603528943,0.566185183484777,1,-1.53171790578022
445,57,1,1,1625.41456787818,0.197342940949966,2,0.231578124858061,1.67341193809443,0.783880122129631,0,8.75
446,354,2,2,1628.36439566627,0.197356695662165,3,0.222078887072712,1.94725155991728,0.774413368877504,1,1.53171790578022
447,326,2,6,1631.59847597798,0.197508290140831,3,0.421571660144764,1.92916850428628,0.974096659332645,1,-1.53171790578022
448,402,3,1,1634.61391256862,0.197370450372546,1,0.788619351824309,2.51401327066196,1.34078175340983,0,-8.75
449,215,2,7,1637.84729841373,0.197558919184303,3,0.0637636226510949,1.47246584807544,0.616117712235791,1,-1.53171790578022
450,79,1,1,1640.76394661884,0.197235537139932,2,0.428328735260948,1.80358623370012,0.980741355529972,0,8.75
