PresOrder,TrialNumber,Illusory_Fragmented,Fat_Thin,StimPresTime,StimPresLength,Response,RespScreenOnset_to_Resp,ExpStartOnset_to_Resp,StimOnset_to_Resp,Accuracy,StepLevel
1,449,3,1,256.419221304172,0.233241177036689,NaN,NaN,NaN,NaN,0,-10.9207039756171
2,398,2,6,259.8527091288,0.198261877816549,1,0.594376797800578,2.36452804943292,1.17240924184989,0,-0.695694151881465
3,106,1,2,263.139722582917,0.218195615421791,2,0.171204098542148,1.94966551273683,0.744940988071903,1,-10.9207039756171
4,402,3,1,266.434782519627,0.198333577698577,2,1.4891161043488,3.11046551952677,2.0411100780475,0,-10.9207039756171
5,113,1,1,269.577177898527,0.217834774794028,1,0.590807021671935,2.2159474583259,1.16228931575097,1,10.9207039756171
6,126,1,2,272.719373395716,0.198282656150695,2,0.138490515568265,1.64201595483246,0.689843580124943,1,-10.9207039756171
7,283,2,3,275.738537457042,0.198256902722278,2,0.246536383592684,1.74248592560616,0.807214529848352,0,0.695694151881465
8,188,1,2,278.749542657186,0.198942587710917,1,0.381738069505445,1.81949335400714,0.93367263473192,0,-10.9207039756171
9,312,2,8,281.701893549967,0.198450931380648,3,0.699423854872293,2.31505893583926,1.25972330869445,1,-0.695694151881465
10,380,2,4,284.833482439821,0.19865754410057,2,0.351250694684495,2.05606667328175,0.903977177780689,0,0.695694151881465
11,230,2,6,288.055269487662,0.198330358518433,1,0.108400562947281,1.55365389911276,0.667631249558326,0,-0.695694151881465
12,79,1,1,291.017897753629,0.198201006081945,2,0.339434554251056,2.11097649092517,0.909158884303906,0,10.9207039756171
13,300,2,4,294.304812876479,0.198198079555368,3,0.607128548521359,2.33614572459555,1.16726704342727,1,0.695694151881465
14,263,2,7,297.54993165099,0.198659885321831,3,0.648926360125188,2.40299547471295,1.20090921302653,1,-0.695694151881465
15,285,2,5,300.84257778925,0.198269194132081,3,0.384433399736736,2.14199883465699,0.939532417272858,1,-0.695694151881465
16,214,2,6,304.114573483745,0.199189293833115,1,0.791965867345425,2.24670378086739,1.34463264931583,0,-0.695694151881465
17,266,2,2,307.084105131342,0.198253683543953,1,0.128475944396996,1.64446867607694,0.692021793251115,0,0.695694151881465
18,406,3,1,310.115879884846,0.198726902761337,2,0.709475007615765,2.14867072810011,1.28013641121834,0,-10.9207039756171
19,302,2,6,313.070329096603,0.198296703472806,1,0.194189909865599,1.69021349298055,0.755009407315811,0,-0.695694151881465
20,265,2,1,316.082573680407,0.198963073389677,3,0.417267848222764,2.03843025840433,0.970037351247811,1,0.695694151881465
21,220,2,4,319.218102844554,0.198473758282489,3,0.477925069819321,2.04634914447342,1.06102537853803,1,0.695694151881465
22,245,2,5,322.300441817595,0.198343820538867,3,0.263692262939003,1.99602343678816,0.827170801700049,1,-0.695694151881465
23,74,1,2,325.54835747278,0.198921224071455,1,0.623011974465044,2.02784179553055,1.17531703785244,0,-10.9207039756171
24,250,2,2,328.467852553438,0.198350551547264,1,0.359753422644644,2.01232594122121,0.910556007704145,0,0.695694151881465
25,128,1,2,331.63533469651,0.198260707207737,3,0.125380850748115,1.87680145951708,0.708237379871207,0,-10.9207039756171
26,323,2,3,334.901638005736,0.198309872839673,3,0.233217179524217,1.73064227583018,0.795451944837623,1,0.695694151881465
27,415,3,1,337.914134856064,0.198929418344051,3,0.935824216472611,2.60600476262698,1.48734204443099,1,-10.9207039756171
28,426,3,1,341.100231166271,0.198320993637026,3,0.239856295878781,1.86014162628817,0.791498793831124,1,-10.9207039756171
29,381,2,5,344.235400367746,0.198349673590201,3,0.603658566922604,2.22071067166507,1.1852789315617,1,-0.695694151881465
30,238,2,6,347.368022613849,0.198383035984079,1,0.154922665093181,1.75205829873448,0.716845755410759,0,-0.695694151881465
31,2,1,2,350.479678058753,0.19900872719154,3,0.371290665172637,2.05661656747179,0.954122611479761,0,-10.9207039756171
32,164,1,2,353.679790671466,0.199166466931274,2,0.644693725909747,2.23203193658992,1.1964032413016,1,-10.9207039756171
33,169,1,1,356.781663326037,0.198473758282489,1,0.375025497356546,1.9784999858075,0.926549763667936,1,10.9207039756171
34,154,1,2,359.899853117671,0.198496877836078,2,0.548104328301633,2.33239421121652,1.12955875893022,1,-10.9207039756171
35,328,2,8,363.199734798236,0.198378060889809,1,0.133336318389411,1.64836241860939,0.696435286759879,0,-0.695694151881465
36,156,1,2,366.229727882856,0.199072818106288,1,0.354483627697846,1.87427908695827,0.905525602564012,0,-10.9207039756171
37,260,2,4,369.264489448558,0.198458833001496,3,0.220258816085334,1.62343953987875,0.771531108530326,1,0.695694151881465
38,168,1,2,372.181813047097,0.198311043450303,1,0.2456417446665,1.77815032450781,0.804823850950925,0,-10.9207039756171
39,221,2,5,375.23055199251,0.198778116962785,3,0.356967370116763,1.9775491575856,0.909057333859892,1,-0.695694151881465
40,12,1,2,378.365322893831,0.198486634995788,2,0.64762259289455,2.34644797324836,1.21112190999156,1,-10.9207039756171
41,143,1,1,381.580298745603,0.198330065868504,1,0.422206067800289,2.02728224380371,0.974396411376802,1,10.9207039756171
42,22,1,2,384.717716104175,0.198366647438888,3,0.342251335301626,1.92184625145637,0.902881779185918,0,-10.9207039756171
43,430,3,1,387.812062612433,0.199412002442841,3,0.375244986787948,1.97958367829779,0.927097023986789,1,-10.9207039756171
44,51,1,1,390.931154651962,0.198358453168112,1,0.531988243559681,1.9645269958819,1.09316799633416,1,10.9207039756171
45,43,1,1,393.879604193244,0.19911730129752,2,0.342719872074667,1.87992172128907,0.894927189501686,0,10.9207039756171
46,219,2,3,396.931630797704,0.198416983683273,3,0.515205496249109,2.16384534950157,1.07863691794773,1,0.695694151881465
47,352,2,8,400.095244073713,0.199006385972098,3,0.504049287375892,2.07227348032029,1.0868569435188,1,-0.695694151881465
48,130,1,2,403.178396035612,0.199544574059473,2,1.2941881246843,2.749278977215,1.84704308226355,1,-10.9207039756171
49,103,1,1,406.148305497683,0.198493658657753,3,0.404085605559885,1.90715743333203,0.955360824531454,0,10.9207039756171
50,61,1,1,409.165591607427,0.198322164249475,3,0.500118670619486,2.09758734289244,1.06197474349756,0,10.9207039756171
51,124,1,2,412.277929810791,0.198210663616919,2,0.292728666285257,1.88136537645005,0.844126506684916,1,-10.9207039756171
52,318,2,6,415.380886157855,0.198301678567077,1,0.11994863361906,1.70654614063096,0.671374568666579,0,-0.695694151881465
53,120,1,2,418.48189577998,0.198457369739117,3,0.183951752125722,1.5814962799468,0.746120085303119,0,-10.9207039756171
54,171,1,1,421.394704041913,0.198994387217681,1,0.157100878221172,1.64444321530209,0.708671383641558,1,10.9207039756171
55,410,3,1,424.396790654784,0.198396498000875,3,0.261756073492506,1.89859910138148,0.813168546519591,1,-10.9207039756171
56,110,1,2,427.548312111632,0.198395620043812,2,0.229952054727619,1.89881332306686,0.813480514167168,1,-10.9207039756171
57,407,3,1,430.748941548794,0.198261585164801,3,0.259415730837645,1.70612296500258,0.820663671660441,1,-10.9207039756171
58,343,2,7,433.712364366505,0.19831543323744,3,0.497697848506505,2.1347202724246,1.04939682840632,1,-0.695694151881465
59,317,2,5,436.863835194457,0.198473172977174,3,0.290124936311258,2.05515915764045,0.853132597078002,1,-0.695694151881465
60,412,3,1,440.144091885886,0.220752520983297,3,0.218720048838804,1.88671769942266,0.801254952779345,1,-10.9207039756171
61,434,3,1,443.327202261853,0.199027456956173,3,0.191006142486003,1.72775906264542,0.742444661591435,1,-10.9207039756171
62,145,1,1,446.378666388062,0.19830753162023,1,1.1332842262309,2.62009422827578,1.68462324346365,1,10.9207039756171
63,231,2,7,449.380278903758,0.198456199128486,2,0.334494578757585,2.08256314491518,0.913920341725316,0,-0.695694151881465
64,286,2,6,452.643530431917,0.198986485596834,1,0.0972215271722234,1.46734216734512,0.648816322756829,0,-0.695694151881465
65,45,1,1,455.528313405157,0.198340894014109,3,0.688758424370462,2.14246356694821,1.24026425357079,0,10.9207039756171
66,144,1,2,458.496450855877,0.198407911453614,2,0.358691971750886,1.87813127282607,0.909560403639261,1,-10.9207039756171
67,172,1,2,461.530287639438,0.217149382458956,3,0.770910392413498,2.46864242274205,1.34971456130916,0,-10.9207039756171
68,242,2,2,464.743537133661,0.198893129423595,3,0.578775781594231,1.999250516752,1.13033984865797,1,0.695694151881465
69,281,2,1,467.678634108483,0.198304605093654,3,0.428752413286929,1.81592972357976,0.980731461704636,1,0.695694151881465
70,280,2,8,470.580349959804,0.217756051251854,3,0.376369357987642,1.89032552038771,0.955112069841562,1,-0.695694151881465
71,7,1,1,473.609342465264,0.199013409634063,2,0.415402188045846,1.86914947259538,0.967086535318231,0,10.9207039756171
72,153,1,1,476.577612780255,0.198269194130262,1,0.196552786770553,1.71698886252125,0.748123877494436,1,10.9207039756171
73,224,2,8,479.612819763181,0.198416691029706,3,0.297493342884991,1.75396873475438,0.868578507419443,1,-0.695694151881465
74,123,1,1,482.583431591436,0.198433372226646,3,0.257162013345805,1.75104513551378,0.815945526819633,0,10.9207039756171
75,340,2,4,485.59260010401,0.199445657488468,3,0.0747461019400362,1.64612713822862,0.627546333487771,1,0.695694151881465
76,15,1,1,488.678417252922,0.198352600116777,2,0.314122154941288,1.78404990780109,0.865513556984297,0,10.9207039756171
77,254,2,6,491.663254337624,0.198462052179821,3,0.301437129006445,1.71930023257119,0.883846484994137,1,-0.695694151881465
78,409,3,1,494.595244220038,0.198249586408565,3,0.252495668009942,1.75534946961125,0.80314665903461,1,-10.9207039756171
79,379,2,3,497.612364981076,0.198416983683273,3,0.0201625919180515,1.75120755769422,0.582927351046237,1,0.695694151881465
80,175,1,1,500.859003207765,0.198965999916254,1,0.70526461499685,2.2431580022494,1.25762791624584,1,10.9207039756171
81,24,1,2,503.913110572044,0.198294654906931,2,0.427020495337274,2.09320955300063,1.00662711759833,1,-10.9207039756171
82,50,1,2,507.093913675099,0.198320115679962,1,0.512233901985383,2.23247764646476,1.064059015147,0,-10.9207039756171
83,335,2,7,510.328930082665,0.198306068356032,3,0.509187973968437,1.9650291877042,1.07954823807086,1,-0.695694151881465
84,311,2,7,513.29939968177,0.198373378447286,3,0.0186378719954519,1.61208988765429,0.57662185863046,1,-0.695694151881465
85,158,1,2,516.407555294509,0.199553938942699,2,0.457317938637061,1.87857932392035,1.00940058606648,1,-10.9207039756171
86,40,1,2,519.343693527198,0.198408204105363,1,0.33825428640921,1.8705907865351,0.918724526422011,0,-10.9207039756171
87,90,1,2,522.391252497424,0.199407612653886,2,0.363420652083732,1.73471424378113,0.916018660698683,1,-10.9207039756171
88,228,2,4,525.277367332539,0.198677737129401,3,0.449523429910187,1.86472924807822,1.01275818907925,1,0.695694151881465
89,10,1,2,528.207515844942,0.199486921501375,2,0.963437742993847,2.53463470081078,1.51572905170906,1,-10.9207039756171
90,279,2,7,531.293571213055,0.198260999859485,3,0.853721414061511,2.24030376166775,1.40471100411742,1,-0.695694151881465
91,170,1,2,534.195086890013,0.198240514178906,1,0.401118986392248,1.9869081869856,0.985049843124216,0,-10.9207039756171
92,397,2,5,537.294958971572,0.198239636221842,1,0.567483489274309,2.01468559894784,1.12913353473596,0,-0.695694151881465
93,386,2,2,540.257110799144,0.217966175800029,3,0.377803355611832,2.01272336341935,0.960171740238366,1,0.695694151881465
94,321,2,1,543.407130948273,0.199055258952285,3,0.279803079933117,1.76660020526651,0.831373000050007,1,0.695694151881465
95,419,3,1,546.408569920994,0.198636180462927,3,0.500099648201285,2.23707053600083,1.05204299300567,1,-10.9207039756171
96,447,3,1,549.659698901471,0.198352600114958,3,0.12508029654964,1.89023948053,0.685674158865368,1,-10.9207039756171
97,6,1,2,552.940013245456,0.198978583977805,1,0.303617390703948,1.87382254893964,0.855152485162762,0,-10.9207039756171
98,236,2,4,556.02484444784,0.198360501735806,3,0.322469484384783,1.69277303241506,0.873963900134186,1,0.695694151881465
99,290,2,2,558.910192533203,0.198419032249149,3,0.306768673648548,1.9594646916139,0.874605394581522,1,0.695694151881465
100,139,1,1,562.078063611549,0.198489268868798,2,0.233613723767121,1.8634459665318,0.794566670792847,0,10.9207039756171
101,327,2,7,565.223340740371,0.199038870408913,3,0.178961147736118,1.75032257630119,0.731505015626681,1,-0.695694151881465
102,131,1,1,568.309399035008,0.198337382182217,1,0.405748750154089,1.9039859573586,0.968398496819646,1,10.9207039756171
103,66,1,2,571.322157224085,0.198978876629553,2,0.0473506015914609,1.6673956642353,0.598248591390075,1,-10.9207039756171
104,292,2,4,574.476248170557,0.198269486783829,2,0.48791769204945,2.1692090859251,1.05048022824485,0,0.695694151881465
105,401,3,1,577.672960160327,0.199250750874853,3,0.294565061203684,1.73244238182815,0.847064445903015,1,-10.9207039756171
106,63,1,1,580.625481084255,0.198432201617834,1,0.461496432126296,1.85997247309933,1.02346781011875,1,10.9207039756171
107,20,1,2,583.53969232264,0.198868839261195,2,0.347608340714942,2.00179015581125,0.899729325632507,1,-10.9207039756171
108,134,1,2,586.708759472067,0.19838420659471,2,0.301829283460393,1.81672047084248,0.864708177094144,1,-10.9207039756171
109,450,3,1,589.739613540567,0.198754119450314,3,0.209665963422594,1.91352350483066,0.76123149374871,1,-10.9207039756171
110,256,2,8,592.975539804995,0.198250757019196,2,0.187675756164026,1.88549704552497,0.749472127914487,0,-0.695694151881465
111,178,1,2,596.18931431794,0.199002581488458,1,0.34046322805807,1.7278053017526,0.892564312598552,0,-10.9207039756171
112,215,2,7,599.092095717293,0.198409667367741,2,0.121631678586709,1.80925578157076,0.690628766986265,0,-0.695694151881465
113,67,1,1,602.294832838312,0.198441273845674,1,0.457869003437736,1.88623423736681,1.01721470251323,1,10.9207039756171
114,97,1,1,614.091557529204,0.198300507956446,1,0.167849129402384,1.66563477368254,0.720678918860358,1,10.9207039756171
115,400,2,8,617.104948140501,0.199122569045358,3,0.394340274759088,1.76419840556991,0.94598540658626,1,-0.695694151881465
116,437,3,1,619.990163946901,0.198497755793142,3,0.495014224377883,2.11070373872462,1.07632379198185,1,-10.9207039756171
117,297,2,1,623.12090385163,0.199290258971814,3,0.568917486898499,2.17211483335996,1.12043472954974,1,0.695694151881465
118,424,3,1,626.240214502634,0.198339138096344,3,0.317058923548757,2.03683237533369,0.868435692960702,1,-10.9207039756171
119,443,3,1,629.474092784329,0.198507413328116,3,0.437046479959463,2.12272649187798,0.988526555733188,1,-10.9207039756171
120,291,2,3,632.691017702262,0.198263633732495,3,0.446617975130721,2.06579678614798,0.997837590111885,1,0.695694151881465
121,282,2,2,635.824718665763,0.198249586408565,1,0.321315847926599,1.73993048330703,0.872648719454446,0,0.695694151881465
122,44,1,2,638.758044799843,0.198393571477936,2,0.327460088774387,2.03084324035444,0.896915471108514,1,-10.9207039756171
123,216,2,8,641.975815191068,0.19835611194685,1,0.300845678149926,1.99687681170326,0.862920362502337,0,-0.695694151881465
124,439,3,1,645.186076117179,0.199218266436219,3,0.114355457575584,1.61845566650118,0.666029854659428,1,-10.9207039756171
125,274,2,2,648.205057270647,0.199194854230882,3,0.295813517095667,1.79956664006386,0.848810118521214,1,0.695694151881465
126,48,1,2,651.239312254738,0.198207151785027,2,0.47490928501793,1.86106845699942,1.02634575555749,1,-10.9207039756171
127,429,3,1,654.13993534134,0.198229978686868,3,0.194872083022346,1.6807517425259,0.746701878624663,1,-10.9207039756171
128,80,1,2,657.139869787163,0.198392400865487,2,0.415586266515675,2.08050667525822,0.979005689458063,1,-10.9207039756171
129,11,1,1,660.320219864028,0.199053503036339,1,0.0752673161787243,1.81221684034062,0.644152611295794,1,10.9207039756171
130,234,2,2,663.571908103579,0.198676859170519,1,0.0785090287718049,1.46433838129815,0.630435399723865,0,0.695694151881465
131,101,1,1,666.472095723146,0.198382450676945,2,0.0683706655581773,1.80440243124031,0.620107982946138,0,10.9207039756171
132,112,1,2,669.72259286671,0.198230563992183,3,0.0608257894818962,1.72978538908683,0.612291525279943,0,-10.9207039756171
133,104,1,2,672.923646064803,0.19827709574929,3,0.392177279565658,1.87251029478648,0.954474672527795,0,-10.9207039756171
134,189,1,1,675.918757010859,0.199395906551217,2,0.508630178159365,2.04563009709273,1.06024341085504,0,10.9207039756171
135,96,1,2,678.970800881822,0.199148029818389,2,0.0167877224048425,1.53559430860878,0.568339498058776,1,-10.9207039756171
136,368,2,8,682.004582646698,0.198957220338343,1,0.136429656124164,1.57539974147039,0.708033693676043,0,-0.695694151881465
137,377,2,1,684.958436895764,0.198360209082239,1,0.894590639038142,2.58980673516453,1.45546486252169,0,0.695694151881465
138,258,2,2,688.167818693535,0.19852087534673,1,0.11580525843965,1.86830341399764,0.666609892066845,0,0.695694151881465
139,248,2,8,691.435762027802,0.198306653661348,3,0.108155027435714,1.4962922381801,0.659542039689768,1,-0.695694151881465
140,180,1,2,694.338112935215,0.198248708449682,2,0.450501767474634,1.96964607475275,1.00232629533093,1,-10.9207039756171
141,129,1,1,697.372040148422,0.198459125653244,1,0.527573872095672,2.27993565155157,1.0791724721621,1,10.9207039756171
142,107,1,1,700.638814042992,0.198463808093948,1,0.46434833148669,2.24531046195079,1.02644818395856,1,10.9207039756171
143,165,1,1,703.934641607411,0.1993010871156,2,0.112332642966066,1.54924391743589,0.664104786010284,0,10.9207039756171
144,9,1,1,706.886331983327,0.199395028592335,1,0.11676018379876,1.65347476647003,0.66955105046145,1,10.9207039756171
145,444,3,1,709.937117155558,0.198490732131177,3,0.326724945500246,1.93070747882484,0.896461566961079,1,-10.9207039756171
146,119,1,1,713.055781629671,0.198228222770922,2,0.476626277684773,2.14005942603217,1.03867169677869,0,10.9207039756171
147,191,1,1,716.234276581854,0.199285576529292,1,0.149918013379647,1.75339279448235,0.7015897765923,1,10.9207039756171
148,313,2,1,719.352659231536,0.218312676450296,1,0.342045893192335,1.87511899985293,0.924060460851251,0,0.695694151881465
149,264,2,8,722.401569086054,0.199009019845107,2,0.676666312556335,2.14623937049328,1.22823125757895,0,-0.695694151881465
150,349,2,5,725.385876762244,0.198812357313727,2,0.527824090047943,2.1139527676296,1.07968666273882,0,-0.695694151881465
151,183,1,1,728.486690307142,0.198763191679973,1,0.182536776917914,1.86891622849362,0.734918515279787,1,10.9207039756171
152,34,1,2,731.705186769412,0.19855540835124,2,0.311736451136312,1.85847175068557,0.87412690761812,1,-10.9207039756171
153,58,1,2,734.767007285001,0.199304013643996,1,0.476067018611502,2.21242831109157,1.02750583037232,0,-10.9207039756171
154,391,2,7,738.01864752953,0.19933942460375,3,0.448524021363482,2.18478025156946,1.00085805735398,1,-0.695694151881465
155,293,2,5,741.269323483819,0.19845707708555,3,0.221683156176368,1.75799563420878,0.773585236964209,1,-0.695694151881465
156,140,1,2,744.320032566378,0.198316603849889,2,0.308285784605687,1.84362197364317,0.859788979933001,1,-10.9207039756171
157,262,2,6,747.371822707557,0.198320993637026,1,0.151380105653516,1.64772502129745,0.712281838477793,0,-0.695694151881465
158,161,1,1,750.382913947558,0.198898689823181,2,0.109707842006173,1.81216621144631,0.660381074625548,0,10.9207039756171
159,166,1,2,753.6006688282,0.198407033494732,1,0.338416123282514,2.04275390756993,0.890124175413803,0,-10.9207039756171
160,121,1,1,756.819288789855,0.198278266359921,1,0.554918158244618,2.22380810653522,1.10639998993247,1,10.9207039756171
161,363,2,3,760.003425498409,0.198287338591399,3,0.50842912583721,2.25598818385879,1.0690686419548,1,0.695694151881465
162,149,1,1,763.26642973514,0.199264798196964,2,0.391131631909957,1.76087679882585,0.942846415049644,0,10.9207039756171
163,148,1,2,766.150906301133,0.199167637541905,1,0.350468434347931,2.00411557318512,0.903165944839202,0,-10.9207039756171
164,187,1,1,769.319077055716,0.198426348564681,1,0.303189825288428,2.06806308770138,0.883991055367005,1,10.9207039756171
165,81,1,1,772.599513728479,0.198852743369571,1,0.189106241958143,1.70765617185316,0.739897706218471,1,10.9207039756171
166,60,1,2,775.633355194481,0.199138372283414,1,0.176182996827265,1.74559740780023,0.727968894541846,0,-10.9207039756171
167,252,2,4,778.717244640873,0.199119642518781,2,0.0175597399029357,1.62073660068199,0.569932991340465,0,0.695694151881465
168,334,2,6,781.835068909439,0.198289094505526,1,0.0937468631309457,1.77565926577699,0.656199947263303,0,-0.695694151881465
169,251,2,3,785.032497898022,0.199522332464767,3,0.0194970999582438,1.78976863179923,0.571504535675558,1,0.695694151881465
170,325,2,5,788.317610866306,0.198545750816265,3,0.403808756223953,1.97317370891324,0.95542637870858,1,-0.695694151881465
171,383,2,7,791.401817840746,0.198312214060934,3,0.241169135339078,1.97707037796863,0.791841197347821,1,-0.695694151881465
172,42,1,2,794.652171291895,0.198252512933323,1,0.44590302488723,2.01447664500665,0.996974850315382,0,-10.9207039756171
173,225,2,1,797.73580437463,0.198385377205341,3,0.458262621154063,2.13902694774151,1.02159834546001,1,0.695694151881465
174,23,1,1,800.932425934754,0.199039163060661,3,0.548260897430737,1.95048493995273,1.09952031316061,0,10.9207039756171
175,339,2,3,803.850393954266,0.198306946313096,3,0.166088531501373,1.93648414803465,0.718144840197056,1,0.695694151881465
176,37,1,1,807.135733142992,0.198375427016799,1,0.457188000893439,2.17074609725933,1.0190434884662,1,10.9207039756171
177,394,2,2,810.364907619825,0.198954293813586,3,0.602820117288502,2.05383812390937,1.18566640357312,1,0.695694151881465
178,212,2,4,813.331067909738,0.19914276207237,3,0.911359046373036,2.44739145589119,1.46259417194051,1,0.695694151881465
179,367,2,7,816.382561593857,0.199377469440151,3,0.142461518380514,1.61212705452999,0.694817210664041,1,-0.695694151881465
180,176,1,2,819.367520714681,0.198562724666772,1,0.570669597875167,2.12321580698517,1.12241949932468,0,-10.9207039756171
181,408,3,1,822.435326268114,0.19833708952865,3,0.318404832747547,2.11917544551216,0.901510409212278,1,-10.9207039756171
182,348,2,4,825.750744581319,0.198409374715993,3,0.319422093105459,1.77184863657567,0.870867050569359,1,0.695694151881465
183,94,1,2,828.718146596115,0.198349966241949,1,0.301735634635406,1.85214811380865,0.88427522101847,0,-10.9207039756171
184,147,1,1,831.783740574027,0.198275047183415,1,0.386467335143607,2.13837491780032,0.937308842996572,1,10.9207039756171
185,332,2,4,835.050446280547,0.19826041455417,3,0.314087621938597,1.79991665254602,0.865664565713814,1,0.695694151881465
186,431,3,1,838.051453590715,0.198376304975682,3,0.4146942614625,2.09490840120816,0.977586909768434,1,-10.9207039756171
187,269,2,5,841.247762012583,0.199035651228769,3,0.393126351871615,1.76254901564971,0.944904640620734,1,-0.695694151881465
188,384,2,8,844.149332415574,0.198343820537048,3,0.259595712172086,2.01283954649443,0.811522668429461,1,-0.695694151881465
189,181,1,1,847.417940071191,0.198410252673057,1,0.576836958274725,2.04014110536627,1.13927131264427,1,10.9207039756171
190,295,2,7,850.396710467978,0.198316603849889,3,0.229703592691294,1.79749378186534,0.792075904713784,1,-0.695694151881465
191,365,2,5,853.480547529558,0.199364885376781,3,0.280926865829315,1.81736050202926,0.832832458447228,1,-0.695694151881465
192,141,1,1,856.531780460231,0.199090669913858,2,0.590494761372611,2.11013306620043,1.14275973135773,0,10.9207039756171
193,246,2,6,859.566223327278,0.198519412084352,3,0.482382461214002,1.96372132334,1.0628032429413,1,-0.695694151881465
194,19,1,1,862.56371909918,0.199525844296659,1,0.364165160237462,1.93412829479348,0.916470516278423,1,10.9207039756171
195,369,2,1,865.648938358881,0.198387425773035,3,0.203306622934178,1.6727778377699,0.754700658848378,1,0.695694151881465
196,70,1,2,868.634605698941,0.198239050916527,2,0.647438807078288,2.14352033540308,1.20751467433183,1,-10.9207039756171
197,85,1,1,871.646559678738,0.19893205221706,1,0.494871702572709,2.13130150502366,1.06354687313979,1,10.9207039756171
198,399,2,7,874.797837648643,0.198578820558396,3,0.779700797858823,2.54785967074713,1.33052767308072,1,-0.695694151881465
199,296,2,8,878.081154900716,0.198487805606419,3,0.4553109272656,2.02451901817403,1.00668535545992,1,-0.695694151881465
200,294,2,6,881.183233875356,0.198462052179821,3,0.550458425628676,2.33073194457938,1.11260627312549,1,-0.695694151881465
201,184,1,2,884.479003494565,0.199028334915056,1,0.354196828173372,1.89064890148438,0.905686854133819,0,-10.9207039756171
202,82,1,2,887.530854800132,0.198296118167491,2,0.150992926295658,1.88707356495615,0.702373500191243,1,-10.9207039756171
203,240,2,8,890.781903886456,0.198519119430784,3,0.325512485875151,1.82760509812397,0.87679414320155,1,-0.695694151881465
204,33,1,1,893.798785257684,0.198253098238638,1,0.313438518522162,1.69880752854624,0.864691495895386,1,10.9207039756171
205,133,1,1,896.698539751438,0.198288509200211,2,0.52324700374993,1.95891187089546,1.07485438339427,0,10.9207039756171
206,306,2,2,899.649315295399,0.218510509594125,2,0.443503859061821,2.24031868695056,1.02281490222049,0,0.695694151881465
207,275,2,3,902.961777817578,0.199524673686028,NaN,NaN,NaN,NaN,0,0.695694151881465
208,336,2,8,906.164421875077,0.198455906474919,3,0.343728938159984,2.01308157017593,0.895299150926803,1,-0.695694151881465
209,287,2,7,909.349306896271,0.198350844199012,3,0.179902025771298,1.67628293768212,0.738761921567857,1,-0.695694151881465
210,360,2,8,912.360466324322,0.198974486842417,3,0.12833869033966,1.68098644989186,0.679091231808343,1,-0.695694151881465
211,30,1,2,915.428492245146,0.199112618856816,1,0.738643689926903,2.32473549328461,1.29047348553104,0,-10.9207039756171
212,396,2,4,918.529883778883,0.198596379712399,3,0.483150966880203,2.10326041309054,1.03558655331653,1,0.695694151881465
213,375,2,7,921.664680140977,0.19843542079434,3,0.141071418642241,1.88851985399015,0.701794926048024,1,-0.695694151881465
214,182,1,2,924.92768788954,0.199009312496855,2,0.386241407353737,2.08939365605147,0.937913755871705,1,-10.9207039756171
215,146,1,2,928.146004955779,0.198470539104164,2,0.31364688715621,1.7833036437296,0.865364889474222,1,-10.9207039756171
216,109,1,1,931.130056268312,0.198332699739694,1,0.607630740343666,2.14317734658289,1.15873856204053,1,10.9207039756171
217,41,1,1,934.180191751821,0.198287923896714,1,0.492357231634742,2.24510794636626,1.04417912561803,1,10.9207039756171
218,68,1,2,937.447545683799,0.198277973708173,1,0.39883307711716,2.12963133676931,0.961495993147764,0,-10.9207039756171
219,92,1,2,940.694150548095,0.198277388402857,2,0.191167979359307,1.97889506678439,0.742636934335678,1,-10.9207039756171
220,270,2,6,943.996594694619,0.198424885302302,1,0.265508172176851,1.66838600055416,0.817597257962916,0,-0.695694151881465
221,25,1,1,946.91496130694,0.198356989903914,1,0.45357432687706,1.94990490254531,1.01540698754798,1,10.9207039756171
222,173,1,1,949.926689944252,0.199229387235391,2,0.630592554158284,2.03414758059807,1.18235679558347,0,10.9207039756171
223,374,2,6,952.845224539153,0.198248415797934,1,0.29393615081608,1.76383815024928,0.845461587739919,0,-0.695694151881465
224,445,3,1,955.829456418325,0.198219735844759,3,0.436013709017061,2.1555141159497,0.987084363834583,1,-10.9207039756171
225,253,2,5,959.063973267943,0.198344113190615,3,0.366992476780069,1.89710130549429,0.929057210943938,1,-0.695694151881465
226,32,1,2,987.413352156747,0.199333571552415,1,0.0314859054124099,1.9793185350627,0.582700545299303,0,-10.9207039756171
227,344,2,8,990.877463732299,0.198484293774527,3,0.420761242028675,1.89092487286325,0.971770732458026,1,-0.695694151881465
228,382,2,6,993.862248724839,0.198246659881988,3,0.395631457926356,2.11435018982957,0.947163040553278,1,-0.695694151881465
229,222,2,6,997.095694173375,0.198296703472806,3,0.0969168758401793,1.76076646880392,0.660188216577808,1,-0.695694151881465
230,436,3,1,1000.275460701,0.199054088341654,3,0.307367440820599,2.0767001431941,0.859002915110977,1,-10.9207039756171
231,190,1,2,1003.56014025082,0.198399131875703,3,0.424173278419403,2.12814846616311,0.976390838686712,0,-10.9207039756171
232,199,1,1,1006.77869817013,0.198356404600418,1,1.32038140824989,2.71758060602951,1.88342623589415,1,10.9207039756171
233,35,1,1,1009.6914476089,0.199564474436556,2,0.95248580561929,2.35660067643767,1.50501240700578,0,10.9207039756171
234,404,3,1,1012.62706228613,0.19815184044819,3,0.513980159910716,1.93302440927255,1.06521352956224,1,-10.9207039756171
235,442,3,1,1015.56090085487,0.198328309950739,3,0.308039663788804,1.72709444864449,0.85954022524129,1,-10.9207039756171
236,418,3,1,1018.49460977852,0.198433372228465,3,0.227334570083258,1.6415643919081,0.790949777599963,1,-10.9207039756171
237,338,2,2,1021.44071400205,0.199035943882336,3,0.552374129396412,2.07143824986815,1.10342400588161,1,0.695694151881465
238,167,1,1,1024.47484373084,0.199452973804,1,1.06090743955065,2.58109973570572,1.61343989399029,1,10.9207039756171
239,438,3,1,1027.50999540243,0.198248123144367,3,0.475757099533439,1.97813124356071,1.02740896236719,1,-10.9207039756171
240,159,1,1,1030.52696076495,0.19848019663732,1,1.13317301825191,2.53690656276194,1.70265649523208,1,10.9207039756171
241,196,1,2,1033.44510174213,0.19827182800509,2,0.15456914078095,1.85090843749458,0.716902237358227,1,-10.9207039756171
242,278,2,6,1036.65719964847,0.19910325397359,3,0.767209215278854,2.28676762595387,1.31870099715525,1,-0.695694151881465
243,197,1,1,1039.69149238474,0.198892836771847,2,0.946352685568854,2.31620642659072,1.49847249987761,0,10.9207039756171
244,142,1,2,1042.57568946752,0.198322456899405,2,0.0725219423584349,1.79199425464503,0.624180536204221,1,-10.9207039756171
245,232,2,8,1045.80974919382,0.19835494133622,3,0.442306910024854,2.07801854305217,0.993768841339261,1,-0.695694151881465
246,211,2,3,1048.96016325331,0.198309580186105,3,0.41250843936723,2.07950609609907,0.995460958536569,1,0.695694151881465
247,239,2,7,1052.14206438883,0.198724561540075,3,0.189689498543885,1.64185880039986,0.741355116049817,1,-0.695694151881465
248,132,1,2,1055.10896216324,0.198250464365628,2,0.239579446541029,1.84266148788629,0.791676433946122,1,-10.9207039756171
249,440,3,1,1058.22669190503,0.198325383425981,3,0.29031369722361,2.02106454715977,0.853333942050085,1,-10.9207039756171
250,261,2,5,1061.47291397975,0.198961902780866,3,0.376470908431656,1.91081676114845,0.959268029082523,1,-0.695694151881465
251,150,1,2,1064.52276793148,0.199280016129705,2,0.299488355500216,2.06892465688725,0.851072615590965,1,-10.9207039756171
252,27,1,1,1067.80713287978,0.199242849254006,2,0.615037191751981,2.16858573593709,1.16781342578906,0,10.9207039756171
253,102,1,2,1070.89156080691,0.198235539084635,2,0.0562425574789813,1.70815221797056,0.607188834952467,1,-10.9207039756171
254,395,2,3,1074.05787614416,0.198439810583295,1,0.627147155371858,2.0294976238074,1.1785695785893,0,0.695694151881465
255,202,2,2,1076.97455093194,0.198851280107192,3,0.247348494493053,1.61666931517175,0.79951396260185,1,0.695694151881465
256,226,2,2,1079.85855398606,0.198398839222136,3,0.242385984751309,1.66088882684744,0.79383972179312,1,0.695694151881465
257,247,2,7,1082.7917106743,0.198339723403478,3,0.198793920200842,1.76787265866915,0.766918025965424,1,-0.695694151881465
258,315,2,3,1085.8753346848,0.198389474340729,3,0.191226509876287,1.86000729875559,0.74268522201055,1,0.695694151881465
259,364,2,4,1089.05895866604,0.198402936359344,3,0.197287930042876,1.94809835819069,0.780585779250032,1,0.695694151881465
260,244,2,4,1092.3246804746,0.198254561502836,3,0.108513234188649,1.81069212041621,0.659692755765718,1,0.695694151881465
261,1,1,1,1095.54120328789,0.198238465611212,1,0.867181091367456,2.56985543840528,1.41884436765213,1,10.9207039756171
262,304,2,8,1098.75834828056,0.198404106969974,1,0.378799544983849,2.08081747229517,0.930271426484978,0,-0.695694151881465
263,298,2,2,1101.97510199674,0.198330943825567,3,0.153565049789904,1.87201190744781,0.737648963820902,1,0.695694151881465
264,29,1,1,1105.20828435061,0.198406155537668,2,0.411910842807629,2.14269651840004,0.97477832299046,0,10.9207039756171
265,18,1,2,1108.45519445154,0.1990558442576,2,0.118364212570668,1.50399456134619,0.669704985717544,1,-10.9207039756171
266,65,1,1,1111.35709525929,0.198501267625034,1,0.37079491170698,2.07382307571243,0.922020672393046,1,10.9207039756171
267,204,2,4,1114.57498066298,0.198240806830654,3,0.374010870873462,1.77585066056054,0.925303648997215,1,0.695694151881465
268,403,3,1,1117.49140084302,0.198246952535555,3,0.326892050121387,1.90760109463736,0.889999505416199,1,-10.9207039756171
269,353,2,1,1120.58794722069,0.19838420659471,3,0.361125085271851,1.79500711292167,0.923643430931406,1,0.695694151881465
270,122,1,2,1123.53744767738,0.199129592705503,2,0.25399229328832,1.95728004012926,0.805822674194133,1,-10.9207039756171
271,425,3,1,1126.7561882119,0.198302849177708,3,0.442353734437347,2.17879989616813,0.994388972147135,1,-10.9207039756171
272,346,2,2,1130.00800317001,0.198277095751109,3,0.373989214580433,2.07074700448175,0.953142225347619,1,0.695694151881465
273,341,2,5,1133.22075135037,0.198928833040554,3,0.181634821676198,1.8340431621582,0.732929941023031,1,-0.695694151881465
274,59,1,1,1136.38802366155,0.198865327431122,2,0.343265083825827,1.74644024722147,0.895258764872779,0,10.9207039756171
275,39,1,1,1139.30637534859,0.218027632841768,1,0.709441059916571,2.32424178838846,1.29020746433889,1,10.9207039756171
276,405,3,1,1142.43683138032,0.19950272474307,3,0.253004298187079,1.68966330613694,0.804869797406354,1,-10.9207039756171
277,177,1,1,1145.38871168775,0.198328895256054,2,0.391948717904597,1.96175206415137,0.943583021584345,0,10.9207039756171
278,378,2,2,1148.47381886152,0.198390352297793,3,0.348411964690968,1.82882370345396,0.911230279240044,1,0.695694151881465
279,213,2,5,1151.4701144652,0.217491200670338,3,0.145627141302612,1.8002766152149,0.715865661932185,1,-0.695694151881465
280,333,2,5,1154.63984300945,0.198263048427179,3,0.205619748898243,1.57452529557122,0.756471206937931,1,-0.695694151881465
281,87,1,1,1157.52371115074,0.198272705962154,2,0.390070473666128,1.78697058051512,0.952690955075013,0,10.9207039756171
282,319,2,7,1160.43678777508,0.199370445778186,3,0.141378118541979,1.54550440281128,0.694503487102338,1,-0.695694151881465
283,116,1,2,1163.35551259416,0.219093766178048,2,0.53720301982321,2.01873825182884,1.11789743170993,1,-10.9207039756171
284,299,2,3,1166.35265659766,0.198976242754725,3,0.235911339146696,2.0056236119126,0.787505842075916,1,0.695694151881465
285,118,1,2,1169.63762967801,0.198396790654442,2,0.451854700337208,2.08856632722018,1.00363386704339,1,-10.9207039756171
286,53,1,1,1172.80611503412,0.198261292511233,1,0.289537875243695,2.00799878022553,0.840199109106834,1,10.9207039756171
287,307,2,3,1176.04005243164,0.198260999857666,3,0.231791961477938,1.76632306327701,0.782482753251315,1,0.695694151881465
288,389,2,5,1179.08986014426,0.198309287534357,3,0.84658010588646,2.62814363739562,1.42727159124843,1,-0.695694151881465
289,31,1,1,1182.38644597151,0.199091255219173,2,0.55218800235707,2.17188246721344,1.10425748041962,0,10.9207039756171
290,376,2,8,1185.52163126887,0.198400302486334,1,0.662013490698882,2.27670242588647,1.22561055375445,0,-0.695694151881465
291,152,1,2,1188.65249174647,0.199134567801593,2,0.637199186074213,2.42561781153745,1.20772743275666,1,-10.9207039756171
292,78,1,2,1191.9555554385,0.198416398377958,2,0.265591285509799,1.76267017381542,0.828037053328444,1,-10.9207039756171
293,229,2,5,1194.96805170352,0.19900872719154,3,0.70559414179661,2.3741223715042,1.25635019509537,1,-0.695694151881465
294,330,2,2,1198.15221211693,0.199323914017441,3,0.94819171436211,2.70163221121584,1.50052311648142,1,0.695694151881465
295,99,1,1,1201.42106150357,0.198345576454813,2,0.535733611235628,2.10489780425632,1.08733923496584,0,10.9207039756171
296,284,2,4,1204.52385630641,0.198461174220938,1,0.601549127148246,2.12996730192754,1.16178273414152,0,0.695694151881465
297,233,2,1,1207.56820751175,0.199042674890734,1,1.00800229205379,2.47755427900483,1.55969629686115,0,0.695694151881465
298,127,1,1,1210.55281983927,0.198419032250968,1,0.408673812657071,1.94115166397933,0.969984673785802,1,10.9207039756171
299,52,1,2,1213.60085993033,0.198953123202955,2,0.323521277743566,1.69275430265043,0.874550961201749,1,-10.9207039756171
300,55,1,1,1216.48520919245,0.198996435785375,2,0.415278396007125,2.16870894267231,0.967617114440145,0,10.9207039756171
301,115,1,1,1219.7534963935,0.198455613823171,2,0.371052153323035,1.94031906739838,0.922946917798981,0,10.9207039756171
302,84,1,2,1222.83775194826,0.198373671100853,2,0.0692079445798299,1.79975540097621,0.629775760815392,1,-10.9207039756171
303,316,2,4,1226.08445865565,0.199386249016243,3,0.35875664796913,1.94533542521276,0.910882022675651,1,0.695694151881465
304,17,1,1,1229.18590140359,0.198325676077729,1,0.458476842841264,2.21165951277544,1.02738028241583,1,10.9207039756171
305,206,2,6,1232.45672502452,0.198402351054028,3,0.257624404415765,1.66880039660282,0.816525564227049,1,-0.695694151881465
306,433,3,1,1235.38403948937,0.19903301735576,3,0.356561753644201,1.92538149458233,0.907806536746648,1,-10.9207039756171
307,435,3,1,1238.46788591583,0.199061697308935,3,0.23889990725911,1.64170076800838,0.790723557158344,1,-10.9207039756171
308,88,1,2,1241.3856215692,0.218614693909331,3,0.530551904716049,1.99591281411449,1.11134611112902,0,-10.9207039756171
309,192,1,2,1244.36656871585,0.199024237777849,2,0.301409034360404,1.67091715268907,0.852740442625873,1,-10.9207039756171
310,13,1,1,1247.25092470898,0.19882991646773,1,0.360825116380511,1.91462153729844,0.91313076507322,1,10.9207039756171
311,387,2,3,1250.32031760999,0.198361964998185,1,1.24479393015099,2.92503177475373,1.80561606147603,0,0.695694151881465
312,174,1,2,1253.51665266324,0.198954293813586,2,0.464708294153752,1.99261959467185,1.02493985257934,1,-10.9207039756171
313,162,1,2,1256.55937554964,0.198376012322115,1,0.445380347384344,1.86990334563416,1.00241379845284,0,-10.9207039756171
314,155,1,1,1259.49990883872,0.19899585048006,1,0.299086543511294,1.75350956286093,0.869167031751203,1,10.9207039756171
315,309,2,5,1262.46987127091,0.198364013565879,1,0.490454989887439,2.1755341860644,1.04129064468725,0,-0.695694151881465
316,151,1,1,1265.66980653616,0.198378353541557,1,0.339477574179909,2.10322061234001,0.902332470301189,1,10.9207039756171
317,108,1,2,1268.94909601082,0.199056429562916,1,0.213620285037905,1.61589905359142,0.764502178944895,0,-10.9207039756171
318,117,1,1,1271.88476043899,0.198286753286084,1,0.0900093970758462,1.79238436052947,0.641051371940193,1,10.9207039756171
319,8,1,2,1275.10222705684,0.198324505468918,1,0.466083761264599,2.24694434128469,1.02933607958585,0,-10.9207039756171
320,64,1,2,1278.39934112199,0.199581740936992,1,0.278848154577645,1.76585042936495,0.831550347509619,0,-10.9207039756171
321,235,2,3,1281.40120912339,0.198300507956446,3,0.660839953865434,2.16372331337698,1.2128456336668,1,0.695694151881465
322,77,1,1,1284.41897547601,0.198484293774527,1,0.217545926700041,1.89806413247061,0.777847721743456,1,10.9207039756171
323,359,2,7,1287.61547061022,0.199416392231797,3,0.316082341898436,2.05328588849807,0.868670400328483,1,-0.695694151881465
324,218,2,2,1290.86749861941,0.198529654924641,3,0.327889410104035,1.69720086590132,0.879462256743864,1,0.695694151881465
325,350,2,6,1293.7690684371,0.198277681056425,1,0.0352341996149335,1.73184771179331,0.597284886456691,0,-0.695694151881465
326,201,2,1,1296.98144465603,0.199366641294546,3,0.288560708289879,1.99142966929321,0.840358312108947,1,0.695694151881465
327,355,2,3,1300.19980035241,0.198811479354845,3,0.19788494129898,1.88478619241687,0.767249016027563,1,0.695694151881465
328,326,2,6,1303.40186525046,0.198307824271978,3,0.159714265730145,1.70671119668259,0.722392985000624,1,-0.695694151881465
329,157,1,1,1306.46408406621,0.199213876649083,1,0.353263559105471,1.97277804262922,0.904657887675057,1,10.9207039756171
330,186,1,2,1309.59870015432,0.199188415874232,3,0.514673453864816,1.93405044920655,1.06650968782378,0,-10.9207039756171
331,392,2,8,1312.5330889099,0.198267145564387,3,0.273604405709193,1.94345249853541,0.824687059282951,1,-0.695694151881465
332,195,1,1,1315.71795198215,0.198259536597106,1,0.406540082722131,1.77450914114888,0.957213315341505,1,10.9207039756171
333,446,3,1,1318.60092811838,0.198269194132081,3,0.273301217639528,1.78743999524704,0.836679961872505,1,-10.9207039756171
334,366,2,6,1321.63104177586,0.199145688598946,3,0.326956141036135,1.74927049028884,0.897832644282971,1,-0.695694151881465
335,303,2,7,1324.56850513942,0.198318067110449,3,0.202847743692473,1.71580771672234,0.764842826543827,1,-0.695694151881465
336,273,2,1,1327.59839989277,0.198732170507355,3,0.363300079221517,1.75006328612108,0.915398822540737,1,0.695694151881465
337,237,2,5,1330.50112451753,0.198369866617213,3,0.0176841172469722,1.59766709072028,0.576659903465043,1,-0.695694151881465
338,305,2,1,1333.59675372203,0.198966292568002,3,0.0953271870439494,1.84760907234704,0.646180986303079,1,0.695694151881465
339,14,1,2,1346.93659857519,0.198327431993675,3,0.547693444084871,2.2917728629709,1.10148225603552,0,-10.9207039756171
340,441,3,1,1350.19625457379,0.219070646626278,3,0.320578948740149,2.08807320762753,0.903096293526687,1,-10.9207039756171
341,223,2,7,1353.48040032531,0.198825526678775,3,0.33165672672294,1.8519175035799,0.88364192084191,1,-0.695694151881465
342,288,2,8,1356.51544722728,0.198338845444596,1,0.791020599523108,2.36054709643395,1.34247697043793,0,-0.695694151881465
343,105,1,1,1359.60013122542,0.198365769481825,1,0.508301821966597,2.17171770381174,1.0709790779747,1,10.9207039756171
344,205,2,5,1362.77959017519,0.199000532918944,1,0.224873654566181,1.74454561443963,0.776852117676754,0,-0.695694151881465
345,5,1,1,1365.81419195258,0.198256902722278,1,0.401845642740227,1.83770453854413,0.953081938916512,1,10.9207039756171
346,207,2,7,1368.76476117648,0.198337967485713,3,0.208517887363996,1.83107098258915,0.780007497758561,1,-0.695694151881465
347,21,1,1,1371.90257361602,0.198389181688981,2,0.320939496712526,1.98134456885055,0.880612674023723,0,10.9207039756171
348,62,1,2,1375.0786594522,0.199074574022234,2,0.275544106985762,1.6771843076167,0.826229338363191,1,-10.9207039756171
349,257,2,1,1377.99587067214,0.19906989158153,3,0.60601617607972,1.99171295698761,1.15747605882461,1,0.695694151881465
350,179,1,1,1380.89703077622,0.198844256445227,2,0.825069556201925,2.19449543915653,1.37704070299878,0,10.9207039756171
351,301,2,5,1383.78123517532,0.198319237722899,3,0.213879575219835,1.76651504336587,0.765786338452017,1,-0.695694151881465
352,210,2,2,1386.8487109093,0.198382158027016,3,0.365928392011483,1.86712373146111,0.949272187675888,1,0.695694151881465
353,420,3,1,1389.86482582343,0.216540665100183,3,0.249768145995404,1.73080967310307,0.829989631320132,1,-10.9207039756171
354,331,2,3,1392.86185305856,0.198953415854703,3,0.170811651436452,1.55773698786288,0.723441559182902,1,0.695694151881465
355,73,1,1,1395.76327830587,0.198659592668264,2,0.20094813581818,1.92034816291743,0.752979861697895,0,10.9207039756171
356,337,2,1,1398.99755313181,0.198419324904535,3,0.262780357510564,1.78194310190156,0.814666635060348,1,0.695694151881465
357,193,1,1,1402.04952676615,0.198440395888611,2,0.620377808621924,2.26625209502527,1.18171939827153,0,10.9207039756171
358,372,2,4,1405.21141046543,0.199075159327549,1,0.488420469173434,2.02427904306023,1.03994883262385,0,0.695694151881465
359,277,2,5,1408.26270631641,0.198701734638234,3,0.22479346775981,1.84458216674648,0.777021270867408,1,-0.695694151881465
360,203,2,3,1411.39788429746,0.217911449768508,3,0.0629917112019029,1.6934315007129,0.642178377012897,1,0.695694151881465
361,36,1,2,1414.54385940268,0.199172905287924,3,0.608596201192995,2.02776073076529,1.16000545504357,0,-10.9207039756171
362,324,2,4,1417.47819694406,0.199027749609741,3,0.568543769557436,2.03744606778855,1.12020733849749,1,0.695694151881465
363,308,2,4,1420.46229303244,0.199052625079275,3,0.0722468489348103,1.49306720678578,0.642375332197844,1,0.695694151881465
364,361,2,1,1423.39831127757,0.198361379692869,3,0.35729601895946,2.03697226326767,0.919900111821335,1,0.695694151881465
365,209,2,1,1426.59411165457,0.198973023578219,3,0.110581409946462,1.51298718971884,0.662008222952863,1,0.695694151881465
366,423,3,1,1429.51189881479,0.19832948056137,3,0.377973094107801,1.82727118153525,0.93952714952502,1,-10.9207039756171
367,56,1,2,1432.47702135866,0.198964244002127,3,0.107576745942424,1.72630253077114,0.658562238862942,0,-10.9207039756171
368,432,3,1,1435.61080280162,0.198915663671869,3,0.325661738690542,1.74453888342941,0.87724482817066,1,-10.9207039756171
369,243,2,3,1438.54489568545,0.198851280105373,3,0.193054125216804,1.56235914265744,0.7451496493577,1,0.695694151881465
370,72,1,2,1441.4289645864,0.198257780681161,2,0.782591327357295,2.30204701697767,1.33458822758257,1,-10.9207039756171
371,314,2,2,1444.4637138607,0.198316018542755,3,1.27381950535164,2.67514012936954,1.85744571075156,1,0.695694151881465
372,416,3,1,1447.37989816276,0.198325676079548,3,0.308446450871998,1.9269281634497,0.859584123129025,1,-10.9207039756171
373,448,3,1,1450.51340392699,0.198376890279178,3,0.140518305272053,1.5375161580796,0.703321109234821,1,-10.9207039756171
374,357,2,5,1453.42591631717,0.198922687335653,3,0.227005335933427,1.91303828685886,0.778263288402741,1,-0.695694151881465
375,47,1,1,1456.6275814518,0.198870887828889,1,0.651573987986922,2.27135741922575,1.20399113731037,1,10.9207039756171
376,320,2,8,1459.76231225971,0.198431031005384,3,0.404349870837905,2.05643131839133,0.95580565644741,1,-0.695694151881465
377,356,2,4,1462.92947541148,0.198332114436198,3,0.116087375523421,1.51320316732017,0.696059520852941,1,0.695694151881465
378,3,1,1,1465.84264422138,0.199047942636753,2,0.365612327228519,1.76806785793815,0.917076014458871,0,10.9207039756171
379,125,1,1,1468.76062892209,0.198732755812671,1,0.535684445603692,1.92202623279263,1.08785869328858,1,10.9207039756171
380,208,2,8,1471.66172142343,0.198511510465323,3,0.172415387554793,1.63686907396914,0.752931574023023,1,-0.695694151881465
381,198,1,2,1474.64285264855,0.198824648721711,2,0.333395668332741,1.70395675063082,0.885741410427727,1,-10.9207039756171
382,347,2,3,1477.52831281985,0.198237587654148,3,0.117983471567641,1.68254979995618,0.68142835528306,1,0.695694151881465
383,390,2,6,1480.60843114514,0.215865222953653,3,0.0829096455654508,1.80210862034437,0.651087306750924,1,-0.695694151881465
384,93,1,1,1483.84261788265,0.199241678643375,2,0.520192881460389,2.02406335811247,1.07320265225098,0,10.9207039756171
385,289,2,1,1486.86151943462,0.198377475584493,3,0.351705769440741,2.03710776141088,0.902515378160388,1,0.695694151881465
386,414,3,1,1490.06198440103,0.198369866619032,3,0.268274616983035,1.66859056470457,0.851055641742278,1,-10.9207039756171
387,272,2,8,1492.97742858472,0.19825017171388,3,0.232296494519687,1.60117306858774,0.783737062196451,1,-0.695694151881465
388,241,2,1,1495.86125370608,0.198277388404676,3,0.156933480946464,1.69306685560332,0.708981595373189,1,0.695694151881465
389,417,3,1,1498.91225895305,0.198277681056425,3,0.331193750345847,1.74614086363545,0.911343535786727,1,-10.9207039756171
390,413,3,1,1501.84290087769,0.198579113210144,3,0.118226958511514,1.48754485266545,0.669973055477385,1,-10.9207039756171
391,249,2,1,1504.72750357695,0.198364013565879,3,0.0865350256844977,1.53895834997638,0.637605095196704,1,0.695694151881465
392,259,2,3,1507.69485759672,0.198362257649933,3,0.0525844002713711,1.69944463320462,0.614955834334978,1,0.695694151881465
393,95,1,1,1510.8579162961,0.220226916953834,2,0.676502427115338,2.16009705530087,1.25903498983462,0,10.9207039756171
394,69,1,1,1513.85747175683,0.198930296302933,1,0.251075425056115,1.75294240216863,0.801803091055262,1,10.9207039756171
395,138,1,2,1516.87471748052,0.199234069676095,2,0.260747885364253,1.87949327791648,0.81204885776242,1,-10.9207039756171
396,370,2,2,1520.00880591603,0.198671006119184,1,0.19473248774375,1.69748034911208,0.7464481488405,0,0.695694151881465
397,16,1,2,1523.02663957874,0.217647184492307,2,0.230395130729448,1.71163185710611,0.810810352058979,1,-10.9207039756171
398,268,2,4,1526.02400687617,0.199515016149235,3,0.807894947089153,2.37813961342363,1.36046544636338,1,0.695694151881465
399,4,1,2,1529.10966072494,0.198378353543376,2,0.232922771034282,1.65223977259666,0.784417186783685,1,-10.9207039756171
400,354,2,2,1532.04425492264,0.216082956470927,1,0.365203198925883,2.06169613824568,0.943802803671133,0,0.695694151881465
401,98,1,2,1535.25647369448,0.199028334915056,2,0.208740010670226,1.96164231943658,0.760330416464058,1,-10.9207039756171
402,388,2,4,1538.52495785071,0.198447419550575,1,0.544896563409566,2.18096932971639,1.09649370021543,0,0.695694151881465
403,83,1,1,1541.67642341092,0.198306068356032,2,0.161425990650969,1.92553542983842,0.722494242791072,0,10.9207039756171
404,428,3,1,1544.95673746225,0.199417855494175,3,0.259645463109337,1.62926800859714,0.811664897581068,1,-10.9207039756171
405,422,3,1,1547.84164481284,0.19844683424526,3,0.271716211284001,2.02430391852977,0.823617706768346,1,-10.9207039756171
406,421,3,1,1551.10947430525,0.198373085795538,3,0.118261784167771,1.73218748143336,0.681255690264152,1,-10.9207039756171
407,271,2,7,1554.25595013902,0.198906006138714,3,0.575719610736996,1.97791965574834,1.12658131161697,1,-0.695694151881465
408,267,2,3,1557.17406594809,0.198897811866118,3,0.0176021745264734,1.60402174876981,0.569944404791386,1,0.695694151881465
409,111,1,1,1560.27612677827,0.198363135608815,1,0.328920717782239,1.78151612179136,0.913792159897639,1,10.9207039756171
410,255,2,7,1563.24425105962,0.198421666123977,1,0.518358827763223,2.19724549541934,1.07984762165688,0,-0.695694151881465
411,345,2,1,1566.4392375698,0.199370445776367,3,0.273141429333918,1.8102727492751,0.825746754262582,1,0.695694151881465
412,38,1,2,1569.49191327768,0.198330065868504,2,0.164111078041969,1.78136745428128,0.747088472679025,1,-10.9207039756171
413,100,1,2,1572.62413166322,0.198241684789537,2,0.118756952328113,1.737447618847,0.669745079119821,1,-10.9207039756171
414,86,1,2,1575.75799651217,0.198240806830654,2,0.0173531271830143,1.58668091299478,0.569282132008084,1,-10.9207039756171
415,185,1,1,1578.8425213073,0.198252512935142,2,0.239241725466854,2.02309936052552,0.821912127552423,0,10.9207039756171
416,373,2,5,1582.14162658058,0.198451809339531,1,0.546104340593956,1.93184940917854,1.0976215832452,0,-0.695694151881465
417,114,1,2,1585.0425753895,0.198300215304698,2,0.277804848139567,1.99090347996207,0.83981397831667,1,-10.9207039756171
418,49,1,1,1588.27186487879,0.199274455731938,1,0.345882568470188,2.0655702730528,0.897751579519536,1,10.9207039756171
419,227,2,3,1591.50648942456,0.198349673588382,3,0.196989424413914,1.96681817290482,0.749008566232078,1,0.695694151881465
420,276,2,4,1594.79280636555,0.198507413329935,1,0.393953388052978,2.05636078911994,0.955499541852987,0,0.695694151881465
421,385,2,1,1597.97138765024,0.199074574022234,3,0.322061526692778,1.95789636645532,0.873560624884703,1,0.695694151881465
422,57,1,1,1601.12269020296,0.198549555299905,1,0.229565753326824,1.98235626880887,0.781317995997597,1,10.9207039756171
423,411,3,1,1604.39104588471,0.198377182932745,3,0.277576286478507,2.05824108192428,0.839576637075879,1,-10.9207039756171
424,137,1,1,1607.68744675552,0.199428390988032,1,0.290823205359629,1.79380138430497,0.842364152869777,1,10.9207039756171
425,217,2,1,1610.70561813931,0.198389766992477,3,0.0922710161867144,1.79145138411513,0.654251759060571,1,0.695694151881465
426,351,2,7,1613.921322696,0.198751485577304,3,0.266037873339883,1.95165145312239,0.817019269123193,1,-0.695694151881465
427,91,1,1,1617.12199164126,0.198723390929445,1,0.260864068437513,1.84707029895253,0.81286594375706,1,10.9207039756171
428,75,1,1,1620.22412212275,0.198380694762818,1,0.0639527822622767,1.49672155950975,0.645973202974346,1,10.9207039756171
429,54,1,2,1623.17249206253,0.198268608826766,1,0.0526376630405139,1.57237049465039,0.604662950565398,0,-10.9207039756171
430,135,1,1,1626.20718836671,0.198347625022507,1,0.0673437476671097,1.6977770988251,0.629973886610969,1,10.9207039756171
431,194,1,2,1629.35365776213,0.218190055022205,1,0.0200188995040662,1.820419892063,0.602425036309796,0,-10.9207039756171
432,89,1,1,1632.67021127468,0.199230557846022,1,0.0533423704437155,1.70639630251026,0.605192944380178,1,10.9207039756171
433,136,1,2,1635.83879466939,0.198223247676651,1,0.0292190185537038,1.48214277875377,0.58120450532806,0,-10.9207039756171
434,310,2,6,1638.80762278019,0.198285290023705,1,0.0523739830678096,1.61703366762958,0.632740331417153,0,-0.695694151881465
435,160,1,2,1641.8879304517,0.198483123165715,2,0.973209997830054,2.39245529951222,1.52471758294814,1,-10.9207039756171
436,329,2,1,1644.82364814264,0.198387133119468,1,0.404518146069677,1.80114550071448,0.966761105653859,0,0.695694151881465
437,427,3,1,1647.73641689647,0.198785725928246,3,0.246121402238714,2.01626709347147,0.797902910166158,1,-10.9207039756171
438,76,1,2,1651.03769277391,0.198470539104164,2,0.336599043435854,1.73886552057957,0.887686086798567,1,-10.9207039756171
439,358,2,6,1653.95516650322,0.198263341080747,3,0.340421378738029,1.90931720934714,0.891111292556161,1,-0.695694151881465
440,163,1,1,1657.03888533316,0.198297874085256,1,0.234853985386508,1.66575739511063,0.798007387136749,1,10.9207039756171
441,46,1,2,1659.98535127528,0.198380694762818,2,0.173861969242353,1.57504621715816,0.737178963780025,1,-10.9207039756171
442,362,2,2,1662.90257917642,0.199495408427538,3,0.469883562320319,1.87366422389459,1.02266213757684,1,0.695694151881465
443,393,2,1,1665.82166893326,0.198402351054028,3,0.372947371408372,1.97089365268766,0.936434689749149,1,0.695694151881465
444,342,2,6,1668.93620378687,0.198894007382478,3,0.310864053806654,1.88023895668084,0.862443046149565,1,-0.695694151881465
445,200,1,2,1672.02060303405,0.198313384671565,2,0.507962052324729,2.01150475809118,1.07721140724607,1,-10.9207039756171
446,26,1,2,1675.0400138015,0.198513851684766,2,0.0195980650987622,1.78199724262777,0.580910974793369,1,-10.9207039756171
447,322,2,2,1678.31910866219,0.199125788223682,1,0.174838550890854,1.54528374276924,0.727600737602188,0,0.695694151881465
448,371,2,3,1681.20489718969,0.198284997370138,3,0.236944695392594,1.65107443003581,0.798804865407874,1,0.695694151881465
449,28,1,2,1684.13514344805,0.199519113286442,2,0.34021564397699,1.77702800187581,0.89272029642234,1,-10.9207039756171
450,71,1,1,1687.08663979531,0.198934393438321,1,0.379195796571366,1.88151521456894,0.931135044238545,1,10.9207039756171
