PresOrder,TrialNumber,Illusory_Fragmented,Fat_Thin,StimPresTime,StimPresLength,Response,RespScreenOnset_to_Resp,ExpStartOnset_to_Resp,StimOnset_to_Resp,Accuracy,StepLevel
1,48,1,2,185.638348252318,0.19841463782177,2,0.399657185767865,2.2427182704414,0.974055980505,1,-11.7764969953795
2,430,3,1,189.02993903151,0.198325671177372,3,1.25569364570401,2.98718470616586,1.8136745828433,1,-11.7764969953795
3,29,1,1,192.277965449921,0.198306063399286,1,0.718217471352546,2.45891921331349,1.28992209858188,1,11.7764969953795
4,128,1,2,195.533692165463,0.198404394952377,2,0.392579362489414,1.80336001259457,0.95071833248403,1,-11.7764969953795
5,242,2,2,198.465775497943,0.198330938939762,3,0.289349083159323,1.9512287200705,0.843238432653379,1,2.21261092028769
6,246,2,6,201.645069623715,0.198348498146515,3,0.474575001368066,2.22812130250713,1.02654512964546,1,-2.21261092028769
7,98,1,2,204.913473793324,0.198364886739,2,0.798630440463967,2.27936228475846,1.36100088644707,1,-11.7764969953795
8,348,2,4,207.910242606769,0.19874240966783,3,0.333221344619233,2.07447825014424,0.888964360958198,1,2.21261092028769
9,100,1,2,211.166678128926,0.198375129608394,2,0.244592715680483,2.04240431183825,0.823719326628634,1,-11.7764969953795
10,73,1,1,214.479535184406,0.198356107135623,NaN,NaN,NaN,NaN,0,11.7764969953795
11,60,1,2,217.759882833272,0.198220901249442,1,0.984267536745392,2.50509231606156,1.5353418528648,0,-11.7764969953795
12,119,1,1,220.794770634335,0.198251044552308,1,1.24222514940629,2.67811546407211,1.82405675603513,1,11.7764969953795
13,206,2,6,223.745127539829,0.198334450780749,3,0.387791552326235,1.91994728726422,0.950532497554377,1,-2.21261092028769
14,14,1,2,226.79244813669,0.198352595294637,2,0.738451822366187,2.39305258309105,1.29017553645645,1,-11.7764969953795
15,23,1,1,229.961136502048,0.19825075189874,1,0.560455614569946,2.07968455471746,1.14213357814697,1,11.7764969953795
16,47,1,1,232.995022843064,0.198359618978429,NaN,NaN,NaN,NaN,0,11.7764969953795
17,409,3,1,236.12603178626,0.198262750691356,3,0.76296710780116,2.25066937156589,1.31368965449656,1,-11.7764969953795
18,139,1,1,239.127888086987,0.198241972297183,1,0.821597881891648,2.27349692465032,1.40315878409638,1,11.7764969953795
19,399,2,7,242.096683914684,0.198270359680464,3,0.412198848644039,1.79187834045661,0.971390493035869,1,-2.21261092028769
20,422,3,1,244.99191193707,0.198793916672003,3,0.55957765427047,2.28061630471893,1.11125220258327,1,-11.7764969953795
21,192,1,2,248.226963858178,0.198323329952473,2,0.382849806454033,1.8373830227647,0.967521907305127,1,-11.7764969953795
22,394,2,2,251.196735685076,0.198347912839381,3,0.50106423420948,1.96371038899269,1.06110545151751,1,2.21261092028769
23,368,2,8,254.174917201028,0.198791282789898,NaN,NaN,NaN,NaN,0,-2.21261092028769
24,374,2,6,257.327131519331,0.198240509029347,2,1.37803682809317,2.79333487659278,1.94065222499921,0,-2.21261092028769
25,288,2,8,260.25683470144,0.199057597414139,3,0.249967295980241,1.73553114110473,0.832838992908364,1,-2.21261092028769
26,225,2,1,263.25805887075,0.198637054432766,3,0.478247509299763,1.96622135544749,1.03000809772129,1,2.21261092028769
27,207,2,7,266.260257868646,0.198352302641069,3,0.528926889610375,2.14807736937473,1.11233765416546,1,-2.21261092028769
28,191,1,1,269.393476052608,0.217241033171376,1,0.996208674774607,2.49491851211496,1.57593815179462,1,11.7764969953795
29,226,2,2,272.407701643337,0.198767577863691,3,0.447557236428111,2.00072022009954,0.998526782617773,1,2.21261092028769
30,22,1,2,275.475227618525,0.198141299515555,2,0.739764373014623,2.493196831967,1.29062593008894,1,-11.7764969953795
31,319,2,7,278.742679786516,0.217164065319594,3,0.264533535304508,1.91362919229687,0.844582589870697,1,-2.21261092028769
32,32,1,2,281.906104194573,0.199315717742138,2,1.28199938484249,2.88596934572342,1.83355043340453,1,-11.7764969953795
33,406,3,1,285.024659856232,0.198524382860342,3,0.524085231214485,1.92758173737093,1.0753699651541,1,-11.7764969953795
34,276,2,4,287.94231361854,0.198356107135623,3,0.2359904606692,1.93792791419219,0.81879894445774,1,2.21261092028769
35,230,2,6,291.158922227643,0.198335621395017,3,0.316320608859314,1.8488670361312,0.879498778318521,1,-2.21261092028769
36,151,1,1,294.205496265597,0.199333862256026,1,0.930289074281973,2.41831267151247,1.48187026614687,1,11.7764969953795
37,293,2,5,297.207832225298,0.198264213957373,3,0.193625364388936,1.66421647457355,0.744685340492651,1,-2.21261092028769
38,412,3,1,300.193568882278,0.198258946196802,3,0.43712560480526,2.02230750793569,1.01920538154627,1,-11.7764969953795
39,92,1,2,303.29314070104,0.198311331159857,1,0.839631479089803,2.37074507515536,1.4018576469316,0,-11.7764969953795
40,152,1,2,306.338552904863,0.198998481420858,1,0.694187112656437,2.36530728171601,1.24576976778735,0,-11.7764969953795
41,335,2,7,309.524974604998,0.198388591667026,3,0.256515416542243,1.93910086915275,0.817031610375125,1,-2.21261092028769
42,284,2,4,312.722936215307,0.198743580280279,3,0.274306989354955,1.86112862967093,0.82531223926344,1,2.21261092028769
43,26,1,2,315.823841655763,0.198227046972534,1,0.861968545023046,2.61595382631094,1.41328576349406,0,-11.7764969953795
44,387,2,3,319.09298389733,0.219226979368614,3,0.206740042685851,1.97094741573892,0.785319684368005,1,2.21261092028769
45,283,2,3,322.371837257768,0.199383905992363,3,0.335325230149465,1.94008681856758,0.887426174513166,1,2.21261092028769
46,392,2,8,325.491253320519,0.198388884320593,3,0.0579161144050886,1.64471580571444,0.609563738602446,1,-2.21261092028769
47,173,1,1,328.592521651233,0.198417271702056,1,0.299344075861882,1.95104932351569,0.88197521166876,1,11.7764969953795
48,250,2,2,331.758322112513,0.198404394952377,3,0.193992937101939,1.60917450953457,0.757428348928443,1,2.21261092028769
49,234,2,2,334.689185665484,0.198701730840185,3,0.405831880552796,1.94230454628268,0.956823083099152,1,2.21261092028769
50,372,2,4,337.739927380977,0.198245191484602,3,0.0579635242611403,1.77955704561646,0.627430230690152,1,2.21261092028769
51,153,1,1,340.975474764347,0.198284699697979,1,0.371897251721748,2.13630450706842,0.934410805233711,1,11.7764969953795
52,282,2,2,344.253615221021,0.199071644779906,3,0.111949303060101,1.88219557970478,0.662781302138683,1,2.21261092028769
53,423,3,1,347.539105668668,0.198788356256046,3,0.534455698270904,2.1883722352668,1.08619902013743,1,-11.7764969953795
54,332,2,4,350.707291255429,0.198351717333935,3,0.351710603214087,1.90830026593358,0.923181400352405,1,2.21261092028769
55,371,2,3,353.777889799008,0.198342059771676,3,0.115495970014308,1.69357107717951,0.675222584884978,1,2.21261092028769
56,224,2,8,356.870100505968,0.198945218495282,3,0.274151590381734,1.77734341504947,0.824838433354671,1,-2.21261092028769
57,450,3,1,359.906619557269,0.198235533922343,3,0.279422571364194,1.73297803255446,0.831088047420053,1,-11.7764969953795
58,363,2,3,362.874287205983,0.198372495728108,NaN,NaN,NaN,NaN,0,2.21261092028769
59,396,2,4,365.971055112203,0.198983556096209,3,0.402157616701516,1.97210105557133,0.953618820658448,1,2.21261092028769
60,186,1,2,369.055604444937,0.198332402207598,1,0.480316276418307,2.00751358424168,1.03785647748737,0,-11.7764969953795
61,432,3,1,372.097375454747,0.198388299013459,3,0.296353450428796,1.83782112495464,0.852512619947447,1,-11.7764969953795
62,235,2,3,375.154431168059,0.19862505564015,3,0.032436828560094,1.66895453365578,0.583293410527403,1,2.21261092028769
63,126,1,2,378.305324448766,0.198431611721389,1,1.09748198059606,2.81404361882414,1.65860221111325,0,-11.7764969953795
64,136,1,2,381.536529147843,0.199069010897801,2,0.481624144611487,1.90282003774701,1.03367709381018,1,-11.7764969953795
65,308,2,4,384.471886394278,0.198606911128081,3,0.284014596383713,1.68753158828076,0.835758796210939,1,2.21261092028769
66,201,2,1,387.389937872604,0.198355229176741,3,0.284133998982725,1.73715419704422,0.835178464454657,1,2.21261092028769
67,3,1,1,390.356740730422,0.198334158127182,1,0.485482780124585,2.13828313692829,1.03636950539476,1,11.7764969953795
68,68,1,2,393.523935392657,0.198390640241996,2,0.70798513671798,2.27534093393297,1.29037044364304,1,-11.7764969953795
69,37,1,1,396.605416254148,0.19824548413817,1,0.839898671674746,2.20988255525117,1.39098088943865,1,11.7764969953795
70,373,2,5,399.489427163096,0.198249581286291,3,0.247321416289196,1.73352646509011,0.798420607952721,1,-2.21261092028769
71,49,1,1,402.489793857849,0.198256604968265,1,0.320586910605925,2.08536671377442,0.882217528711408,1,11.7764969953795
72,67,1,1,405.768955382351,0.199507405741315,1,0.256391331487976,1.87788450198059,0.808556366953781,1,11.7764969953795
73,421,3,1,408.904462116159,0.198577645784098,3,0.340429398676861,1.84661389735084,0.911529989220071,1,-11.7764969953795
74,80,1,2,411.924715489649,0.19833210955403,1,0.79799567516784,2.39415881306741,1.35883700696468,0,-11.7764969953795
75,34,1,2,415.035597485639,0.19893380501162,2,0.652000827623851,2.37145212584801,1.20251207853835,1,-11.7764969953795
76,167,1,1,418.270024591668,0.198787478295344,1,0.856196248709239,2.39301658671866,1.40779324386131,1,11.7764969953795
77,393,2,1,421.338812781112,0.198325671179191,3,0.247692208191438,1.79614581281749,0.810895545844687,1,2.21261092028769
78,298,2,2,424.401742926786,0.199019845122166,3,0.435928359609534,2.17302578188901,0.987141978765067,1,2.21261092028769
79,146,1,2,427.653813522989,0.198400297804255,2,0.692941579643957,2.31288954000956,1.24427752793235,1,-11.7764969953795
80,385,2,1,430.789135007175,0.198348205492948,3,0.16891692768877,1.83342254385389,0.730286498930582,1,2.21261092028769
81,198,1,2,433.967505226059,0.199168513066979,2,0.226396695825315,1.66344123562885,0.777308589291351,1,-11.7764969953795
82,292,2,4,436.919545181447,0.198748848044488,3,0.133434747502179,1.71935589320674,0.684260015552354,1,2.21261092028769
83,252,2,4,440.019977401302,0.198224998397563,3,0.144151130914906,1.81078609345968,0.706377298756706,1,2.21261092028769
84,140,1,2,443.20057120097,0.199253382561437,2,0.199744747676959,1.65382083932491,0.751007825259876,1,-11.7764969953795
85,138,1,2,446.169370833164,0.198699682265215,2,0.256536487591802,1.67702123288473,0.80856602451604,1,-11.7764969953795
86,327,2,7,449.104057903238,0.198311623815243,3,0.355077288308166,1.77467822023391,0.939216467257211,1,-2.21261092028769
87,279,2,7,452.03812249946,0.198400005150688,3,0.268668435659492,1.90444280103293,0.819558672768835,1,-2.21261092028769
88,189,1,1,455.188327166637,0.198275920094602,1,1.02601250039879,2.6903729604619,1.58850059306315,1,11.7764969953795
89,243,2,3,458.367483452643,0.217073050102044,3,0.244762162017651,1.78329715649124,0.814723452749604,1,2.21261092028769
90,445,3,1,461.420109270939,0.198258653543235,3,0.5882178898446,2.25821544033715,1.13993545821177,1,-11.7764969953795
91,65,1,1,464.604536245273,0.198395615349,2,0.644773165786319,2.11373273308163,1.19521096069002,0,11.7764969953795
92,40,1,2,467.588264714395,0.198429270492852,2,0.242256755978815,1.90644016071383,0.804527114485609,1,-11.7764969953795
93,95,1,1,470.766852667433,0.198347327534066,1,0.265801895282493,1.85579999596121,0.816585606544322,1,11.7764969953795
94,159,1,1,473.870961785022,0.198404687605944,NaN,NaN,NaN,NaN,0,11.7764969953795
95,125,1,1,477.08497924063,0.198716656164834,2,0.720428468039245,2.2895407711585,1.27113521144565,0,11.7764969953795
96,362,2,2,480.168761821369,0.218404330567864,3,0.362936788907973,2.02946405498915,0.944460231470657,1,2.21261092028769
97,6,1,2,483.350339814533,0.199012236133058,2,0.646103860946823,2.01617905239436,1.19740966593417,1,-11.7764969953795
98,169,1,1,486.23525151075,0.198456779917251,1,0.323431794629869,1.8432843792416,0.87473233185483,1,11.7764969953795
99,375,2,7,489.269182627741,0.198407028834481,3,0.874085275114339,2.47328586299591,1.43530588575959,1,-2.21261092028769
100,384,2,8,492.383595780055,0.19944653382845,3,1.00591833037834,2.52660497727447,1.55795986609337,1,-2.21261092028769
101,446,3,1,495.419128589285,0.198493068943208,3,0.322778299514539,1.84302742952787,0.874093176757015,1,-11.7764969953795
102,228,2,4,498.453621600867,0.198215340833485,3,0.256778511980883,1.69661379492209,0.827975385504033,1,2.21261092028769
103,165,1,1,501.407582240736,0.1984717052419,2,0.347001224168707,1.99076766214785,0.905737499821043,0,11.7764969953795
104,333,2,5,504.566531099841,0.199455313430008,3,0.235047531308737,1.63968714177463,0.787715345370088,1,-2.21261092028769
105,270,2,6,507.485368059981,0.198389762281295,3,0.190936757298914,1.74475908915701,0.742913323954781,1,-2.21261092028769
106,8,1,2,510.572313346373,0.198365764697883,2,0.393888108643296,1.90592596863098,0.953772463712085,1,-11.7764969953795
107,414,3,1,513.59840339993,0.199274453609178,3,0.322196211835035,1.95951900652472,0.873514015611363,1,-11.7764969953795
108,346,2,2,516.750406129802,0.198548380441935,3,0.359644437783572,1.89551833459154,0.910395079208683,1,2.21261092028769
109,316,2,4,519.800733448033,0.198265677225208,3,0.193425189441768,1.78119005177359,0.744309866138792,1,2.21261092028769
110,86,1,2,522.902731949063,0.198354643867788,2,1.27918171758938,2.72699736699724,1.84195953715061,1,-11.7764969953795
111,400,2,8,525.865101692678,0.199012236131239,3,0.178750961000333,1.94906513324167,0.729813570982515,1,-2.21261092028769
112,221,2,5,529.149988103638,0.219133037617212,3,0.1066563730692,1.82374390951554,0.688591871668905,1,-2.21261092028769
113,353,2,1,532.382623292697,0.199370151280164,3,0.132646631807802,1.9031524920465,0.684724456548793,1,2.21261092028769
114,257,2,1,552.208978548797,0.198346742225112,3,0.380600764819974,2.00462977730967,0.942618856070112,1,2.21261092028769
115,74,1,2,555.349077600276,0.198548380441935,2,0.481700819809703,1.98452507176626,1.03260159244564,1,-11.7764969953795
116,5,1,1,558.366826445686,0.19880474484853,1,0.347887086110859,1.78282159466289,0.898980132051292,1,11.7764969953795
117,300,2,4,561.336632513036,0.198206561231927,3,0.259115934948568,1.80518675532585,0.821025159122655,1,2.21261092028769
118,144,1,2,564.39790214313,0.199244017650926,2,0.306337907602938,1.97556314568646,0.857489776883085,1,-11.7764969953795
119,52,1,2,567.582066314682,0.199076912542296,2,0.215317714808407,1.76751874664842,0.766651321871905,1,-11.7764969953795
120,217,2,1,570.648757056972,0.216742644375699,3,0.354457740990256,2.10876962350994,0.924635595261861,1,2.21261092028769
121,89,1,1,573.917439247341,0.198301088290464,1,0.305562376006492,1.80807144021492,0.857300137458878,1,11.7764969953795
122,291,2,3,576.934281745069,0.198239338415078,3,0.334641884383018,1.70313147952947,0.885770048735139,1,2.21261092028769
123,180,1,2,579.817146915828,0.198182563648515,2,0.505163723499209,2.27619665257225,1.07545483464855,1,-11.7764969953795
124,203,2,3,583.102455040385,0.198282651124828,3,0.366119687643732,2.07907027516012,0.927808543783613,1,2.21261092028769
125,129,1,1,586.330230426534,0.199297573230069,2,0.446753317446564,2.08336759817212,0.998292659871368,0,11.7764969953795
126,241,2,1,589.481927918874,0.198331524246896,NaN,NaN,NaN,NaN,0,2.21261092028769
127,447,3,1,592.617532106276,0.198408784754065,3,0.507990170355697,2.04357199903643,1.05953448789114,1,-11.7764969953795
128,429,3,1,595.667083014951,0.198479899538142,3,0.446071142294386,1.89808988030745,0.997435477966064,1,-11.7764969953795
129,13,1,1,598.633489034715,0.198170272205971,1,0.555137223731435,1.92389488942172,1.10662330323248,1,11.7764969953795
130,12,1,2,601.534809808923,0.198248995979156,2,0.491311851206774,2.05460298489015,1.05390237257052,1,-11.7764969953795
131,1,1,1,604.613137622326,0.199276209530581,2,0.797540599080094,2.18413110171423,1.34914988567471,0,11.7764969953795
132,303,2,7,607.515349233585,0.19892531806363,3,1.03784828319294,2.47379976242337,1.58972300645291,1,-2.21261092028769
133,379,2,3,610.465244917268,0.198347912839381,3,0.160787893279121,1.86001157151622,0.723617512498095,1,2.21261092028769
134,287,2,7,613.678668579059,0.198747092121266,3,0.380715484967368,1.96648445088431,0.931361063805525,1,-2.21261092028769
135,131,1,1,616.778977006512,0.198867372682798,1,0.369708789348806,2.12225099655916,0.920346759199674,1,11.7764969953795
136,132,1,2,620.046913515936,0.199347324312839,2,0.304094426386655,1.99004422285907,0.855510269062506,1,-11.7764969953795
137,54,1,2,623.24746979158,0.19907223008704,2,0.606320260601933,2.14157431743843,1.15785609118575,1,-11.7764969953795
138,309,2,5,626.297400271758,0.198995262233439,3,0.452219790922754,2.18736316622926,1.00369738347399,1,-2.21261092028769
139,413,3,1,629.547299964794,0.199014870013343,3,0.456064671725471,2.02575203884408,1.00775707189678,1,-11.7764969953795
140,236,2,4,632.63145714193,0.198515895910532,3,0.532295623279424,1.90157713861481,1.08404450556372,1,2.21261092028769
141,366,2,6,635.515416251221,0.198236119227658,3,0.255060051022156,1.889466846902,0.805754210332452,1,-2.21261092028769
142,277,2,5,638.664241642769,0.219787410693243,3,0.871325553238421,2.42052718004197,1.45355926568664,1,-2.21261092028769
143,96,1,2,641.728844888121,0.199145686097836,3,1.20089429035943,2.62025524647106,1.75233266735086,0,-11.7764969953795
144,170,1,2,644.66347957323,0.199421365630769,2,0.21017754991226,1.62955401665386,0.7623326351586,1,-11.7764969953795
145,435,3,1,647.597625527105,0.198969508732262,3,0.562205974752942,2.03141341950686,1.11432389301626,1,-11.7764969953795
146,382,2,6,650.581352825613,0.198328597713044,3,0.278814437531764,1.64755542197599,0.830299346416723,1,-2.21261092028769
147,94,1,2,653.482040005139,0.198361960203329,2,0.294920033913513,1.74682288116674,0.846201256010318,1,-11.7764969953795
148,79,1,1,656.448431684885,0.198193099173295,1,0.189707027573604,1.90824846627584,0.741145697218599,1,11.7764969953795
149,16,1,2,659.681222272917,0.198181685689633,2,0.286300805002611,1.78761203870818,0.837130462852656,1,-11.7764969953795
150,311,2,7,662.696895034871,0.198320696070368,3,0.315308905941492,2.05195564193491,0.866601834175526,1,-2.21261092028769
151,62,1,2,665.948038797651,0.198352595294637,2,0.202932621521541,1.88846538685357,0.754841877887884,1,-11.7764969953795
152,141,1,1,669.147843831934,0.198279724589156,1,0.279834920052963,2.04873147906255,0.83147113076302,1,11.7764969953795
153,330,2,2,672.431142890673,0.198334743436135,3,0.245333714172375,1.69331910257279,0.808460961934543,1,2.21261092028769
154,64,1,2,675.395094426094,0.198800647700409,2,0.680741443326042,2.21768908557715,1.23213972679696,1,-11.7764969953795
155,365,2,5,678.446489344049,0.219521681376136,3,0.230561739484983,1.64618141410756,0.812328084399269,1,-2.21261092028769
156,415,3,1,681.377559802997,0.199333862254207,2,1.37817876500776,3.13102591709685,1.92970727925604,0,-11.7764969953795
157,130,1,2,684.645520310001,0.199139247721178,2,0.262162164535766,1.63094470576834,0.813542010839228,1,-11.7764969953795
158,18,1,2,687.52874163999,0.1993239120402,2,0.328087032790791,1.94757318603843,0.880367666361053,1,-11.7764969953795
159,112,1,2,690.662590199447,0.198722509232539,3,0.799339539731591,2.30205814379769,1.35143989878816,0,-11.7764969953795
160,66,1,2,693.698855520219,0.198336792007467,2,0.185191385102371,1.88142004810652,0.747232303319834,1,-11.7764969953795
161,248,2,8,696.910328646878,0.198888736384106,3,0.446907838459083,1.98216306590803,0.997523273996194,1,-2.21261092028769
162,168,1,2,699.960900038075,0.198244898831035,2,0.695758661591753,2.26751889297338,1.24694886846919,1,-11.7764969953795
163,143,1,1,703.046930489834,0.198261580077087,1,0.459782833593636,1.84536660841877,1.01173423205364,1,11.7764969953795
164,267,2,3,705.946729173538,0.198253385780845,3,0.717876822754988,2.15367524424073,1.26954873718569,1,2.21261092028769
165,307,2,3,708.896778207622,0.218284050008151,3,0.418466607217852,2.0995952310368,0.998971908489693,1,2.21261092028769
166,420,3,1,712.094014037415,0.199415219909497,1,0.922451522690608,2.32622722022279,1.47504383216801,0,-11.7764969953795
167,174,1,2,715.012858313889,0.198456487263684,2,0.419085569230447,1.87130565280677,0.970772701639362,1,-11.7764969953795
168,15,1,1,717.979503138855,0.198241386990048,1,0.168998870649375,1.70465474064804,0.720496948941218,1,11.7764969953795
169,350,2,6,721.030110233769,0.198228802892118,3,0.162661167903934,1.71000912786076,0.742565066369934,1,-2.21261092028769
170,352,2,8,724.093115006068,0.199274746262745,3,0.261351221872246,1.84721383688884,0.812795451931379,1,-2.21261092028769
171,397,2,5,727.193586734136,0.199016040627612,3,0.0878124185128399,1.70669658365296,0.639193435432389,1,-2.21261092028769
172,433,3,1,730.327280772583,0.199461459153099,3,0.713846692327934,2.3006727224456,1.26678872265984,1,-11.7764969953795
173,76,1,2,733.448002947605,0.198307234011736,NaN,NaN,NaN,NaN,0,-11.7764969953795
174,85,1,1,736.508137667686,0.198292016035339,NaN,NaN,NaN,NaN,0,11.7764969953795
175,405,3,1,739.425888298281,0.198238753107944,3,0.379780749901329,1.80207263014381,0.930724835243382,1,-11.7764969953795
176,390,2,6,742.362350018773,0.198299625022628,3,0.142190938220665,1.57773592183366,0.693849975899866,1,-2.21261092028769
177,118,1,2,745.312989042177,0.198352887948204,NaN,NaN,NaN,NaN,0,-11.7764969953795
178,416,3,1,748.274462388326,0.199287037707109,NaN,NaN,NaN,NaN,0,-11.7764969953795
179,223,2,7,751.227264120602,0.198443903165753,3,0.573604533319667,2.17678257400985,1.12546989166731,1,-2.21261092028769
180,274,2,2,754.34461697665,0.198524968167476,3,0.158049827759896,1.64326717122094,0.709513372945366,1,2.21261092028769
181,97,1,1,757.344756572338,0.19824548413817,1,0.346248812193153,2.11512986057096,0.897334249142659,1,11.7764969953795
182,24,1,2,760.628433446658,0.198341474462723,1,0.969404546838632,2.56715415899998,1.52846859433521,0,-11.7764969953795
183,344,2,8,763.742063458385,0.199070766819204,3,0.256990685718847,1.90974919308246,0.80853851509346,1,-2.21261092028769
184,216,2,8,766.910121448249,0.198998188767291,3,0.14424273143959,1.81339334289441,0.6960615578937,1,-2.21261092028769
185,266,2,2,770.093662560641,0.198698218999198,3,0.423772706613818,1.92622528871107,0.975603824512291,1,2.21261092028769
186,294,2,6,773.110352293277,0.198320988723935,3,0.0165366748897213,1.51534601439562,0.578409610037852,1,-2.21261092028769
187,103,1,1,776.123968286904,0.199249578066883,1,0.347371430761996,1.79979988358173,0.89805300597618,1,11.7764969953795
188,212,2,4,779.091406202673,0.219511145853176,3,0.275915997928678,1.76005462083594,0.858803790799357,1,2.21261092028769
189,425,3,1,782.091206320378,0.199078083154745,3,0.316045807287082,1.76857668880803,0.867179239397956,1,-11.7764969953795
190,229,2,5,785.058921086295,0.19916851306516,2,0.541554007288141,1.96057021765591,1.09317529267537,0,-2.21261092028769
191,17,1,1,787.99281974802,0.198817621600028,1,0.959195624480344,2.57868733814394,1.51125881655025,1,11.7764969953795
192,122,1,2,791.126886626938,0.198357863055207,2,0.407607994236969,1.97268460651685,0.970034337025936,1,-11.7764969953795
193,9,1,1,794.20741636477,0.199088618679525,1,0.44730789570167,2.10003684506773,0.998518880975098,1,11.7764969953795
194,43,1,1,797.375890800469,0.198646711995025,1,0.421964108398242,1.9396370102404,0.972550571244938,1,11.7764969953795
195,227,2,3,800.408126576122,0.198989116510347,3,1.09304974435145,2.61149642187229,1.64425048675548,1,2.21261092028769
196,443,3,1,803.460865065988,0.198306648706421,3,0.364412932824052,2.07840097676126,0.927778693132495,1,-11.7764969953795
197,249,2,1,806.689951539518,0.199221775990736,3,0.367970427956607,1.9376089219495,0.919462653178925,1,2.21261092028769
198,51,1,1,809.794118602485,0.198311331161676,1,0.354913109731569,1.78535802196893,0.91775560570386,1,11.7764969953795
199,449,3,1,812.739846608631,0.199342056550449,3,0.602774178953041,2.25535416772072,1.15391200086742,1,-11.7764969953795
200,107,1,1,815.907880015604,0.198967460157291,1,0.364599353060839,1.78335802840593,0.915919205410319,1,11.7764969953795
201,238,2,6,818.840854477789,0.199045891278729,NaN,NaN,NaN,NaN,0,-2.21261092028769
202,401,3,1,822.007614549675,0.199399123970579,NaN,NaN,NaN,NaN,0,-11.7764969953795
203,345,2,1,824.977699515746,0.198320110765053,3,0.170510132978961,1.83358760039118,0.73278078414296,1,2.21261092028769
204,389,2,5,828.156801368214,0.19905320761427,3,0.016665442401063,1.51904573909815,0.568115818181468,1,-2.21261092028769
205,142,1,2,831.174001195783,0.198349668760784,2,0.516629299700071,1.9332416547677,1.07983468592829,1,-11.7764969953795
206,439,3,1,834.105192227944,0.199318351622424,3,0.638256651793199,2.04176281551372,1.18967044589408,1,-11.7764969953795
207,426,3,1,837.023594012428,0.199036526368218,3,0.263858969139619,1.89966055128389,0.815293541636493,1,-11.7764969953795
208,314,2,2,840.174317554143,0.198255727007563,3,0.0210353434613353,1.63696400157824,0.58330219013078,1,2.21261092028769
209,220,2,4,843.305857663321,0.199312791208285,3,0.203691179222005,1.87306362197705,0.75529695397563,1,2.21261092028769
210,296,2,8,846.490200938773,0.198626518907986,3,0.015996729305698,1.48448863641352,0.566586996646947,1,-2.21261092028769
211,322,2,2,849.473368976571,0.198314843000844,3,0.0162966990737914,1.49956614128496,0.578978820964039,1,2.21261092028769
212,161,1,1,852.472654609541,0.199534037203193,1,0.512704817163467,2.28237398123565,1.06462987681334,1,11.7764969953795
213,193,1,1,855.757236953583,0.199095935015066,1,0.83570904512635,2.22153308842098,1.38753782179811,1,11.7764969953795
214,326,2,6,858.657231422434,0.198772552970695,3,0.293273858353132,1.72965670874328,0.86235514020882,1,-2.21261092028769
215,194,1,2,861.608077059162,0.19834059650384,1,0.572050250935717,2.29096160357585,1.12341312334138,0,-11.7764969953795
216,211,2,3,864.841536945594,0.198386835747442,3,0.461348822112996,2.1134406649544,1.01301195694214,1,2.21261092028769
217,417,3,1,868.008417883349,0.198360204283745,3,0.496203553339001,2.05023279117268,1.06605305045923,1,-11.7764969953795
218,323,2,3,871.077603788808,0.198340889157407,3,0.452711741343592,2.18109628561433,1.01377227056037,1,2.21261092028769
219,410,3,1,874.32155647143,0.199066084363949,3,0.79095911602235,2.39336894145345,1.34197431614848,1,-11.7764969953795
220,199,1,1,877.438994489628,0.198886395155569,1,0.915574167012892,2.68363871231304,1.46641260446631,1,11.7764969953795
221,320,2,8,880.741380697926,0.198257775582533,NaN,NaN,NaN,NaN,0,-2.21261092028769
222,35,1,1,883.990429940086,0.198402053723839,NaN,NaN,NaN,NaN,0,11.7764969953795
223,179,1,1,887.006224738521,0.198621543799163,1,0.519269326319773,1.98830205697413,1.07062985749872,1,11.7764969953795
224,124,1,2,890.007516218122,0.19833210955403,2,0.304680025905327,1.8191565669531,0.86812714386906,1,-11.7764969953795
225,268,2,4,893.037387646689,0.199544572726154,3,0.345282470558232,1.7332341043093,0.898211038827867,1,2.21261092028769
226,10,1,2,923.954196225883,0.198251044554127,NaN,NaN,NaN,NaN,0,-11.7764969953795
227,213,2,5,927.223337296837,0.198394444734731,3,0.32578736211326,1.72319638420777,0.888284527032738,1,-2.21261092028769
228,183,1,1,930.135824555438,0.199263040125516,3,1.36776147340606,2.92252175951398,1.93761740889931,0,11.7764969953795
229,105,1,1,933.204769607122,0.198684171633431,1,0.461326873106373,1.99754844219024,1.01329612342488,1,11.7764969953795
230,306,2,2,936.255600289258,0.198553940856073,3,0.335926047648172,1.7547049160803,0.887052748732458,1,2.21261092028769
231,364,2,4,939.188720492852,0.198275042133901,3,0.21765191859231,1.65346848459194,0.769207356956031,1,2.21261092028769
232,331,2,3,942.158475931157,0.198247532711321,3,0.147887729948707,1.65964815448388,0.708271937081008,1,2.21261092028769
233,50,1,2,945.185603733789,0.199279721369749,1,1.32583886911561,2.92861919379357,1.8772187154209,0,-11.7764969953795
234,135,1,1,948.303502095838,0.198977995680252,1,0.72147265548665,2.44237580739355,1.29141550905115,1,11.7764969953795
235,448,3,1,951.539130836863,0.198378056142246,3,0.886685176021274,2.35090434300582,1.44996109172462,1,-11.7764969953795
236,75,1,1,954.519032862347,0.199061109256945,1,0.695154332252059,2.13105137794446,1.24637907223587,1,11.7764969953795
237,251,2,3,957.469709930698,0.198942584616816,3,0.782155515449631,2.50041805542787,1.33324446424194,1,2.21261092028769
238,278,2,6,960.702885065339,0.198443317858619,3,0.633388361933612,2.20331043710576,1.18467953424806,1,-2.21261092028769
239,101,1,1,963.78737089228,0.198378056144065,3,0.621098966317732,2.19066780879621,1.17303134230497,0,11.7764969953795
240,7,1,1,966.871619084633,0.198437757444481,1,0.435930115530937,1.93820652025897,0.987428486476347,1,11.7764969953795
241,31,1,1,969.88840627086,0.19833532874145,1,0.459088952304228,1.87334398396706,1.01897477064085,1,11.7764969953795
242,150,1,2,972.818243195588,0.199320107543826,1,1.27256745734849,2.99180131407229,1.82395227875895,0,-11.7764969953795
243,30,1,2,976.052624355028,0.198801525661111,2,0.220541285936633,1.78917363742767,0.771507612938876,1,-11.7764969953795
244,197,1,1,979.135562923268,0.19925835767026,3,0.813987429364715,2.46647786618269,1.36563680947984,0,11.7764969953795
245,262,2,6,982.303055799352,0.198634127897094,3,0.301275295865707,1.78677622050418,0.852803517460416,1,-2.21261092028769
246,127,1,1,985.30312632883,0.198539893492125,3,0.117480160291962,1.77056263500344,0.669530182958624,0,11.7764969953795
247,99,1,1,988.470843670097,0.198344986305528,3,0.735898713817733,2.46708980450967,1.29460923596707,0,11.7764969953795
248,137,1,1,991.716841122256,0.199240213156372,1,0.633051810485995,2.23683798501042,1.18490253616437,1,11.7764969953795
249,120,1,2,994.835364006731,0.199151246513793,1,0.38944475156859,2.14222547132522,0.941423366795789,0,-11.7764969953795
250,289,2,1,998.102723403583,0.198773138277829,3,0.122231681431003,1.87503991061203,0.674462563920315,1,2.21261092028769
251,205,2,5,1001.37032716605,0.19829084542107,3,0.152341037241058,1.87137588963014,0.703962615280034,1,-2.21261092028769
252,42,1,2,1004.62302228468,0.198219730636993,2,0.842141860241099,2.37075678129258,1.4031353718201,1,-11.7764969953795
253,407,3,1,1007.6668822547,0.199306352831627,3,0.718741320995832,2.25470681832667,1.27009687706595,1,-11.7764969953795
254,106,1,2,1010.73639417608,0.198322159338204,1,0.496072737256327,2.26521834433697,1.04772914105342,0,-11.7764969953795
255,324,2,4,1014.02041784472,0.198387713706325,3,0.336238016208881,2.02127297805055,0.887436710036127,1,2.21261092028769
256,304,2,8,1017.2197496584,0.198396493307882,3,0.35296959828338,1.83786707154286,0.90367078127565,1,-2.21261092028769
257,149,1,1,1020.21932589623,0.198195147748265,1,0.652689148499121,2.22204728050383,1.20450475576399,1,11.7764969953795
258,313,2,1,1023.30335372055,0.198494824862792,3,0.688389940798515,2.38600197658161,1.24691960312703,1,2.21261092028769
259,424,3,1,1026.51644317212,0.199268015232519,NaN,NaN,NaN,NaN,0,-11.7764969953795
260,19,1,1,1029.78414731471,0.198916538458434,NaN,NaN,NaN,NaN,0,11.7764969953795
261,444,3,1,1032.7191384517,0.198423417425147,3,0.297711069704746,1.8502679681169,0.849462585867514,1,-11.7764969953795
262,286,2,6,1035.78635275099,0.198381567985052,3,0.17306587540952,1.88697519557172,0.736368715231947,1,-2.21261092028769
263,408,3,1,1039.01558145408,0.198976825067803,3,0.397432434368966,1.83370261319033,0.948880761578039,1,-11.7764969953795
264,28,1,2,1041.96705190589,0.198269189066195,2,0.300495959772888,2.05039609178857,0.863328798181101,1,-11.7764969953795
265,44,1,2,1045.23218479542,0.199227336406693,2,0.323578121346145,1.97684204118741,0.875319979948472,1,-11.7764969953795
266,255,2,7,1048.40092788697,0.198609545010186,3,0.320151149644516,2.05624974575767,0.872001290017579,1,-2.21261092028769
267,163,1,1,1051.66932152106,0.198331816900463,1,0.68479761990784,2.21970985753433,1.23565888432859,1,11.7764969953795
268,177,1,1,1054.71888998894,0.198254849046862,1,0.56558641455922,2.25069336914567,1.11688373259494,1,11.7764969953795
269,71,1,1,1057.91849953073,0.198239045761511,3,0.541678677651362,2.22681255635507,1.09288410250883,0,11.7764969953795
270,215,2,7,1061.11789660613,0.198249581286291,3,0.1280399741172,1.64309187181425,0.689837697333132,1,-2.21261092028769
271,339,2,3,1064.14826349696,0.19930284099064,3,0.17322976133255,1.69297874663062,0.724834658125474,1,2.21261092028769
272,4,1,2,1067.18294556266,0.198972435266114,1,0.942569397640909,2.39425509604735,1.49389481040635,0,-11.7764969953795
273,111,1,1,1070.14947830136,0.198318062190083,3,1.15897753914032,2.76330804905228,1.71042411042981,0,11.7764969953795
274,337,2,1,1073.26824525879,0.198442439897917,3,0.509860518446658,2.22859393780163,1.06157428231927,1,2.21261092028769
275,347,2,3,1076.50150614089,0.198462632986775,3,0.197474049688026,1.69944258300529,0.74884189720251,1,2.21261092028769
276,39,1,1,1079.51754296372,0.216541006158877,3,0.843440656175517,2.37949014504193,1.41232995738028,0,11.7764969953795
277,41,1,1,1082.56814040107,0.198279431935589,3,1.20596831558396,2.82461806532046,1.75704907007821,0,11.7764969953795
278,222,2,6,1085.70145896516,0.198429563146419,3,0.26710800755427,2.03553280923006,0.818407959470278,1,-2.21261092028769
279,427,3,1,1088.98458594368,0.198338547930689,3,0.466666042339057,2.26419054547841,1.04683449950971,1,-11.7764969953795
280,110,1,2,1092.29735549578,0.199121395864495,1,0.557270959912785,1.94334990434618,1.10855803507911,0,-11.7764969953795
281,334,2,6,1095.19877577216,0.199281477291152,3,0.243263776441381,1.76181376062414,0.794583043483726,1,-2.21261092028769
282,265,2,1,1098.23178825002,0.19930284099064,3,0.197036240153466,1.78505775954545,0.767807888238167,1,2.21261092028769
283,272,2,8,1101.33396322107,0.198227339624282,3,0.794854918523924,2.54685454626997,1.3460047392291,1,-2.21261092028769
284,90,1,2,1104.6004423164,0.19836693531397,1,1.35179986251205,3.10418345155995,1.90355664643721,0,-11.7764969953795
285,336,2,8,1107.86777800832,0.198432489682091,3,0.22850555646437,1.61312562353487,0.779335214314415,1,-2.21261092028769
286,240,2,8,1110.76724423773,0.198323915257788,3,0.450398315955681,1.98559881721121,1.03436248814978,1,-2.21261092028769
287,239,2,7,1113.81749283219,0.198327719752342,3,0.249818628035428,1.84688021197508,0.812421440843536,1,-2.21261092028769
288,402,3,1,1116.9299282326,0.198950193605924,3,0.462819405614937,2.21470899566884,1.01348195835453,1,-11.7764969953795
289,38,1,2,1120.19731835806,0.198196025707148,2,1.04330948890674,2.74704588308305,1.594412485063,1,-11.7764969953795
290,376,2,8,1123.4155833856,0.198414637823589,3,0.472406439428596,2.04104844848371,1.02363498390878,1,-2.21261092028769
291,264,2,8,1126.49921466451,0.198253385780845,3,0.104522929541417,1.57321032914479,0.655911555450075,1,-2.21261092028769
292,87,1,1,1129.48274939706,0.198347912839381,3,0.547202218547682,2.14973320249737,1.09884369702013,0,11.7764969953795
293,317,2,5,1132.61782007726,0.198287333580083,3,0.0368836974776059,1.56638330985697,0.598487684119391,1,-2.21261092028769
294,21,1,1,1135.66289133983,0.198860056347257,1,0.591179835242656,2.1936838950769,1.14213708998795,1,11.7764969953795
295,231,2,7,1138.78001621885,0.199207143319654,3,0.411000140182296,1.98025116102872,0.962392570581869,1,-2.21261092028769
296,61,1,1,1141.8636460345,0.198996725501274,3,0.537016123156718,2.07275247284815,1.10552965735405,0,11.7764969953795
297,253,2,5,1144.91434882709,0.198932634399171,3,0.0186390971521178,1.73769823977636,0.570566790684097,1,-2.21261092028769
298,297,2,1,1148.14849352256,0.198280602549858,3,0.0176806571580528,1.63771319436637,0.587094685970442,1,2.21261092028769
299,299,2,3,1151.28386973293,0.198364886739,3,0.661310718636742,2.12412602710356,1.22340928958147,1,2.21261092028769
300,259,2,3,1154.26230029696,0.199114957487836,3,0.488039693169412,1.85789393127561,1.03976779705954,1,2.21261092028769
301,403,3,1,1157.14738173216,0.198675099376487,NaN,NaN,NaN,NaN,0,-11.7764969953795
302,431,3,1,1160.21632853977,0.198225583704698,NaN,NaN,NaN,NaN,0,-11.7764969953795
303,340,2,4,1163.22920880266,0.199034477795067,3,0.12982896455469,1.49892025515874,0.681304508530957,1,2.21261092028769
304,437,3,1,1166.11293964228,0.199411122763195,3,0.483534293567573,1.88697987802698,1.03636833478231,1,-11.7764969953795
305,355,2,3,1169.03295072799,0.198475217082887,3,0.0176540256961744,1.61736090401973,0.598853208257424,1,2.21261092028769
306,115,1,1,1172.14745401756,0.198322451989952,1,0.748534025789922,2.50086991233002,1.30008800088763,1,11.7764969953795
307,78,1,2,1175.41476307802,0.198346156917978,2,0.399658063728566,1.78504576075284,0.951045226369388,1,-11.7764969953795
308,411,3,1,1178.31536099825,0.198474339122185,3,0.951037910032028,2.48443186164695,1.53356837306092,1,-11.7764969953795
309,63,1,1,1181.36421597706,0.198335621395017,1,0.689105478442798,2.09154316447894,1.2407782708342,1,11.7764969953795
310,133,1,1,1184.28197538726,0.198327427100594,1,0.607219584600898,2.05422721788091,1.16989234158245,1,11.7764969953795
311,391,2,7,1187.24416134452,0.199229970286979,3,0.073758615351835,1.65972863417664,0.624904631562458,1,-2.21261092028769
312,441,3,1,1190.34620842602,0.198374251649511,3,0.514721784624271,2.21395073062376,1.07663364267864,1,-11.7764969953795
313,33,1,1,1193.56103448306,0.199036819021785,1,0.392314511133009,1.87882040765908,0.943959501448262,1,11.7764969953795
314,386,2,2,1196.56272309337,0.198616861345727,3,0.199392392943992,1.68522577188196,0.75080647969844,1,2.21261092028769
315,190,1,2,1199.56322470135,0.198194269787564,1,1.25303664518469,2.97245867806669,1.80473753230581,0,-11.7764969953795
316,178,1,2,1202.79777589244,0.19825280047553,2,0.273827330378481,1.85779911156351,0.856805553157756,1,-11.7764969953795
317,171,1,1,1205.89720635959,0.198426636612567,1,0.963061868984369,2.39844325932791,1.5145488264443,1,11.7764969953795
318,156,1,2,1208.84834113791,0.198359326323043,2,0.416233661524529,2.07935619756609,0.976697177737151,1,-11.7764969953795
319,380,2,4,1212.02749654596,0.19904384270194,3,0.0178741010786325,1.62025905096561,0.569194538735246,1,2.21261092028769
320,370,2,2,1215.14550026324,0.198424880692983,3,0.0869367994419008,1.80617885046377,0.638384248690272,1,2.21261092028769
321,196,1,2,1218.37961657132,0.198291430728204,2,0.311736192830722,1.96388773697254,0.862806704457398,1,-11.7764969953795
322,295,2,7,1221.5461580311,0.198293771954923,3,0.29343481774049,1.74162652680934,0.855171376386352,1,-2.21261092028769
323,315,2,3,1224.51009464119,0.199060231296244,3,0.712303823427646,2.4653479312783,1.26393915618064,1,2.21261092028769
324,214,2,6,1227.77836536084,0.198594912337285,NaN,NaN,NaN,NaN,0,-2.21261092028769
325,341,2,5,1230.7793082902,0.198347912839381,3,0.166267536158557,1.82017353763331,0.735732486667985,1,-2.21261092028769
326,175,1,1,1233.94817312558,0.198270944985779,1,0.682995752720672,2.39549887313842,1.24437615213901,1,11.7764969953795
327,210,2,2,1237.17622009411,0.198988823858599,3,1.27058941279392,3.03918366080688,1.82116241358381,1,2.21261092028769
328,329,2,1,1240.46046822793,0.218720688930262,NaN,NaN,NaN,NaN,0,2.21261092028769
329,154,1,2,1243.77649208621,0.199091252557992,2,0.248928668945155,1.93477223222362,0.800457475845178,1,-11.7764969953795
330,45,1,1,1246.97777267911,0.198600180097856,1,0.530261681919001,2.14946952175342,1.0817764414569,1,11.7764969953795
331,312,2,8,1250.11250534458,0.198390054934862,3,0.381149490007374,1.8787826553671,0.943974719426478,1,-2.21261092028769
332,442,3,1,1253.12630278334,0.199029210030858,3,1.19734937932481,2.63323969399062,1.74902626886433,1,-11.7764969953795
333,102,1,2,1256.07739863875,0.19875938356563,NaN,NaN,NaN,NaN,0,-11.7764969953795
334,123,1,1,1258.96184091886,0.198265969878776,NaN,NaN,NaN,NaN,0,11.7764969953795
335,70,1,2,1262.23132615025,0.198308404626005,2,0.402956560574239,2.04802998878222,0.963466901335778,1,-11.7764969953795
336,219,2,3,1265.39256531513,0.199215630269464,3,0.12488165826835,1.87858774818051,0.677317690811833,1,2.21261092028769
337,290,2,2,1268.661000506,0.198281480510559,3,0.0945355458316044,1.73038336721766,0.646068449883387,1,2.21261092028769
338,182,1,2,1271.81196519414,0.198352302641069,2,0.800783784425221,2.37147261159043,1.37071551715781,1,-11.7764969953795
339,93,1,1,1302.9911770843,0.19828557765868,1,0.360362901963526,2.12754451185538,0.917736875884657,1,11.7764969953795
340,208,2,8,1306.27471494824,0.198706120641873,3,0.0812853689967596,1.46812316378237,0.633127900377076,1,-2.21261092028769
341,275,2,3,1309.1767097033,0.198323037297087,3,0.0179308758433763,1.5993217464038,0.598473051448309,1,2.21261092028769
342,428,3,1,1312.27374246088,0.199287330360676,3,0.24707031964499,1.73293852434108,0.798464798621353,1,-11.7764969953795
343,325,2,5,1315.27479103813,0.199175536748953,3,0.101190777553711,1.61986192025688,0.652563600175199,1,-2.21261092028769
344,188,1,2,1318.30877015029,0.198583206200055,2,0.308717765321489,1.79408202080776,0.859875195017594,1,-11.7764969953795
345,419,3,1,1321.3090440739,0.198248703325589,3,0.88105306070247,2.32973379365831,1.44253969331658,1,-11.7764969953795
346,2,1,2,1324.27331430891,0.199073693353057,2,0.32398461696539,2.09352296495308,0.87535304978519,1,-11.7764969953795
347,134,1,2,1327.55766867593,0.198821426094582,2,0.373343837640277,1.79310133915351,0.924891374363142,1,-11.7764969953795
348,342,2,6,1330.49194456793,0.198457072570818,3,0.194923867671605,1.89876415381696,0.764552996757629,1,-2.21261092028769
349,434,3,1,1333.71081568072,0.198326841791641,3,0.456017261871239,1.93597328191208,1.01849569696969,1,-11.7764969953795
350,436,3,1,1336.70674604208,0.199491895109531,3,0.272380744456314,1.69189066116451,0.824078412390008,1,-11.7764969953795
351,185,1,1,1339.64120337921,0.19881323179834,3,0.574424255584745,2.29355451299307,1.12600076499621,0,11.7764969953795
352,404,3,1,1342.87528339827,0.198455901956549,3,0.391698475656085,2.02733763514334,0.943574662182073,1,-11.7764969953795
353,440,3,1,1346.0258038385,0.198374544301259,3,0.251538844913739,1.82043019469347,0.803154862538577,1,-11.7764969953795
354,318,2,6,1349.10932039727,0.198366350005017,3,0.031188369015581,1.6013062293332,0.600059818361842,1,-2.21261092028769
355,244,2,4,1352.19460136359,0.198469071361615,3,0.136541849000423,1.53205974461343,0.697581307171276,1,2.21261092028769
356,187,1,1,1355.10567335019,0.199443899946345,1,0.379429858436197,2.13277452135844,0.931279706152054,1,11.7764969953795
357,36,1,2,1358.37412727088,0.198699974920601,2,0.610756008687531,2.29643949053752,1.16237553815336,1,-11.7764969953795
358,164,1,2,1361.57463730728,0.198253678434412,1,0.801054488849331,2.51981951477501,1.35226927861913,0,-11.7764969953795
359,305,2,1,1364.80826517679,0.198351424680368,3,0.0209273543459858,1.59014618331639,0.57264316679175,1,2.21261092028769
360,204,2,4,1367.89217213524,0.198414930475337,3,0.813697702466015,2.55429408919008,1.38626858385942,1,2.21261092028769
361,343,2,7,1371.14774228119,0.198227339626101,3,0.21090391573307,1.80263569534873,0.768535717326813,1,-2.21261092028769
362,395,2,3,1374.25501527505,0.199339715323731,3,0.0429079683963209,1.49528374359943,0.594070958506563,1,2.21261092028769
363,181,1,1,1377.22272389524,0.19909973950962,1,0.276074030782183,1.91160110400597,0.827517968189568,1,11.7764969953795
364,200,1,2,1380.39163789639,0.198275042133901,2,0.144320577253893,1.7583987877133,0.707417681709558,1,-11.7764969953795
365,233,2,1,1383.52143525438,0.199333862254207,3,0.4724398019207,1.92492327358559,1.02396743820827,1,2.21261092028769
366,160,1,2,1386.48905461528,0.199241383770641,2,0.681822505108357,2.08481447674603,1.23408236028445,1,-11.7764969953795
367,147,1,1,1389.40691089376,0.198557160045311,1,0.299136877230922,2.08706615226038,0.869901501635468,1,11.7764969953795
368,378,2,2,1392.70936411969,0.198297576449477,3,0.409880448147305,2.07270330707252,0.972034037935373,1,2.21261092028769
369,53,1,1,1395.8876462499,0.19906901089962,1,0.289245483843843,1.95831883479332,0.840120502978607,1,11.7764969953795
370,121,1,1,1399.07189909544,0.198946681763118,1,0.424867230452946,1.87831850702241,0.994590008636806,1,11.7764969953795
371,117,1,1,1402.0401075677,0.198292893994221,2,0.310650741248537,1.76580496814313,0.865334352156424,0,11.7764969953795
372,321,2,1,1405.01006844871,0.198195440400013,1,0.150221933730791,1.61184409415182,0.710797243555135,0,2.21261092028769
373,91,1,1,1407.98781566697,0.198972435266114,1,0.654474041786671,2.29004618363797,1.20571487771122,1,11.7764969953795
374,46,1,2,1411.15692340469,0.198309282586706,2,0.419195021613632,2.10495576397079,0.970269045079476,1,-11.7764969953795
375,260,2,4,1414.35772697249,0.198418442318143,3,0.370817653205449,2.0723205163813,0.921951085319961,1,2.21261092028769
376,301,2,5,1417.57426622273,0.198327719752342,3,0.217635529999825,1.73551504516581,0.768333786458243,1,-2.21261092028769
377,269,2,5,1420.6270606094,0.198412296595052,3,0.0887579817554069,1.48274383664648,0.648364023410977,1,-2.21261092028769
378,361,2,1,1423.53649461474,0.199300499763922,3,0.174734292631911,1.67716726694744,0.725863627596482,1,2.21261092028769
379,195,1,1,1426.55443134365,0.198729825569899,1,0.297954264706277,1.86741394745331,0.849469024244172,1,11.7764969953795
380,232,2,8,1429.65744271821,0.198419027623459,3,1.15838842778066,2.67628989195691,1.70907234422157,1,-2.21261092028769
381,184,1,2,1432.6898391606,0.198311916468811,2,0.70824940276907,2.2596936328282,1.25969568140135,1,-11.7764969953795
382,388,2,4,1435.75617667019,0.198318647497217,3,0.525343055669509,1.97738462065354,1.07670036766103,1,2.21261092028769
383,166,1,2,1438.72288997606,0.198259824155684,2,0.151927225284453,1.88273845182084,0.732161236823231,1,-11.7764969953795
384,281,2,1,1441.96811335989,0.19868417163525,3,0.110629728729691,1.82966926357585,0.661534305860187,1,2.21261092028769
385,357,2,5,1445.2027605413,0.199162659997455,3,0.231416580163568,1.86679615605499,0.782424756607725,1,-2.21261092028769
386,271,2,7,1448.35325113089,0.199017796547196,3,0.151972001260219,1.8205317454358,0.703071192921925,1,-2.21261092028769
387,280,2,8,1451.53692832713,0.19831630626868,NaN,NaN,NaN,NaN,0,-2.21261092028769
388,104,1,2,1454.68962054848,0.198381275331485,2,0.192148342513974,1.75593318253959,0.75553283264162,1,-11.7764969953795
389,158,1,2,1457.76894513948,0.198937024200859,2,0.566274442780923,2.28457385709407,1.11690158445526,1,-11.7764969953795
390,81,1,1,1461.00315948646,0.199070474165637,2,1.38253871585584,2.85035898333444,1.9333048679091,0,11.7764969953795
391,176,1,2,1463.98647033914,0.198299625022628,2,0.90530437273992,2.44305505601187,1.45657447400663,1,-11.7764969953795
392,356,2,4,1467.03915790731,0.198412589248619,3,0.222880757481107,1.86999602869219,0.785584828377978,1,2.21261092028769
393,113,1,1,1470.20162329006,0.216764593382322,1,0.613424422688695,2.0678874021778,1.18323616751513,1,11.7764969953795
394,83,1,1,1473.17042409287,0.19898560466936,1,0.620922788952157,2.30707685752168,1.1732139580472,1,11.7764969953795
395,285,2,5,1476.37167834695,0.19834176711629,3,0.229226069215656,1.89758388252085,0.780201175823095,1,-2.21261092028769
396,358,2,6,1479.55522355649,0.198410540673649,3,0.540858955384465,1.93812135811095,1.10057152288937,1,-2.21261092028769
397,145,1,1,1482.46782494993,0.199314839783256,1,0.390841293750782,1.79349788455511,0.942129246877812,1,11.7764969953795
398,383,2,7,1485.38579624122,0.199073108047742,NaN,NaN,NaN,NaN,0,-2.21261092028769
399,328,2,8,1488.66979620493,0.198898101292798,3,0.253033425997273,1.83957060717694,0.805544377819388,1,-2.21261092028769
400,155,1,1,1491.77125505303,0.198356692442758,1,0.402527530639418,1.85008652298893,0.964662097956534,1,11.7764969953795
401,148,1,2,1494.73436228329,0.19937044393555,2,0.283485771627966,1.70264977197803,0.834815574196909,1,-11.7764969953795
402,369,2,1,1497.66879884203,0.199084521531404,3,0.844302227884327,2.49636422007461,1.39566831947559,1,2.21261092028769
403,351,2,7,1500.85431331652,0.198263335996671,3,0.682223147658078,2.26304773382253,1.24540629222429,1,-2.21261092028769
404,27,1,1,1503.95071101615,0.199342934511151,1,0.956664757590261,2.54247879213654,1.5079910483164,1,11.7764969953795
405,114,1,2,1507.05182687442,0.19928586709284,1,0.294630599666561,1.89697633399555,0.846364556626213,0,-11.7764969953795
406,359,2,7,1510.16914519737,0.219290485165402,3,0.3147985183532,1.76390037960118,0.896043647504484,1,-2.21261092028769
407,310,2,6,1513.13391821098,0.198980336908789,3,0.361918647613493,1.83103858898903,0.912963405737173,1,-2.21261092028769
408,381,2,5,1516.11809239127,0.199354640650199,3,0.23682481560536,1.62283410852433,0.788880106034412,1,-2.21261092028769
409,273,2,1,1519.01958290448,0.198172906086256,3,0.0816640625380387,1.63329295691437,0.632511864901971,1,2.21261092028769
410,202,2,2,1522.10540030454,0.198301380944031,3,0.083722001480055,1.57947662445258,0.644710245300303,1,2.21261092028769
411,84,1,2,1525.11695923718,0.199083936222451,2,0.353305564425682,2.05577125739546,0.904508062747482,1,-11.7764969953795
412,57,1,1,1528.33519207284,0.198754115805059,1,0.538004999105397,1.97357280968572,1.08939274705335,1,11.7764969953795
413,172,1,2,1531.28619047466,0.198403516991675,2,0.279874135610953,1.89455784602433,0.841676541282141,1,-11.7764969953795
414,82,1,2,1534.41679145897,0.199552474370648,2,0.754757593698741,2.49185530862997,1.30732649090169,1,-11.7764969953795
415,354,2,2,1537.66898292104,0.198585547426774,3,0.533897315519425,2.11976110114847,1.08549314005722,1,2.21261092028769
416,256,2,8,1540.76998493713,0.2186817660222,3,0.869760150026195,2.66689103429962,1.44956835081757,1,-2.21261092028769
417,59,1,1,1544.08325346333,0.199023942270287,1,0.375568003730223,1.96149968495956,0.927133099659841,1,11.7764969953795
418,398,2,6,1547.18556246966,0.198366642660403,3,0.577129836572567,2.07522597966454,1.13996501620932,1,-2.21261092028769
419,258,2,2,1550.19972923704,0.199043550050192,3,0.90062133250467,2.65291419898858,1.4519894726709,1,2.21261092028769
420,69,1,1,1553.46759287576,0.198320403416801,2,0.969614672003445,2.76884066220373,1.53066437304551,0,11.7764969953795
421,162,1,2,1556.78309142113,0.199369273321281,3,0.910445122945021,2.62969566091488,1.46203246053483,0,-11.7764969953795
422,25,1,1,1560.01774328499,0.198335036087883,2,1.08466376022807,2.86670777471954,1.64598972610838,0,11.7764969953795
423,438,3,1,1563.31593723286,0.198985312015793,NaN,NaN,NaN,NaN,0,-11.7764969953795
424,418,3,1,1566.31713564867,0.19890834416401,3,0.766825743317895,2.51958480672147,1.31873851152341,1,-11.7764969953795
425,367,2,7,1569.58613946516,0.198409077405813,3,0.0180072583916626,1.66864578428431,0.601311497093775,1,-2.21261092028769
426,237,2,5,1572.7517145833,0.198370739806705,3,0.0298465530249814,1.54870850576845,0.581303659835612,1,-2.21261092028769
427,261,2,5,1575.7863243636,0.198365179392567,3,0.237691069769426,1.83414188599272,0.800101316617656,1,-2.21261092028769
428,20,1,2,1578.89872142642,0.217765760777183,1,0.816602580442122,2.32164163357993,1.38730457701058,0,-11.7764969953795
429,360,2,8,1581.91959376192,0.19824548413817,NaN,NaN,NaN,NaN,0,-2.21261092028769
430,245,2,5,1585.1481432164,0.19909564235968,NaN,NaN,NaN,NaN,0,-2.21261092028769
431,338,2,2,1588.06651749146,0.199035648407516,NaN,NaN,NaN,NaN,0,2.21261092028769
432,88,1,2,1591.20558962204,0.198339133236004,2,0.660040310083787,2.28666749975309,1.21929019251002,1,-11.7764969953795
433,55,1,1,1594.34835299038,0.199044135355507,1,0.550000570674456,2.13570164099474,1.10142490030012,1,11.7764969953795
434,263,2,7,1597.44951596585,0.198966289543023,NaN,NaN,NaN,NaN,0,-2.21261092028769
435,247,2,7,1600.61938050536,0.198384787172472,3,0.0161178878279316,1.47858318278668,0.577082719370082,1,-2.21261092028769
436,56,1,2,1603.59798666144,0.199029502684425,2,0.248801072048082,1.73430814240965,0.799993912807622,1,-11.7764969953795
437,109,1,1,1606.59917102989,0.198976532414235,1,0.46106816747124,2.1971410100814,1.01304736800557,1,11.7764969953795
438,77,1,1,1609.86763226691,0.198390932893744,1,0.203350530624448,1.68861967374323,0.754194235840259,1,11.7764969953795
439,218,2,2,1612.86830185797,0.198376300222662,1,0.0446709126772475,1.80790345714377,0.60679318855,0,2.21261092028769
440,116,1,2,1616.14775457264,0.199474921209912,2,0.236942169633039,1.64028122824311,0.789312355154834,1,-11.7764969953795
441,209,2,1,1619.06719820334,0.198373666342377,3,0.501471900441175,2.24880868103719,1.06385697909718,1,2.21261092028769
442,157,1,1,1622.34903136103,0.198212414299633,1,0.20283955773084,1.83908333921136,0.754394996094561,1,11.7764969953795
443,11,1,1,1625.49999634183,0.198334158129001,NaN,NaN,NaN,NaN,0,11.7764969953795
444,377,2,1,1628.43376301686,0.198393566775849,NaN,NaN,NaN,NaN,0,2.21261092028769
445,302,2,6,1631.59666825773,0.199093008481213,NaN,NaN,NaN,NaN,0,-2.21261092028769
446,349,2,5,1634.84850180465,0.198642614846904,3,0.589942496526419,2.25932284092778,1.14190589377722,1,-2.21261092028769
447,254,2,6,1638.03382868829,0.198269481719763,3,0.675214097935168,2.20981407434738,1.22598200591165,1,-2.21261092028769
448,72,1,2,1641.0836081593,0.198234655961642,1,0.526327834473705,1.94456383078614,1.07720958463506,0,-11.7764969953795
449,58,1,2,1644.01703711226,0.19826655518591,2,0.320576667736532,1.9228703097524,0.905293544563392,1,-11.7764969953795
450,108,1,2,1647.1340185911,0.198316891575814,2,0.103260715286524,1.54960782976741,0.665199790109909,1,-11.7764969953795
