PresOrder,TrialNumber,Illusory_Fragmented,Fat_Thin,StimPresTime,StimPresLength,Response,RespScreenOnset_to_Resp,ExpStartOnset_to_Resp,StimOnset_to_Resp,Accuracy,StepLevel
1,121,1,1,221.225504177493,0.198414340527961,1,1.49448244235282,3.1127737451643,2.07826336603284,1,5.39496611244983
2,186,1,2,224.39867240308,0.198850102766301,2,0.999811530637089,2.69140278273335,1.55139638531,1,-5.39496611244983
3,191,1,1,227.606662684617,0.198214457648646,NaN,NaN,NaN,NaN,0,5.39496611244983
4,36,1,2,230.541424775702,0.218733327850714,2,1.06124112928228,2.72451720090248,1.63926700636148,1,-5.39496611244983
5,205,2,5,233.725214010765,0.198325666278834,3,0.383794736962955,2.13276232579483,0.963390118995449,1,-2.48361571541125
6,74,1,2,236.992458884266,0.198376588125029,2,1.11297918847595,2.64168257486745,1.67324007221578,1,-5.39496611244983
7,370,2,2,240.037333029753,0.198895756833736,3,0.441935779357664,1.81255551285903,0.994002342989916,1,2.48361571541125
8,292,2,4,242.922516557648,0.198429851205219,3,0.481083558361206,2.16743512805442,1.03243692348951,1,2.48361571541125
9,436,3,1,246.123503329381,0.198277085666632,3,0.827864258746558,2.35852228313524,1.40659601797051,1,-5.39496611244983
10,24,1,2,249.168162959273,0.19936722289458,NaN,NaN,NaN,NaN,0,-5.39496611244983
11,130,1,2,252.204161192811,0.198421949540716,1,1.00161603698689,2.6217244302843,1.55315845678706,0,-5.39496611244983
12,434,3,1,255.338951905485,0.198381563246585,3,0.75043056762479,2.41560362434939,1.31218398823876,1,-5.39496611244983
13,263,2,7,258.519481264419,0.199236406428099,3,1.42294632047197,2.8105400027689,1.97541089393962,1,-2.48361571541125
14,103,1,1,261.421257997876,0.198310155601575,2,0.57040281814443,2.1568460178969,1.12139387726347,0,5.39496611244983
15,202,2,2,264.523414245416,0.19834585942408,3,1.34983103604645,3.04657593017873,1.90935150443329,1,2.48361571541125
16,404,3,1,267.73561318829,0.19898560170077,NaN,NaN,NaN,NaN,0,-5.39496611244983
17,122,1,2,270.903538512281,0.198593444954895,NaN,NaN,NaN,NaN,0,-5.39496611244983
18,346,2,2,273.890011153055,0.198394147382714,3,1.04690984872286,2.55156846603131,1.6166729245906,1,2.48361571541125
19,437,3,1,276.908415010706,0.19835493170649,3,0.557765127958191,2.06923029873178,1.11792943578257,1,-5.39496611244983
20,71,1,1,279.934111227945,0.199344981168906,NaN,NaN,NaN,NaN,0,5.39496611244983
21,198,1,2,282.969688331961,0.19817260808486,2,0.773528600078862,2.36053223279669,1.3251570602406,1,-5.39496611244983
22,140,1,2,286.070416426568,0.19826655011093,2,0.815292708430206,2.33115062008983,1.37769669953195,1,-5.39496611244983
23,448,3,1,289.103003189053,0.198701141731362,3,0.872384877849981,2.44243709615512,1.42410845065569,1,-5.39496611244983
24,438,3,1,292.18738595628,0.198406146208072,3,0.419009242314132,1.82218237571578,0.970047418773902,1,-5.39496611244983
25,299,2,3,295.122451822519,0.198379514667977,3,0.25844651494117,1.65535596858172,0.820205788642852,1,2.48361571541125
26,267,2,3,298.033895219814,0.199244015439035,3,0.22469381776682,1.9118774036051,0.776336617987909,1,2.48361571541125
27,389,2,5,301.235871455699,0.198849810110914,3,0.253179030383762,1.98979280368985,0.804730229812776,1,-2.48361571541125
28,104,1,2,304.486453179265,0.198295815542224,2,0.350812891187161,1.77104220923502,0.90215250156507,1,-5.39496611244983
29,251,2,3,307.420775703606,0.198270647273603,3,0.190793037520052,1.69295970355415,0.774269308087241,1,2.48361571541125
30,236,2,4,310.437596594205,0.19835756559587,3,0.178745338382214,1.66016749775736,0.742100163271971,1,2.48361571541125
31,359,2,7,313.434506164909,0.198838396592691,3,0.171660178031743,1.75880282153776,0.723196452092452,1,-2.48361571541125
32,84,1,2,316.536261183417,0.198352590472496,2,0.356104373397102,1.79326110820512,0.907420571429611,1,-5.39496611244983
33,413,3,1,319.504979659063,0.198345274115127,3,0.589679663542483,2.13675266703285,1.15061599338151,1,-5.39496611244983
34,260,2,4,322.565863164804,0.198905999734052,3,1.07738774439895,2.45135807686347,1.6320384454084,1,2.48361571541125
35,56,1,2,325.453587224587,0.198262160296508,2,1.08266576451024,2.75603050745303,1.65350346692867,1,-5.39496611244983
36,149,1,1,328.641676429126,0.198388879605773,2,0.794421775117371,2.28778569277529,1.35100633567345,0,5.39496611244983
37,250,2,2,331.649998639157,0.198681826548636,3,0.121157997906266,1.75920317260716,0.672813382261666,1,2.48361571541125
38,212,2,4,334.802359437412,0.19835932152273,3,0.177235827557524,1.63102615422213,0.728307073952237,1,2.48361571541125
39,90,1,2,337.788285399974,0.19837102769452,1,0.273834570140025,2.03702252355288,0.833790800763381,0,-5.39496611244983
40,159,1,1,341.065390967107,0.199299034446085,1,1.04455281107585,2.8161396499454,1.5960606976696,1,5.39496611244983
41,441,3,1,344.351920880326,0.198248112892543,3,0.410915887938245,2.08141027760939,0.961789592685818,1,-5.39496611244983
42,153,1,1,347.55388862924,0.198205385364417,1,0.907259611572954,2.28808683403804,1.46809468302672,1,5.39496611244983
43,338,2,2,350.450053131386,0.198929412077632,3,0.772674049554553,2.32731684889768,1.3247128110288,1,2.48361571541125
44,386,2,2,353.51868378148,0.198454726820273,3,0.434596302429782,1.9867117393278,1.01658032877458,1,2.48361571541125
45,43,1,1,356.585016510091,0.198309277639055,3,0.623843832647253,2.34439556792677,1.17462857049213,0,5.39496611244983
46,109,1,1,359.819851969607,0.198326544241354,NaN,NaN,NaN,NaN,0,5.39496611244983
47,417,3,1,363.031053254008,0.198970968986032,3,0.424435638151408,1.97841294164027,0.975047124657067,1,-5.39496611244983
48,32,1,2,366.099639713304,0.198163828456018,2,0.463459331735066,1.9177489266167,1.01443488017685,1,-5.39496611244983
49,395,2,3,369.068040659045,0.19828001220958,3,0.222256300188747,1.70930795747518,0.773050402969602,1,2.48361571541125
50,422,3,1,372.069468811978,0.198334445907676,3,0.472322074239855,2.01998155692672,1.03446560302473,1,-5.39496611244983
51,304,2,8,375.132643215498,0.198317179305377,3,0.527786793156338,2.31643274321505,1.07929321647862,1,-2.48361571541125
52,240,2,8,378.435569377942,0.198286450604428,3,0.150890210450598,1.56564250347037,0.712560809903152,1,-2.48361571541125
53,229,2,5,381.364245430423,0.199140415819784,3,0.194872345662588,1.56504226952165,0.745621087029576,1,-2.48361571541125
54,357,2,5,384.249402912084,0.198570910573835,3,0.264813209008935,1.70381893362173,0.835070577972147,1,-2.48361571541125
55,293,2,5,387.202668655935,0.198210067834225,3,0.0497793240338069,1.4303835439332,0.611027623344853,1,-2.48361571541125
56,136,1,2,390.097243459981,0.1993265439487,2,0.892663478880422,2.66389737667669,1.44442217020151,1,-5.39496611244983
57,418,3,1,393.383242205664,0.198304887824634,3,0.431730338972557,1.80182066086672,0.983008199296819,1,-5.39496611244983
58,97,1,1,396.267282625904,0.198367515842619,2,0.297725695720146,1.91769449292042,0.849011165053525,0,5.39496611244983
59,194,1,2,399.401178694416,0.198340298993571,2,0.246671862254516,1.71181395615713,0.805178868838993,1,-5.39496611244983
60,55,1,1,402.380117243161,0.198893708253308,1,1.10954371977095,2.6129172920937,1.66017481411291,1,5.39496611244983
61,204,2,4,405.398693181534,0.198617735259177,3,0.264345840108945,1.7863688070338,0.834256413738331,1,2.48361571541125
62,7,1,1,408.434773943583,0.198264794185889,1,1.23284043522472,3.0141059367561,1.79554029981227,1,5.39496611244983
63,381,2,5,411.730979592923,0.199104419341893,3,0.208422824576701,1.6461835978389,0.760241510024571,1,-2.48361571541125
64,17,1,1,414.68332201249,0.198333860598723,NaN,NaN,NaN,NaN,0,5.39496611244983
65,135,1,1,417.950813593558,0.198338543066711,2,0.746795216038663,2.26601133567056,1.33023578278153,0,5.39496611244983
66,35,1,1,420.983826168034,0.198438045526927,1,1.21340994632556,2.74522015065304,1.77677618473172,1,5.39496611244983
67,329,2,1,424.030385709573,0.198971846950371,3,0.236378332929235,1.72245018365538,0.7868601735845,1,2.48361571541125
68,430,3,1,427.031400927304,0.199349078327941,3,0.378206795960068,2.08139242569632,0.9300073368413,1,-5.39496611244983
69,290,2,2,430.267440659221,0.198288499184855,3,0.796954697994806,2.34934727850487,1.34755769752519,1,2.48361571541125
70,111,1,1,433.333843332208,0.198404390283031,2,1.27340758753053,2.75484935474196,1.83601760725287,0,5.39496611244983
71,106,1,2,436.330911521536,0.198842786407113,2,0.427317404939458,1.9818179742997,0.979240860624486,1,-5.39496611244983
72,378,2,2,439.399439742627,0.198374539544602,3,0.132629460746102,1.76933896127048,0.684207584370597,1,2.48361571541125
73,206,2,6,442.550126558346,0.198313960107043,3,0.10943485237658,1.69078235563939,0.671124181701089,1,-2.48361571541125
74,343,2,7,445.645363873175,0.217592854083705,3,0.844776750140227,2.43551728547754,1.41594720048306,1,-2.48361571541125
75,148,1,2,448.750476221692,0.198240211226221,2,0.421362182803932,1.80230588167797,0.982669598281063,1,-5.39496611244983
76,421,3,1,451.646488543609,0.199032719041497,3,0.375303080098092,1.93002665202584,0.927338622375828,1,-5.39496611244983
77,4,1,2,454.715645971422,0.198402341702604,2,0.187427805843981,1.653101945245,0.766827109504447,1,-5.39496611244983
78,257,2,1,457.696357127199,0.198848639494827,3,0.158660767147012,1.68047331563685,0.710674360352641,1,2.48361571541125
79,114,1,2,460.732153136625,0.198362540719245,2,0.280984407087089,1.88445335544202,0.831838796653756,1,-5.39496611244983
80,19,1,1,463.850482338166,0.218735961738275,1,0.794944455679797,2.54209524668113,1.37331917666961,1,5.39496611244983
81,145,1,1,467.111495723881,0.199158560388241,1,0.534116612783691,1.92127160630116,1.08510737924917,1,5.39496611244983
82,374,2,6,470.013788992159,0.198354639052923,3,0.423469878996912,1.79469423626142,0.974789003574188,1,-2.48361571541125
83,333,2,5,472.899204594905,0.19835024924032,3,0.596493240711425,2.06148842215771,1.15913194055247,1,-2.48361571541125
84,59,1,1,475.88151949619,0.198345274116946,1,0.314015126128652,1.93479077120537,0.897620457237281,1,5.39496611244983
85,277,2,5,479.016425514654,0.198301375972733,3,0.181764067379845,1.69596204391019,0.742940081083361,1,-2.48361571541125
86,279,2,7,482.045515351034,0.199093298480875,3,0.208097393006028,1.96286860905275,0.759697465702629,1,-2.48361571541125
87,368,2,8,485.314542781813,0.198243137769168,3,0.116382465208517,1.66980109165888,0.666618768915214,1,-2.48361571541125
88,51,1,1,488.382631143508,0.198212116414652,1,0.4529100225609,2.2339452051674,1.0144898991839,1,5.39496611244983
89,428,3,1,491.678991899622,0.199001990342367,3,0.512926100987897,2.23360894538746,1.06458792373815,1,-5.39496611244983
90,420,3,1,494.914283899829,0.198400585777563,3,0.401839507803743,2.1342165249589,0.981559267907869,1,-5.39496611244983
91,209,2,1,498.160847187342,0.19904149867034,3,0.195925901105511,1.78371150608473,0.747347747337699,1,2.48361571541125
92,284,2,4,501.263440953046,0.198450044352285,3,0.0737263465834985,1.79316658087009,0.624545324979408,1,2.48361571541125
93,264,2,8,504.497231344094,0.198395610654188,3,0.0173608377644996,1.44985354116034,0.577911156597111,1,-2.48361571541125
94,213,2,5,507.444361883418,0.199259233462726,3,0.261176979462107,1.74795734622239,0.812504005705705,1,-2.48361571541125
95,356,2,4,510.445863785231,0.198285572640089,3,0.239773122688348,1.81054497789046,0.791271059037172,1,2.48361571541125
96,268,2,4,513.530476286076,0.198384489789532,3,0.215777519526455,1.88602198243461,0.766875397459444,1,2.48361571541125
97,385,2,1,516.714987206617,0.218779274573535,3,0.214332099991225,1.84546243913974,0.792618146731911,1,2.48361571541125
98,300,2,4,519.859696265819,0.199349078327941,3,0.170827869233108,1.7087188443893,0.722247081577734,1,2.48361571541125
99,230,2,6,522.912069970129,0.198763477095781,3,0.221013104765007,1.80817886795921,0.77267434220812,1,-2.48361571541125
100,42,1,2,526.013204268889,0.198269184002129,2,0.894981008201285,2.29888255812693,1.44621526303308,1,-5.39496611244983
101,180,1,2,528.931091620985,0.198296400849358,2,0.361353713387871,1.79735007393901,0.944831739878282,1,-5.39496611244983
102,52,1,2,531.881059443645,0.198329763437869,2,0.460993426691857,2.15900756248084,1.02275445631858,1,-5.39496611244983
103,360,2,8,535.093877057689,0.198284987332954,3,0.0190228214742092,1.64172003461499,0.570984029562169,1,-2.48361571541125
104,302,2,6,538.23099466462,0.198239625917267,3,0.123118781644735,1.72093364912507,0.684596521919957,1,-2.48361571541125
105,185,1,1,541.344422199467,0.199136611316135,1,0.276052304345285,1.67951809203441,0.827525072425487,1,5.39496611244983
106,92,1,2,544.262694391953,0.19823845530118,1,0.346993167398978,1.92953382220185,0.907978077853841,0,-5.39496611244983
107,151,1,1,547.359268258921,0.199118466749496,1,0.481055463549637,2.18456945139951,1.03191482823604,1,5.39496611244983
108,98,1,2,550.57798168628,0.198943459485236,2,0.136747106600524,1.57412830724934,0.689071791317474,1,-5.39496611244983
109,253,2,5,553.52930040114,0.198386245716392,3,0.383051102413447,2.08665200858923,0.934255213855067,1,-2.48361571541125
110,119,1,1,556.763673174224,0.198393269418375,NaN,NaN,NaN,NaN,0,5.39496611244983
111,10,1,2,559.759621375586,0.199466140044024,2,0.256595183906029,1.7284648146142,0.809213400872977,1,-5.39496611244983
112,426,3,1,562.745559922283,0.198548961501729,3,0.416291361929325,1.88627395777621,0.967510691392818,1,-5.39496611244983
113,101,1,1,565.729419160252,0.198240796535174,1,0.251197175533889,1.76640422405399,0.813604385835788,1,5.39496611244983
114,314,2,2,627.870051837854,0.198239040608314,3,0.394282003429907,2.43371190116704,0.955844906102357,1,2.48361571541125
115,154,1,2,631.425554748155,0.199076909839278,2,1.0437702535055,2.81410921448332,1.59585057188997,1,-5.39496611244983
116,126,1,2,634.710166019851,0.219436868763296,1,0.847662321433745,2.31347488631036,1.42900923938942,0,-5.39496611244983
117,353,2,1,637.691470093219,0.199052034224223,3,0.48245464370666,1.8522362153235,1.03399091776555,1,2.48361571541125
118,175,1,1,640.575833896448,0.198722505496335,1,0.153541950967337,1.8236430132747,0.705283668339689,1,5.39496611244983
119,187,1,1,643.760004460051,0.198218262154114,1,0.219326538095629,1.87170767582393,0.770322864991613,1,5.39496611244983
120,124,1,2,646.926594402517,0.198745625184529,2,0.445348128372643,1.89687243287335,0.996538777717433,1,-5.39496611244983
121,429,3,1,649.89211767863,0.198276207704112,3,0.439104641760423,1.93917707369837,1.00128709356613,1,-5.39496611244983
122,50,1,2,652.906840530628,0.199272695559557,2,0.380596318234893,2.100805647995,0.932089572112091,1,-5.39496611244983
123,256,2,8,656.141535223431,0.199009306699736,3,0.403388819611791,1.90576766000413,0.954837004730507,1,-2.48361571541125
124,91,1,1,659.158714615534,0.220718109241716,1,1.12677578964758,2.7766515140047,1.70921167421329,1,5.39496611244983
125,18,1,2,662.323026537013,0.198881416774384,2,1.12275530501756,2.69244053484363,1.67363486285103,1,-5.39496611244983
126,222,2,6,665.407218493643,0.199015159785631,3,0.191468776274633,1.94404157329882,0.742511049895256,1,-2.48361571541125
127,444,3,1,668.674458977332,0.198733626359171,3,0.370915021680048,2.14087089819259,0.922356768407553,1,-5.39496611244983
128,44,1,2,671.958426702246,0.199017793673193,2,0.711535349273618,2.2650751345991,1.26374853270499,1,-5.39496611244983
129,388,2,4,675.025718458965,0.198362833372812,3,0.194212995547787,1.81359150904427,0.745794923677749,1,2.48361571541125
130,419,3,1,678.159119941727,0.218387703134795,3,0.393766931880236,1.97603922269809,0.975035711138844,1,-5.39496611244983
131,348,2,4,681.255631180675,0.199323910061139,3,0.360580520753501,1.84759501094777,0.911867160706606,1,2.48361571541125
132,181,1,1,684.257320673889,0.198489845335644,2,0.621519864935181,2.1098750044257,1.17274153563267,0,5.39496611244983
133,102,1,2,687.259673614377,0.198275915048725,2,0.727422087380546,2.37959046543983,1.27878949991464,1,-5.39496611244983
134,177,1,1,690.425694051597,0.198764940367255,NaN,NaN,NaN,NaN,0,5.39496611244983
135,446,3,1,693.658964103317,0.198287328566948,3,0.420799993911714,1.95630788518974,0.972001178812206,1,-5.39496611244983
136,189,1,1,696.708334881961,0.218176406739076,1,0.347214121387879,1.76298104682974,0.928444562938239,1,5.39496611244983
137,373,2,5,699.638797881533,0.199409950420886,3,0.290850661149307,1.94455166972512,0.842580087040915,1,-2.48361571541125
138,258,2,2,702.807463328221,0.198870003256161,3,0.409268244287887,1.89560699572576,0.960838173590673,1,2.48361571541125
139,411,3,1,705.807887384288,0.198237284683273,3,0.429599523089564,2.18330898937347,0.980276856809724,1,-5.39496611244983
140,234,2,2,709.07599880714,0.198345274116946,3,0.279167609256547,1.7152450350477,0.831513950390217,1,2.48361571541125
141,183,1,1,712.026351177537,0.198332397327249,1,0.749489976737095,2.39681375568944,1.31297620340229,1,5.39496611244983
142,308,2,4,715.187693243284,0.198957214235634,3,0.162878208111579,1.89946886173129,0.714213721330452,1,2.48361571541125
143,86,1,2,718.438503237196,0.199250453833884,2,0.779201996137999,2.21657031999712,1.33087435444031,1,-5.39496611244983
144,190,1,2,721.390106704681,0.19911817409411,NaN,NaN,NaN,NaN,0,-5.39496611244983
145,358,2,6,724.656091408811,0.198985016393635,3,0.184436879006171,1.70291082736003,0.735336629986705,1,-2.48361571541125
146,54,1,2,727.689933658199,0.198301668628119,NaN,NaN,NaN,NaN,0,-5.39496611244983
147,414,3,1,730.623881292397,0.198517062184692,3,0.439258870572303,1.97526456679407,0.990823824751715,1,-5.39496611244983
148,141,1,1,733.673892398627,0.19879244986987,NaN,NaN,NaN,NaN,0,5.39496611244983
149,134,1,2,736.893068805071,0.198382733864491,2,0.994106235262734,2.47389801758982,1.55634312076472,1,-5.39496611244983
150,176,1,2,739.886805417967,0.198970676332465,2,0.929266336181172,2.43207537837952,1.47991498978263,1,-5.39496611244983
151,188,1,2,742.903912524462,0.199165584088405,NaN,NaN,NaN,NaN,0,-5.39496611244983
152,95,1,1,745.904925693612,0.198926778188252,1,1.01366900390167,2.58202265671025,1.5643615556437,1,5.39496611244983
153,93,1,1,749.006129351439,0.19898911355267,2,1.12074623331864,2.48883421456412,1.67188683877976,0,5.39496611244983
154,75,1,1,751.888801320221,0.198829616965668,1,0.940070254588136,2.71025352348443,1.49197966286738,1,5.39496611244983
155,334,2,6,755.173480195059,0.198290840418849,3,0.427475438256806,1.89755578064069,0.979520930781291,1,-2.48361571541125
156,78,1,2,758.158176424296,0.198342054918612,2,1.34331977075817,2.92877643290194,1.89441823400193,1,-5.39496611244983
157,155,1,1,761.257751168348,0.198297864120832,1,1.45263317160425,3.02114193118541,2.00407082116726,1,5.39496611244983
158,164,1,2,764.340575551485,0.198266257457362,2,0.868926289456795,2.65027783134974,1.44940051232152,1,-5.39496611244983
159,28,1,2,767.636525420976,0.199094469096963,2,0.751165715199022,2.35417314773986,1.30201747087449,1,-5.39496611244983
160,440,3,1,770.754190004627,0.19929054747081,3,0.324078043875488,1.87669713880678,0.875564274052522,1,-5.39496611244983
161,423,3,1,773.821930693026,0.199237869699573,3,0.349329719248999,1.96878988329263,0.901358823131886,1,-5.39496611244983
162,150,1,2,776.95579895938,0.198842201099978,2,1.12085656398813,2.90695408049396,1.67277358127649,1,-5.39496611244983
163,147,1,1,780.256093574453,0.198847176221534,1,1.12245826091385,2.55841921029605,1.67456521083841,1,5.39496611244983
164,23,1,1,783.206354344058,0.198372198310608,1,0.366984089265316,1.96850278943384,0.917896424378341,1,5.39496611244983
165,220,2,4,786.322138331243,0.198647585995786,3,0.660214907751651,2.19642399870645,1.21210148899445,1,2.48361571541125
166,415,3,1,789.372649583654,0.198299327392306,3,0.308050246399944,1.97779866028759,0.859847860740047,1,-5.39496611244983
167,25,1,1,792.556281370711,0.198388586952206,2,0.92977613995572,2.49837211051454,1.48130363438577,0,5.39496611244983
168,39,1,1,795.638984594971,0.198741235370107,1,1.09420278191283,2.55968874460268,1.67585903545296,1,5.39496611244983
169,161,1,1,798.618478308903,0.199289376854722,2,1.33601072987767,2.74023566279357,1.88756602646572,0,5.39496611244983
170,87,1,1,801.537334932005,0.199087152739594,2,1.08192534915725,2.71714377607714,1.63305658968238,0,5.39496611244983
171,259,2,3,804.688443169902,0.198455604782794,3,0.185176709050211,1.93419375645499,0.747444615906716,1,2.48361571541125
172,392,2,8,807.951892317269,0.198485162865836,3,0.0996016682474874,1.51855530624562,0.650571656255124,1,-2.48361571541125
173,355,2,3,810.886678406005,0.199066666938961,3,0.201973309343884,1.88788619025945,0.753394570267119,1,2.48361571541125
174,231,2,7,814.087386278201,0.199298449137132,3,0.142846607302999,1.79897108604928,0.71497725637164,1,-2.48361571541125
175,367,2,7,817.257736535634,0.198373076273128,3,0.406129819686612,2.06889550222513,0.967653214032907,1,-2.48361571541125
176,215,2,7,820.436056062026,0.199435996653847,3,0.433325890158812,1.98654375576734,0.984938839643291,1,-2.48361571541125
177,398,2,6,823.504443809059,0.198817032829538,3,0.480275247211466,2.16592473926721,1.03176001411703,1,-2.48361571541125
178,27,1,1,826.704333127207,0.198254551287391,2,1.34567183328181,2.76601733508323,1.89657685204111,0,5.39496611244983
179,382,2,6,829.63912858088,0.198252795360531,3,0.572764830914821,1.99134387142476,1.12328910644101,1,-2.48361571541125
180,403,3,1,832.572378819907,0.198316301341038,3,0.351128957820038,2.08215654604646,0.914341260069705,1,-5.39496611244983
181,225,2,1,835.818999467661,0.216849512187764,3,0.243254245462595,1.71539341077187,0.813967862461141,1,2.48361571541125
182,210,2,2,838.806042491646,0.198341176956092,3,0.572540950382972,2.02426250387543,1.12347377129845,1,2.48361571541125
183,232,2,8,841.7720597682,0.198368686460526,3,0.217981791634884,1.97009658469506,0.769153125796947,1,-2.48361571541125
184,246,2,6,845.038668118621,0.21924430224135,3,0.534552667675598,2.01550219037199,1.11461454064556,1,-2.48361571541125
185,283,2,3,848.034083103868,0.199061399162019,3,0.20386297809091,1.94013961365454,0.754661763341574,1,2.48361571541125
186,182,1,2,851.285826079653,0.199167340015265,NaN,NaN,NaN,NaN,0,-5.39496611244983
187,69,1,1,854.36948628344,0.199489552389423,1,0.575861698607696,2.09323292559748,1.17605262626603,1,5.39496611244983
188,288,2,8,857.401595726778,0.199399707522389,3,0.128569760441678,1.7324229638798,0.680711828881613,1,-2.48361571541125
189,115,1,1,860.520028235285,0.198506819284376,1,0.970869777329426,2.390283467872,1.52249677421787,1,5.39496611244983
190,286,2,6,863.453895389554,0.198492186569638,3,0.1835112134886,1.95213258644071,0.734264637323577,1,-2.48361571541125
191,22,1,2,866.75406884575,0.19817260808486,2,0.253247804141211,1.95592567868698,0.804485278171342,1,-5.39496611244983
192,73,1,1,869.971554295711,0.198284109368615,2,0.49783421193024,2.17854691877437,1.06107226775748,0,5.39496611244983
193,77,1,1,873.166828455713,0.199282060497353,2,0.79558214937606,2.39921322820737,1.34710876584541,0,5.39496611244983
194,305,2,1,876.286227601338,0.216828733735383,3,0.222753227171779,1.6718376728586,0.802781152244279,1,2.48361571541125
195,352,2,8,879.249570602993,0.199114076935075,3,0.206506816941328,1.67633547663536,0.757916079041024,1,-2.48361571541125
196,33,1,1,882.234781318472,0.199098566257817,2,0.772582156107092,2.2914394815798,1.32386791809586,0,5.39496611244983
197,138,1,2,885.286634683454,0.198214750302213,2,1.13758965829948,2.82349200366116,1.68909169180733,1,-5.39496611244983
198,233,2,1,888.486833922494,0.198261282333988,3,0.2422478073604,1.91122332126906,0.793808957036163,1,2.48361571541125
199,280,2,8,891.670187395321,0.198354346399356,3,0.151185791284661,1.9037530278747,0.702957944700756,1,-2.48361571541125
200,297,2,1,894.93690812499,0.198378344051889,3,0.203291131609149,1.70118563032338,0.765209316590699,1,2.48361571541125
201,208,2,8,897.949382806735,0.199206848345057,3,0.740326385621302,2.37653808120012,1.29109473482822,1,-2.48361571541125
202,330,2,2,901.100814720276,0.199035645586264,3,0.299123705261081,1.7850304989679,0.85059501006981,1,2.48361571541125
203,237,2,5,904.102178196612,0.198700849077795,3,0.182645542099635,1.56792959674203,0.733919305261225,1,-2.48361571541125
204,226,2,2,907.001850453073,0.218146556000647,3,0.192964825002491,1.69221782492787,0.774854616665834,1,2.48361571541125
205,219,2,3,910.015904004709,0.199365174314153,3,0.0722733180355135,1.52586698101732,0.623964991522371,1,2.48361571541125
206,152,1,2,912.984359091495,0.199309862655355,2,0.661507854401862,2.21355100569235,1.21293935822723,1,-5.39496611244983
207,412,3,1,916.050845756263,0.199401756100997,3,0.513479802903021,2.08292651948432,1.06556860826277,1,-5.39496611244983
208,168,1,2,919.152235249565,0.19828001220958,2,0.276380369803519,2.02937634492991,0.828065604897347,1,-5.39496611244983
209,447,3,1,922.419842721731,0.198254258632005,3,0.244327994050764,1.74613059814874,0.795506644568377,1,-5.39496611244983
210,224,2,8,925.436527235432,0.198429265898085,2,0.137420796774677,1.68924006753332,0.687901466813855,0,-2.48361571541125
211,47,1,1,928.502556481546,0.198290547763463,1,1.00178489851169,2.68717451355769,1.55319006345053,1,5.39496611244983
212,324,2,4,931.702396048464,0.198370735039134,3,0.200093590841789,1.71923947344476,0.751806335438232,1,2.48361571541125
213,425,3,1,934.736839117108,0.198479017126374,3,0.2194690607339,1.86906178839308,0.801797248521325,1,-5.39496611244983
214,66,1,2,937.900967544347,0.198838103940943,2,0.788703895608705,2.42491324995171,1.34079065238802,1,-5.39496611244983
215,143,1,1,941.052317222031,0.198364881955058,2,0.711446382369104,2.09717000375531,1.26292675946024,0,5.39496611244983
216,45,1,1,943.952675752802,0.198335909177331,1,1.30452551813687,2.86085312822433,1.87657041949933,1,5.39496611244983
217,196,1,2,947.023039794252,0.198355809670829,1,0.77512561453841,2.31864199044685,1.33451029133357,0,-5.39496611244983
218,266,2,2,950.082227075731,0.199064325704967,3,0.0679309136885422,1.78738812192387,0.619305642580002,1,2.48361571541125
219,48,1,2,953.316612725603,0.199228504761777,2,1.00690517796284,2.39316084484562,1.55907621917504,1,-5.39496611244983
220,117,1,1,956.235615090542,0.19833590917915,1,0.810800465085777,2.54612216970418,1.36178069599555,1,5.39496611244983
221,64,1,2,959.486083264243,0.198345274116946,2,0.617539766597474,2.04768889444313,1.18027094519493,1,-5.39496611244983
222,193,1,1,962.431579329359,0.199101785456151,1,0.379217038567731,1.98210097099764,0.930362326496834,1,5.39496611244983
223,144,1,2,965.54938789892,0.220419601866524,2,0.34610232774321,1.8960170043847,0.92865293279101,1,-5.39496611244983
224,38,1,2,968.613482114872,0.199011062624777,2,0.259516166368485,1.6960346221731,0.810130579417091,1,-5.39496611244983
225,31,1,1,971.565393747323,0.199139245203696,1,0.553814880358914,2.2561304488936,1.10523292208563,1,5.39496611244983
226,287,2,7,1021.2819094873,0.198352005163542,3,0.354286990257606,2.49126880559925,0.905831751291771,1,-2.48361571541125
227,379,2,3,1024.93466346659,0.198333860598723,3,0.0956871244707145,1.75852421465424,0.654875137584895,1,2.48361571541125
228,365,2,5,1028.11269238727,0.19924986852493,3,0.672319381819761,2.07649836801465,1.22494081798504,1,-2.48361571541125
229,116,1,2,1031.03154696179,0.198764355058302,2,0.288633219597614,1.94146592289508,0.840504290164972,1,-5.39496611244983
230,344,2,8,1034.19912929496,0.198423120156804,3,0.122544886582546,1.74185140712689,0.673554382921793,1,-2.48361571541125
231,12,1,2,1037.33292059323,0.198378051396503,2,0.203467602146702,1.82432080060789,0.773028161243928,1,-5.39496611244983
232,170,1,2,1040.4684406004,0.19832683689674,2,0.316028880295562,1.94477320902115,0.876387803224134,1,-5.39496611244983
233,218,2,2,1043.61163458834,0.199150366066533,3,0.48771656783174,2.05746910814378,1.03859173585261,1,2.48361571541125
234,291,2,3,1046.69638141751,0.198795083759251,3,0.51957081663204,2.15661160181116,1.07113635612041,1,2.48361571541125
235,402,3,1,1049.84792980745,0.198462628486595,3,0.419314773393126,2.0052525591891,0.970969279787823,1,-5.39496611244983
236,178,1,2,1052.94839334258,0.198317471958944,2,0.375404045827963,2.14483255931009,0.927384861754035,1,-5.39496611244983
237,65,1,1,1056.23273098252,0.218874679872897,1,0.234453253013271,1.9484173402343,0.814175647008597,1,5.39496611244983
238,184,1,2,1059.46180993216,0.199068715519388,2,0.343504142960228,1.86313524637444,0.894532076519681,1,-5.39496611244983
239,57,1,1,1062.49664954737,0.19898911355267,1,0.192586715660582,1.61224886969649,0.744234491005045,1,5.39496611244983
240,362,2,2,1065.43142363728,0.198483699594362,3,0.0533207335902262,1.50151053511399,0.61583856721154,1,2.48361571541125
241,325,2,5,1068.39493286657,0.199027451266375,3,1.02127508888589,2.48999488147638,1.57192374248734,1,-2.48361571541125
242,29,1,1,1071.37918016413,0.199071642064155,1,0.465547420091752,2.20186093009761,1.01720280444897,1,5.39496611244983
243,113,1,1,1074.63035890244,0.198305473133587,1,0.234664256755423,1.95046094513782,0.794498157887574,1,5.39496611244983
244,163,1,1,1077.86139805051,0.198977992689834,1,0.212747962321373,1.59926204294243,0.764068550170123,1,5.39496611244983
245,326,2,6,1080.76269892809,0.198822593263685,3,0.284422217026076,1.93810010591187,0.836531215531068,1,-2.48361571541125
246,89,1,1,1083.93055869752,0.198352590472496,1,0.325471956255569,1.99419461685829,0.876621341345526,1,5.39496611244983
247,261,2,5,1087.11379423067,0.198294937577884,3,0.143311049660042,1.76273814376873,0.694338105255156,1,-2.48361571541125
248,108,1,2,1090.24774356226,0.198279426900626,1,0.381667140280115,2.012906346823,0.943142246665957,0,-5.39496611244983
249,127,1,1,1093.39430483046,0.199544571394654,1,0.399514369471945,1.77062605483661,0.95210390632019,1,5.39496611244983
250,328,2,8,1096.28016702365,0.198342640227565,3,0.124983867433912,1.84450224041575,0.676375570274104,1,-2.48361571541125
251,376,2,8,1099.51443678243,0.198392391455855,3,0.124346759042965,1.72201032425801,0.684787039863295,1,-2.48361571541125
252,76,1,2,1102.62697201435,0.199385660114785,2,0.138244911253423,1.6578891841109,0.689501407812713,1,-5.39496611244983
253,60,1,2,1105.66184557745,0.198569739957748,2,0.214929700050561,1.9348077451541,0.766337498876965,1,-5.39496611244983
254,165,1,1,1108.89621308276,0.198283816715048,1,0.438694633099658,1.90840301188109,0.990409718931915,1,5.39496611244983
255,13,1,1,1111.88015280066,0.198308399676534,1,0.212047347951739,1.76462225208525,0.76324502100033,1,5.39496611244983
256,133,1,1,1114.94701201434,0.198402927011557,1,0.206609245944492,1.84161813239189,0.790584492073322,1,5.39496611244983
257,312,2,8,1118.09685247385,0.198366052571146,3,0.281360175195005,1.8839040433395,0.832551702502315,1,-2.48361571541125
258,318,2,6,1121.21403886039,0.19836575991576,3,0.344744119185634,2.04672020874568,0.896221277078439,1,-2.48361571541125
259,405,3,1,1124.43057201329,0.217273568254313,3,0.346221438037901,1.91020020187352,0.926462415432979,1,-5.39496611244983
260,394,2,2,1127.50927231218,0.198862686900611,3,0.258734194108911,1.91132955477588,0.80943230628327,1,2.48361571541125
261,294,2,6,1130.67668256462,0.199260989387767,3,0.262521140613899,2.03166870597852,0.813762419151317,1,-2.48361571541125
262,371,2,3,1133.96127686237,0.220874093980456,3,0.228127237889566,2.01122358465909,0.810500787094497,1,2.48361571541125
263,390,2,6,1137.25896978081,0.199274744138165,3,0.169016924490279,1.90554612070628,0.720192648464945,1,-2.48361571541125
264,337,2,1,1140.51095683027,0.199092713171922,3,0.281654292755775,1.70169162959064,0.834047458576606,1,2.48361571541125
265,214,2,6,1143.44567999834,0.198814398941977,3,0.237666011804322,1.82274807645808,0.789192335618282,1,-2.48361571541125
266,270,2,6,1146.54628488549,0.198360492138818,3,0.393871702115575,1.85810803099048,0.952753013534675,1,-2.48361571541125
267,166,1,2,1149.52565188011,0.199272988213124,2,0.848254068407186,2.53490297486132,1.39990564825712,1,-5.39496611244983
268,162,1,2,1152.72715460136,0.199009892008689,2,0.383627924018583,1.88531346639866,0.9348206219438,1,-5.39496611244983
269,449,3,1,1155.74460118683,0.219465548883818,3,0.522619103712714,1.97171232902656,1.10422648398344,1,-5.39496611244983
270,377,2,1,1158.70890994764,0.199097688295296,3,0.0529323813480005,1.63934690097994,0.604230434817509,1,2.48361571541125
271,41,1,1,1161.81027222409,0.19924811259807,1,0.270699364735265,1.90623971137211,0.822221006081236,1,5.39496611244983
272,1,1,1,1164.96108312523,0.220796833247732,1,0.221865899366094,1.98739333116828,0.80302288468738,1,5.39496611244983
273,443,3,1,1168.2416911789,0.199201580566296,3,0.308770761261258,1.99478402259774,0.85980513321374,1,-5.39496611244983
274,30,1,2,1171.4427505289,0.199052912186744,2,0.227353752603449,1.92963712916753,0.778673462489678,1,-5.39496611244983
275,40,1,2,1174.65990937667,0.198568861993408,2,0.887238838970006,2.5204698506077,1.4686931610504,1,-5.39496611244983
276,431,3,1,1177.80867403902,0.199322739443232,3,0.38399813169417,2.01948960506706,0.935048599634683,1,-5.39496611244983
277,211,2,3,1180.95923911055,0.198994673983179,3,0.217246351405265,1.85295965672776,0.768693951215027,1,2.48361571541125
278,315,2,3,1184.11031954629,0.198605736433819,3,0.244868526524442,1.69398896868915,0.826736661769246,1,2.48361571541125
279,195,1,1,1187.07419459345,0.19896482324657,1,0.30210029203954,1.9379654849381,0.852814500200111,1,5.39496611244983
280,61,1,1,1190.2254702296,0.199026865957421,1,0.276178730999163,1.79486924352568,0.827180618327475,1,5.39496611244983
281,11,1,1,1193.25944827057,0.199220017788321,1,0.262637031712075,1.83248146547157,0.815072632405645,1,5.39496611244983
282,200,1,2,1196.34420212344,0.198416389108388,2,0.13518111349731,1.90013084573366,0.697585104599057,1,-5.39496611244983
283,306,2,2,1199.62387543931,0.199128709649813,3,0.298861487017348,1.66825587700987,0.849698902635282,1,2.48361571541125
284,399,2,7,1202.50857930682,0.199302546297986,3,0.192378638461378,1.67924416761889,0.744701859905035,1,-2.48361571541125
285,88,1,2,1205.5102799209,0.19821416499326,2,0.191458240720749,1.69365036767522,0.742592115131629,1,-5.39496611244983
286,242,2,2,1208.5272237263,0.198269769309263,3,0.182008433710507,1.88471732961261,0.73315284367709,1,2.48361571541125
287,335,2,7,1211.74460118683,0.198328300166395,3,0.19088171176918,1.77163776071393,0.75335389132124,1,-2.48361571541125
288,80,1,2,1214.84052565393,0.217518812549315,2,0.238352286112786,1.6275122541665,0.809295344075508,1,-5.39496611244983
289,158,1,2,1217.74462869633,0.198371027692701,2,0.18271109665875,1.76323799729653,0.745346869960485,1,-5.39496611244983
290,241,2,1,1220.84074719323,0.199092420518355,3,0.22554544175,1.79512034090658,0.776966117364282,1,2.48361571541125
291,228,2,4,1223.92575624063,0.198730407160838,3,0.157685643052901,1.79015194903332,0.739089628596048,1,2.48361571541125
292,245,2,5,1227.07354168173,0.198946971335317,3,0.203724259958108,1.90660465127075,0.754770923391334,1,-2.48361571541125
293,227,2,3,1230.29145323633,0.198763769749348,3,0.214068125820631,1.81662516341021,0.765348912686022,1,2.48361571541125
294,322,2,2,1233.40885443112,0.198409365404586,3,0.492368015109605,2.19496043460458,1.04364324154449,1,2.48361571541125
295,350,2,6,1236.6261259508,0.198418437688815,3,0.0851981020787207,1.63366618856708,0.647195596373422,1,-2.48361571541125
296,16,1,2,1239.69020143687,0.198999649106554,2,0.245325067215163,1.68149584972343,0.796688382590219,1,-5.39496611244983
297,94,1,2,1242.64111394758,0.199214164702425,2,0.155532878099621,1.87491984930784,0.707454870513175,1,-5.39496611244983
298,235,2,3,1245.87526108421,0.198326251587787,3,0.203504183931727,1.87241502124198,0.754700393707026,1,2.48361571541125
299,295,2,7,1249.05888789614,0.198261574989374,3,0.206039448043157,1.80910804532868,0.757134692088584,1,-2.48361571541125
300,400,2,8,1252.17657706275,0.198372783619561,3,0.197641733204364,1.88309748811844,0.748802239155339,1,-2.48361571541125
301,244,2,4,1255.37699374393,0.198363418681765,3,0.185694121833876,1.68270392662998,0.748155765832053,1,2.48361571541125
302,123,1,1,1258.38944618395,0.19908305557874,1,0.310060196061386,2.04641731155607,0.86149052926703,1,5.39496611244983
303,243,2,3,1261.64063633578,0.198854785234289,3,0.145524101399133,1.71502086186229,0.6972248471684,1,2.48361571541125
304,120,1,2,1264.72523830107,0.218776348030588,2,0.180515311525596,1.66222632068275,0.761325208859489,1,-5.39496611244983
305,247,2,7,1267.72278878467,0.19863002673992,3,0.190939657319177,1.94475506445633,0.742126502158499,1,-2.48361571541125
306,269,2,5,1270.99164618331,0.198550132119635,3,0.224524370933068,1.65996059117242,0.776192339422778,1,-2.48361571541125
307,265,2,1,1273.94207493647,0.198298156776218,3,0.199470822513831,1.71756139374884,0.782752770630395,1,2.48361571541125
308,278,2,6,1276.9744937154,0.198652268467413,3,0.2037403559425,1.57296588441022,0.755625766572848,1,-2.48361571541125
309,351,2,7,1279.85910188496,0.19847579792804,3,0.138583512265541,1.64042767327192,0.68921841111478,1,-2.48361571541125
310,81,1,1,1282.87560466034,0.198367515842619,1,0.375159679495482,1.94413317409089,0.926702684606425,1,5.39496611244983
311,223,2,7,1285.95980627457,0.216875851074292,3,0.157766708292911,1.58766122690577,0.736418280239377,1,-2.48361571541125
312,442,3,1,1288.90521512871,0.198998771145853,3,0.401955106248352,2.13825661742521,0.953308178723091,1,-5.39496611244983
313,336,2,8,1292.15701400146,0.198890489056794,3,0.211656947130905,1.6143214473741,0.763840865132806,1,-2.48361571541125
314,397,2,5,1295.07455221699,0.198232309559899,3,0.3366902731359,1.78503108427503,0.917811261981115,1,-2.48361571541125
315,364,2,4,1298.0386733864,0.199044717868674,3,0.0173225000507955,1.5532769817728,0.568719178016181,1,2.48361571541125
316,273,2,1,1301.08935701219,0.198972432257506,3,0.227083047386259,1.71397520808569,0.779451337590217,1,2.48361571541125
317,384,2,8,1304.09116327446,0.198253088014098,3,0.273692925462456,1.7761908761513,0.825015269236246,1,-2.48361571541125
318,82,1,2,1307.12540558226,0.198217969500547,2,0.236677132959812,1.6382058419058,0.787417094697958,1,-5.39496611244983
319,125,1,1,1310.04182322452,0.198290255109896,1,0.335045263374923,1.95347060185122,0.885851657638341,1,5.39496611244983
320,401,3,1,1313.1749057141,0.198371613001655,3,0.253978561902841,1.68477855288802,0.817369383268669,1,-5.39496611244983
321,62,1,2,1316.12125193993,0.198515598913218,2,0.279639953279911,1.83426665663683,0.831332504731108,1,-5.39496611244983
322,309,2,5,1319.19066953741,0.198357565597689,3,0.325518488289163,2.04479103166886,0.877101879690599,1,-2.48361571541125
323,321,2,1,1322.42528931071,0.198295230231452,3,0.34272538989535,2.10611615273228,0.904159524681745,1,2.48361571541125
324,361,2,1,1325.70460471039,0.198988820899103,3,0.247137182575898,2.0349042918042,0.817189400881034,1,2.48361571541125
325,285,2,5,1329.00775094886,0.198267720728836,3,0.238503295726332,1.72341447953841,0.7895552269365,1,-2.48361571541125
326,137,1,1,1332.00714808102,0.198364881953239,1,0.345460244230708,1.86008754460272,0.909087237609128,1,5.39496611244983
327,282,2,2,1335.03793384901,0.19837922201441,3,0.43379530763923,2.11742460713322,0.996169448004366,1,2.48361571541125
328,110,1,2,1338.23769703316,0.199180802112096,2,0.209797714427623,1.62941538501036,0.761372618853784,1,-5.39496611244983
329,319,2,7,1341.17238040024,0.198363126028198,3,0.166769924853725,1.68692517210184,0.718357998724969,1,-2.48361571541125
330,167,1,1,1344.20777547329,0.198372783619561,1,0.172741828288054,1.73959387193645,0.754947979236022,1,5.39496611244983
331,372,2,4,1347.28937773211,0.198248112892543,3,0.231900429645975,1.61798108926632,0.783078202201068,1,2.48361571541125
332,171,1,1,1350.19059812976,0.198226163820436,1,0.285586103136666,1.8205361953369,0.836033995892649,1,5.39496611244983
333,160,1,2,1353.24035023695,0.198325666278834,2,0.113021916002253,1.5149594629911,0.664383475452269,1,-5.39496611244983
334,289,2,1,1356.15732948278,0.198374246891035,3,0.140671600624046,1.75788564299546,0.723651529513518,1,2.48361571541125
335,238,2,6,1359.28934232094,0.198323325044839,3,0.180131641753178,1.76176858010876,0.743657669399909,1,-2.48361571541125
336,323,2,3,1362.38715528617,0.199078080457184,3,0.157750904960267,1.7597012702081,0.708879804249591,1,2.48361571541125
337,391,2,7,1365.50422256242,0.198290255109896,3,0.0880087538735097,1.77106679219469,0.650144966302832,1,-2.48361571541125
338,26,1,2,1368.70289063421,0.199013111205204,2,0.230143625945857,1.71618884513191,0.78136646726125,1,-5.39496611244983
339,21,1,1,1395.04378078906,0.198300205354826,1,0.322323288755797,2.01506496486218,0.884425260630451,1,5.39496611244983
340,248,2,8,1398.25266454414,0.198286450604428,3,0.100054989741693,1.85412090894897,0.651434986410095,1,-2.48361571541125
341,131,1,1,1401.5214481939,0.198351712511794,2,0.360049938528391,1.84162925325472,0.923508655690966,0,5.39496611244983
342,6,1,2,1404.51850379909,0.220983546681964,2,0.128312224665933,1.81254146545507,0.710827711200182,1,-5.39496611244983
343,331,2,3,1407.71847418248,0.199194556864313,3,0.107962801299436,1.84448526646702,0.659432350181305,1,2.48361571541125
344,349,2,5,1410.96941909001,0.198610418903627,3,0.193551304198991,1.69729215765619,0.74553504666801,1,-2.48361571541125
345,63,1,1,1413.98776353885,0.198379807323363,1,0.224978863043361,1.67890205475487,0.794461283447163,1,5.39496611244983
346,53,1,1,1416.95655020294,0.198327129550307,1,0.212776642441895,1.94203162363738,0.773810426158889,1,5.39496611244983
347,366,2,6,1420.20172308993,0.199216213281034,3,0.116600199999084,1.55305427186067,0.668168958685783,1,-2.48361571541125
348,139,1,1,1423.15319925279,0.198338543066711,1,0.422572600944477,1.80953327201314,0.97447849737182,1,5.39496611244983
349,58,1,2,1426.05490750515,0.198504185394995,2,0.152439522260465,1.78753971684637,0.703246794482766,1,-5.39496611244983
350,340,2,4,1429.20473128337,0.198251624742625,3,0.0577444958307751,1.62178354644857,0.619099906614792,1,2.48361571541125
351,313,2,1,1432.28444036159,0.199398829558049,3,0.107284136000089,1.51039493403732,0.658827433762781,1,2.48361571541125
352,383,2,7,1435.20210090661,0.198962482012575,3,0.0942317546869162,1.48062906624727,0.646228959254586,1,-2.48361571541125
353,3,1,1,1438.10289841882,0.198316008685651,1,0.208762596206725,1.82775070888238,0.760012947024734,1,5.39496611244983
354,406,3,1,1441.25410352528,0.198347322695554,3,0.382035006721708,1.8843137593467,0.933008213927678,1,-5.39496611244983
355,332,2,4,1444.2712226306,0.198260404371467,3,0.124789544985106,1.85930206049125,0.708661776803638,1,2.48361571541125
356,192,1,2,1447.52084093625,0.19822674912939,2,0.180544284299685,1.86578552362153,0.731324339678395,1,-5.39496611244983
357,157,1,1,1450.72095852474,0.198301668628119,1,0.333232270051667,2.11376320931777,0.895755371449923,1,5.39496611244983
358,146,1,2,1454.01709013255,0.199221773713361,2,0.208977697109731,1.76153826118207,0.760364717481934,1,-5.39496611244983
359,221,2,5,1457.08479687305,0.198486333483743,3,0.138366655437494,1.54164280314762,0.689856690121815,1,-2.48361571541125
360,416,3,1,1460.00258413738,0.198354639052923,3,0.306004885571383,1.77592456074854,0.857309962741056,1,-5.39496611244983
361,8,1,2,1462.98704624318,0.198378929359023,2,0.228249274730842,1.66353360739595,0.779168340892284,1,-5.39496611244983
362,67,1,1,1465.93725053051,0.198401171086516,1,0.434238386233119,1.88938516552844,1.00486449960226,1,5.39496611244983
363,341,2,5,1468.9073637965,0.198299912701259,3,0.289925288287122,1.76682564623297,0.849592083817697,1,-2.48361571541125
364,271,2,7,1471.89984931231,0.199023061450134,3,0.187220313953731,1.80643991617217,0.73826580676905,1,-2.48361571541125
365,427,3,1,1475.03415685275,0.198741235370107,3,0.41687374396497,1.92037462090229,0.968665212565611,1,-5.39496611244983
366,100,1,2,1478.07118552204,0.198395317998802,2,0.210928237949702,1.70708554080193,0.772753358865884,1,-5.39496611244983
367,173,1,1,1481.08257211514,0.199239332971047,1,0.262453537474357,1.81576622307148,0.814282465822544,1,5.39496611244983
368,169,1,1,1484.15133094781,0.198376002816076,1,0.31189133395128,1.6988683936579,0.863893806292253,1,5.39496611244983
369,118,1,2,1487.05318289342,0.198400293122177,2,0.291921190540961,1.78903664353675,0.853511602717845,1,-5.39496611244983
370,254,2,6,1490.06530053693,0.199286742965342,3,0.304037078127294,2.05721362094846,0.855478239544027,1,-2.48361571541125
371,439,3,1,1493.33364198606,0.199092713171922,3,0.324963323100746,1.82846507800241,0.877492865820386,1,-5.39496611244983
372,316,2,4,1496.36935283308,0.198363711337151,3,0.25696948874247,2.00892273663339,0.808360020966575,1,2.48361571541125
373,380,2,4,1499.63762784968,0.19840175639365,3,0.140136335927309,1.85254701417944,0.701753964953241,1,2.48361571541125
374,281,2,1,1502.86566612067,0.199087738048547,3,0.0173163543113333,1.60301591951429,0.568276684729426,1,2.48361571541125
375,347,2,3,1505.96652620236,0.198545742305214,3,0.150373968284839,1.88348935221256,0.73208992329819,1,2.48361571541125
376,407,3,1,1509.21521650125,0.199281767843786,3,0.429793552884803,2.0987845774689,0.980874749524446,1,-5.39496611244983
377,363,2,3,1512.39979034247,0.19903242638793,3,0.0630555858788284,1.71457836857553,0.61418389985738,1,2.48361571541125
378,445,3,1,1515.56633228963,0.198376002816076,3,0.238835751000806,1.97207258645722,0.802059174111491,1,-5.39496611244983
379,216,2,8,1518.81618910852,0.198394440036282,3,0.0153505954494904,1.4359483652479,0.567286049959876,1,-2.48361571541125
380,252,2,4,1521.75129214185,0.198354053745788,3,0.23706168069657,1.72294067224539,0.789082297606001,1,2.48361571541125
381,272,2,8,1524.75190905709,0.198375417508942,3,0.192911561922301,1.97809189988584,0.777554059832255,1,-2.48361571541125
382,172,1,2,1528.05205851564,0.198231724252764,1,0.911081969246879,2.64601180977115,1.4616223407611,0,-5.39496611244983
383,20,1,2,1531.30192177292,0.198276207704112,2,0.174418152058934,1.58821463616732,0.737703325226903,1,-5.39496611244983
384,342,2,6,1534.23098412906,0.199260989387767,3,0.185190463802428,1.75490173985963,0.73672293335585,1,-2.48361571541125
385,107,1,1,1537.33441166684,0.198364589299672,1,0.264443293986915,1.68361700801506,0.816037513597621,1,5.39496611244983
386,9,1,1,1540.26828730808,0.198315423378517,1,0.315322412840032,1.93369887805056,0.866188508578489,1,5.39496611244983
387,14,1,2,1543.40109089813,0.198359906829864,2,0.153107066693337,1.8886836731981,0.70461319736205,1,-5.39496611244983
388,197,1,1,1546.65094098597,0.198269769309263,1,0.292196285572572,1.92730613774984,0.843412981148504,1,5.39496611244983
389,375,2,7,1549.8007653495,0.198227334438343,3,0.15112287060947,1.87329005756874,0.722787028742459,1,-2.48361571541125
390,142,1,2,1553.03790809543,0.198242552460215,2,0.262779847005731,1.74004338892519,0.82236148013908,1,-5.39496611244983
391,345,2,1,1556.03067572997,0.199267427782615,3,0.228190158562938,1.94712205234828,0.779365882539423,1,2.48361571541125
392,5,1,1,1559.26447197411,0.198307814367581,1,0.199766695999642,1.95353732703006,0.750959686580245,1,5.39496611244983
393,85,1,1,1562.53301037957,0.198295230233271,1,0.232100605178857,1.68484118090601,0.783866027548356,1,5.39496611244983
394,203,2,3,1565.50038176752,0.198308399676534,3,0.153817046000768,1.70144433671521,0.71327108186415,1,2.48361571541125
395,301,2,5,1568.56333258316,0.199146854214632,3,0.226764054210435,1.66227490129495,0.777659122721161,1,-2.48361571541125
396,317,2,5,1571.51460622926,0.199335908886496,3,0.142735106017426,1.87917855452906,0.695191192511629,1,-2.48361571541125
397,275,2,3,1574.7655268465,0.218425455537727,3,0.154620089369928,1.62020731044504,0.735906720541607,1,2.48361571541125
398,276,2,4,1577.74667347185,0.199229675379684,3,0.0868211627694109,1.83924558406579,0.638149066975529,1,2.48361571541125
399,129,1,1,1581.0143649358,0.199278841299019,1,0.31238855358788,1.93145597557668,0.864101005530756,1,5.39496611244983
400,320,2,8,1584.14836431128,0.198328007512828,3,0.248817310852246,1.70119879976664,0.799783201702667,1,-2.48361571541125
401,174,1,2,1587.11528062181,0.198514135641744,2,0.254052310783663,1.62262960999942,0.80529914975159,1,-5.39496611244983
402,99,1,1,1590.01531050181,0.198252210051578,1,0.404795901435136,2.07451622051121,0.956474990789502,1,5.39496611244983
403,327,2,7,1593.19962885583,0.198376880780415,3,0.290160874988942,1.84224821707721,0.841833233294892,1,-2.48361571541125
404,369,2,1,1596.26665078529,0.198407316824159,3,0.241183131056459,1.854951169169,0.820698033157896,1,2.48361571541125
405,432,3,1,1599.39651846751,0.198852151346728,3,0.367447068350884,2.03703569299614,0.918715856390918,1,-5.39496611244983
406,424,3,1,1602.58111162391,0.19854427903374,3,0.254685907320891,1.74071444521178,0.806343340256717,1,-5.39496611244983
407,410,3,1,1605.59979789295,0.198338250413144,3,0.332324163791782,2.03379132754162,0.88278873784293,1,-5.39496611244983
408,307,2,3,1608.81598893299,0.198248698199677,3,0.0834442249215499,1.49748214881947,0.645698962334791,1,2.48361571541125
409,339,2,3,1611.74544022668,0.199158267732855,3,0.0196069594367145,1.78861814790253,0.570733810145612,1,2.48361571541125
410,132,1,2,1615.03010563942,0.199333860306069,2,0.259328867623481,1.9953108003192,0.811429964463969,1,-5.39496611244983
411,96,1,2,1618.29911024316,0.198353468435016,2,0.153880844634841,1.83885547589853,0.704379366583453,1,-5.39496611244983
412,239,2,7,1621.49958750378,0.198365467262192,3,0.121259256289704,1.71810251152965,0.684031991797383,1,-2.48361571541125
413,393,2,1,1624.61194421658,0.199506526338155,3,0.19161422545767,1.94961371097088,0.764636006837463,1,2.48361571541125
414,262,2,6,1627.88513992241,0.198340006338185,3,0.24343247192337,2.00438308329285,0.803201111149974,1,-2.48361571541125
415,311,2,7,1631.16175383033,0.199314545123343,3,0.213766106595358,1.5997089260436,0.765322573801313,1,-2.48361571541125
416,435,3,1,1634.06344452343,0.198794498452116,3,0.239414035875598,1.79416862915787,0.809873336298551,1,-5.39496611244983
417,105,1,1,1637.13297567077,0.198328592821781,2,0.399740591237787,2.01263300771643,0.961423774824652,0,5.39496611244983
418,274,2,2,1640.26259635277,0.198292303690323,3,0.14205439214129,1.56301329733287,0.693622272865468,1,2.48361571541125
419,72,1,2,1643.1993640037,0.198355809670829,2,0.224512957414845,1.75413001049674,0.786373782155351,1,-5.39496611244983
420,83,1,1,1646.24501485367,0.198915657325415,1,0.392117239649451,1.84442263844721,0.943345641397173,1,5.39496611244983
421,37,1,1,1649.2120912461,0.198986187009723,1,0.137203647291244,1.72531117198923,0.707499939273475,1,5.39496611244983
422,255,2,7,1652.3149135748,0.198270939925351,3,0.0868706213441328,1.75066966617851,0.649271685901113,1,-2.48361571541125
423,433,3,1,1655.4949937094,0.219531396098319,3,0.233356970044042,1.85038605490627,0.815117115856992,1,-5.39496611244983
424,207,2,7,1658.62809200231,0.198935850472481,3,0.051596707171484,1.62105922708179,0.603305939916027,1,-2.48361571541125
425,249,2,1,1661.71295062542,0.198505941320036,3,0.0692601494702103,1.48845873910977,0.620954749500015,1,2.48361571541125
426,450,3,1,1664.64731382871,0.198372198310608,3,0.283538693725859,1.69802847584651,0.846539114269035,1,-5.39496611244983
427,156,1,2,1667.5943671073,0.198977114727313,2,0.20368797082665,1.83897751273616,0.754610256186425,1,-5.39496611244983
428,396,2,4,1670.7449304229,0.198947556644271,3,0.0955448944841919,1.84847794893903,0.647408063387047,1,2.48361571541125
429,298,2,2,1674.01348433904,0.198354346399356,3,0.181362545692537,1.81973549319991,0.752313797976967,1,2.48361571541125
430,15,1,1,1677.16718754253,0.19838185590379,1,0.394685281040438,1.92220078367063,0.954674581600557,1,5.39496611244983
431,34,1,2,1680.21081966321,0.199345859133246,2,0.193458825442576,1.63040836101572,0.745854039843834,1,-5.39496611244983
432,199,1,1,1683.16294171409,0.198364296644286,1,0.35713305322497,1.82208345856452,0.920607573716552,1,5.39496611244983
433,128,1,2,1686.14366720993,0.199005209538882,2,0.166860940338665,1.7854560183041,0.717710647437343,1,-5.39496611244983
434,217,2,1,1689.29745264927,0.198217091538027,3,0.117566251808967,1.64769340131897,0.679861960825292,1,2.48361571541125
435,303,2,7,1692.34379533398,0.199029207191415,3,0.144395919111048,1.51314149454447,0.695543840929531,1,-2.48361571541125
436,70,1,2,1695.22832975466,0.198374246891035,2,0.181826110088878,1.68488742028421,0.733630455477396,1,-5.39496611244983
437,112,1,2,1698.26420448809,0.198407316825978,2,0.195797718524773,1.60900333362588,0.757475341681129,1,-5.39496611244983
438,79,1,1,1701.19329318312,0.199038864782779,1,0.249850965803489,1.93567107530725,0.801119461188136,1,5.39496611244983
439,354,2,2,1704.39471893628,0.198774012649665,3,0.225919161277488,1.87850135250301,0.777628101366645,1,2.48361571541125
440,68,1,2,1707.56216723378,0.198236114065367,2,0.161797435821427,1.83089469391416,0.713177725145215,1,-5.39496611244983
441,2,1,2,1710.74647154039,0.198459994597215,2,0.150128138680884,1.63069545487269,0.710525399319522,1,-5.39496611244983
442,408,3,1,1713.74318474007,0.199101785454332,3,0.385274397051035,1.93759293602852,0.936727557294944,1,-5.39496611244983
443,409,3,1,1716.83086689176,0.19829435227075,3,0.160225589632319,1.90616332860372,0.721211963356836,1,-5.39496611244983
444,46,1,2,1720.0935056794,0.198961896703622,2,0.195006966636356,1.74755319064934,0.746554361558083,1,-5.39496611244983
445,49,1,1,1723.16161423424,0.198234943449279,1,0.221900139918944,1.99120398267405,0.773688681974818,1,5.39496611244983
446,387,2,3,1726.44666243879,0.198363711335332,3,0.175875277765954,1.92230584655954,0.732311755249611,1,2.48361571541125
447,201,2,1,1729.7087334771,0.199063740397833,3,0.177688563744596,1.58010372253375,0.728657088482578,1,2.48361571541125
448,296,2,8,1732.62646660039,0.19939326912754,3,0.0746847893806262,1.49434343156463,0.627082637671265,1,-2.48361571541125
449,179,1,1,1735.5783106297,0.198419315651336,1,0.303015129347841,2.038344442979,0.854174757338114,1,5.39496611244983
450,310,2,6,1738.82930294723,0.198309570292622,3,0.419963880607611,1.88351334986328,0.982622773595722,1,-2.48361571541125
