PresOrder,TrialNumber,Illusory_Fragmented,Fat_Thin,StimPresTime,StimPresLength,Response,RespScreenOnset_to_Resp,ExpStartOnset_to_Resp,StimOnset_to_Resp,Accuracy,StepLevel
1,326,2,6,198.350139932239,0.231833318652207,3,0.505462230001285,2.32656962473811,1.11689660934644,1,-3.00959630176988
2,291,2,3,201.723851049937,0.21740023664097,3,0.157524807498703,1.60073994494087,0.731260449558249,1,3.00959630176988
3,424,3,1,204.683720947927,0.226307143875601,3,0.875167214855537,2.62510217263116,1.4565431600895,1,-5.25
4,248,2,8,207.949954507023,0.198923854795794,3,0.310844477820865,1.79870770097114,0.86356467684891,1,-3.00959630176988
5,241,2,1,210.958989011157,0.198353765908905,3,0.348718514514985,2.05416663861979,0.934694093757571,1,3.00959630176988
6,54,1,2,214.181896985407,0.199119054635958,2,0.97063017941764,2.59063257332127,1.52209226133527,1,-5.25
7,436,3,1,217.317512586293,0.198401468418524,3,0.652307235768603,2.2387671564411,1.20369352044872,1,-5.25
8,166,1,2,220.418747261861,0.198350254067918,2,0.517667048774456,2.08205124303095,1.07952037614268,1,-5.25
9,97,1,1,223.519728499557,0.198353473253519,1,0.228211147110414,1.92493556502995,0.789205243998367,1,5.25
10,362,2,2,226.732564513255,0.198715192896998,3,0.331026443871451,1.7517289233183,0.883238011232606,1,3.00959630176988
11,448,3,1,229.667969754853,0.198380982677918,3,0.356213954240957,1.79219089432263,0.907049465160526,1,-5.25
12,387,2,3,232.619664671844,0.19849599547706,3,0.167186175285678,1.60878059801325,0.757284656094271,1,3.00959630176988
13,350,2,6,235.576423956492,0.198400005150688,3,0.168827375739056,1.89183938828501,0.723305251285637,1,-3.00959630176988
14,142,1,2,238.813306132171,0.199178170629239,3,0.854261516862607,2.39119394113914,1.40518716504084,0,-5.25
15,318,2,6,241.865401662448,0.198702608800886,3,0.821051205277399,2.50701300054243,1.4051789707446,1,-3.00959630176988
16,156,1,2,245.066695424744,0.198266262532343,2,0.846386505632836,2.24938608625962,1.39793989542341,1,-5.25
17,271,2,7,247.984335724996,0.198366350006836,3,0.257811578600013,1.75590274658134,0.820324254151274,1,-3.00959630176988
18,254,2,6,250.998082242053,0.198917123767387,3,0.175068795506377,1.70218064852634,0.750897494915989,1,-3.00959630176988
19,216,2,8,254.039781844425,0.198322744645338,3,0.109222358370971,1.86837911847397,0.666640522960734,1,-3.00959630176988
20,443,3,1,257.312969434397,0.199012236131239,3,0.609259671684413,2.37918139567046,1.16002933557866,1,-5.25
21,122,1,2,260.598723562787,0.198651101796713,1,1.15508466317442,2.92518344248674,1.70689149083773,0,-5.25
22,106,1,2,263.883811319309,0.198449170926324,1,0.394133059566229,1.79219821065817,0.951584001339143,0,-5.25
23,10,1,2,266.79707440216,0.199205972705386,1,0.303123402294659,1.82301022735919,0.854636698564718,0,-5.25
24,252,2,4,269.831799487914,0.198268311105494,3,0.183541405045617,1.83644623912551,0.734467053223852,1,3.00959630176988
25,190,1,2,272.998942643146,0.198752652537223,2,1.36764411937838,2.86892462447577,1.91840763755135,1,-5.25
26,211,2,3,276.01503389951,0.198379812063649,3,0.159108355226635,1.81300586974976,0.710967567854823,1,3.00959630176988
27,296,2,8,279.182963414516,0.198357570403459,3,0.500630521823041,2.14892167452854,1.06389970649798,1,-3.00959630176988
28,365,2,5,282.346931572652,0.198945511150669,3,0.416982561660916,1.92087119415191,0.968694862263874,1,-3.00959630176988
29,62,1,2,285.365362007908,0.198233192693806,NaN,NaN,NaN,NaN,0,-5.25
30,331,2,3,288.517575740903,0.198419027623459,3,0.208363391280727,1.83827298185497,0.763054025872407,1,3.00959630176988
31,185,1,1,291.662242819821,0.198982970789075,1,0.984017318060069,2.68627903158631,1.56782082352038,1,5.25
32,162,1,2,294.879423273733,0.199073108047742,1,0.292768153218276,1.99621072334776,0.844258037215695,0,-5.25
33,404,3,1,298.098883790541,0.198435708869511,3,0.612180645599437,2.26493681173451,1.16321106370378,1,-5.25
34,61,1,1,301.266498117799,0.198384494518905,2,1.11252670828435,2.60170570127048,1.68365978336078,0,5.25
35,357,2,5,304.269943819321,0.198341767118109,3,0.224465183167922,1.90177263110854,0.783212579648534,1,-3.00959630176988
36,194,1,2,307.462896373469,0.199086862758122,2,1.21100283259329,2.78087925382715,1.76234053680128,1,-5.25
37,309,2,5,310.548064960867,0.198327427098775,3,0.309756685008324,1.67969228076981,0.861204134256695,1,-3.00959630176988
38,447,3,1,313.432325795849,0.198248703325589,3,1.04926352300208,2.66732767321992,1.63169360590291,1,-5.25
39,84,1,2,316.564637339476,0.198494824862792,1,0.323804342449876,1.92690453732757,0.87537412083293,0,-5.25
40,139,1,1,319.682719487881,0.198432197028524,1,0.322088515373252,1.75289017214163,0.884474471988142,1,5.25
41,164,1,2,322.629792821856,0.198361082244446,2,0.21131421584505,1.86157375554285,0.772062191195801,1,-5.25
42,242,2,2,325.795391059613,0.199146856712105,3,0.435394559748602,1.83994139907554,0.987777622021895,1,3.00959630176988
43,386,2,2,328.714038965634,0.198249581286291,3,0.308723911044581,1.74532303232263,0.860227549750562,1,3.00959630176988
44,5,1,1,331.665470494534,0.198536966958272,NaN,NaN,NaN,NaN,0,5.25
45,48,1,2,334.814840806775,0.198291138072818,2,1.03898787566141,2.42057605316404,1.60166151060184,1,-5.25
46,214,2,6,337.711904351494,0.199312791208285,3,0.261808639186711,1.71532166562974,0.813623661148085,1,-3.00959630176988
47,360,2,8,340.680326168103,0.198400005150688,3,0.319258264020391,1.90726485808955,0.888806328104693,1,-3.00959630176988
48,292,2,4,343.782787354212,0.198355229174922,3,0.419860808175144,2.11649479618245,0.981157801365043,1,3.00959630176988
49,168,1,2,346.993817110919,0.199376004349688,1,1.14145491483578,2.54531079940898,1.69299718379625,0,-5.25
50,130,1,2,349.91275913364,0.198260994769953,NaN,NaN,NaN,NaN,0,-5.25
51,91,1,1,352.963809013199,0.198268311107313,1,0.819032774550578,2.25561726315755,1.36976732003495,1,5.25
52,279,2,7,355.914836680362,0.198267140491225,3,0.293481934942974,1.82439828259339,0.856062213437326,1,-3.00959630176988
53,258,2,2,358.960638113251,0.198993506313855,3,0.197491316241212,1.63463799209421,0.749134550635063,1,3.00959630176988
54,8,1,2,361.91232776248,0.198252215168395,1,0.867526326370353,2.35505124215342,1.419316765443,0,-5.25
55,273,2,1,364.915561582915,0.215926726603357,3,0.321710699789037,1.75157264638619,0.899769711013505,1,3.00959630176988
56,144,1,2,367.859753158535,0.199498626139757,2,0.581040857052358,2.13554594936977,1.13276574175507,1,-5.25
57,223,2,7,370.928646703214,0.198300502983329,3,0.273527945913884,2.01062010043279,0.824755319781616,1,-3.00959630176988
58,153,1,1,374.180153941559,0.198247825366707,1,0.751360472646411,2.35112997880242,1.33207326520278,1,5.25
59,232,2,8,377.295211224078,0.198489557100402,3,0.161579520814485,1.53179284468206,0.713256410354006,1,-3.00959630176988
60,102,1,2,380.179746567979,0.19833328016648,2,0.4337928675086,1.90338807806074,0.985064724694894,1,-5.25
61,79,1,1,383.181358503089,0.198369569192437,1,1.01798618734392,2.58148978742065,1.57936073369274,1,5.25
62,339,2,3,386.260045694908,0.199325960613351,3,0.185057057176891,1.62309281415764,0.737652000534581,1,3.00959630176988
63,381,2,5,389.21238532741,0.198361082244446,3,0.249508415396122,1.90241471274203,0.800557270667923,1,-3.00959630176988
64,251,2,3,392.379560967172,0.198270067026897,3,0.533940335573789,1.9034047593068,1.08461371649173,1,3.00959630176988
65,47,1,1,395.263207229944,0.198516773871233,1,0.882298593713131,2.36368568904254,1.44213378300628,1,5.25
66,269,2,5,398.259618420894,0.199399416624146,3,0.275985356793171,1.66346025810344,0.828066693375149,1,-3.00959630176988
67,355,2,3,401.161807790493,0.19826977437333,3,0.41467294076574,2.15278645576473,0.98438840261224,1,3.00959630176988
68,222,2,6,404.414197964245,0.198263921305625,3,0.872547088669307,2.45259702119802,1.43398133632036,1,-3.00959630176988
69,421,3,1,407.509323499398,0.199450045667618,3,1.12310730050376,2.86137270263316,1.67592553842951,1,-5.25
70,445,3,1,410.762124265915,0.198484289338012,3,0.63498829825221,2.4168134079755,1.21452345339276,1,-5.25
71,321,2,1,414.058486788599,0.199078375808313,3,0.965218724784791,2.35242614085837,1.51659593720979,1,3.00959630176988
72,207,2,7,416.960667963902,0.19837337368881,3,0.106933223218221,1.80994998260212,0.658023342622982,1,-3.00959630176988
73,9,1,1,420.178046836842,0.198354643867788,2,1.09281679222113,2.49646986796324,1.64446119722743,0,5.25
74,41,1,1,423.096794537681,0.198289089499667,1,0.477113184591872,2.0739596682597,1.05519970524074,1,5.25
75,87,1,1,426.208339686351,0.199071059472772,1,0.892360604048008,2.5461919788977,1.44386336479511,1,5.25
76,450,3,1,429.376978007973,0.198715192898817,3,0.441885320240544,2.14557401190723,0.993837011354117,1,-5.25
77,56,1,2,432.595269374317,0.198263043344923,1,0.657765222294984,2.12716523300514,1.24176129371699,0,-5.25
78,22,1,2,435.579441798694,0.198277968669572,3,1.49060743439259,3.07110454136637,2.05258631008292,0,-5.25
79,429,3,1,438.674572894264,0.198982092830192,3,0.810219516413781,2.26371439834293,1.36129324722788,1,-5.25
80,313,2,1,441.643065240352,0.198275920094602,3,0.491862624967325,1.87958481842725,1.04353512470334,1,3.00959630176988
81,351,2,7,444.546378106479,0.198321866684637,3,0.552154792594592,1.95214296939776,1.13269638289239,1,-3.00959630176988
82,72,1,2,447.461009051478,0.198318940148965,1,1.1433554062296,2.9252165123271,1.70682886300347,0,-5.25
83,140,1,2,450.757895716461,0.198910978044296,2,1.33755349338935,3.09237195900278,1.9069959095832,1,-5.25
84,410,3,1,454.026895435807,0.198327427098775,3,0.739484303680001,2.12722112981101,1.29201778981587,1,-5.25
85,289,2,1,456.930049976427,0.198256897621832,3,0.264420571076698,1.9603600924911,0.825281217999873,1,3.00959630176988
86,378,2,2,460.141460475252,0.198693536543942,3,0.253010891681697,1.95695741102463,0.804515408350198,1,3.00959630176988
87,203,2,3,463.359943236941,0.198359911630178,3,0.213229925218911,1.65021798290945,0.764856771020277,1,3.00959630176988
88,161,1,1,466.328984893522,0.198333572821866,2,1.39921732766015,3.12915176451133,1.96043940157142,0,5.25
89,29,1,1,469.574142137675,0.199179633897074,2,0.337780592453782,2.10812637126401,0.889288035654317,0,5.25
90,77,1,1,472.8595497644,0.198268896412628,1,0.583327650980209,2.08671847998085,1.13458985060242,1,5.25
91,444,3,1,475.877403379738,0.198254263741546,3,0.498051367116204,2.11656181381841,1.08145364471966,1,-5.25
92,220,2,4,479.010502746407,0.198405272913078,3,0.230953895086714,1.69559331240089,0.793824193133332,1,3.00959630176988
93,121,1,1,481.989982472986,0.199486627347142,1,1.3368215671544,2.72416857891403,1.88845133948962,1,5.25
94,206,2,6,484.892638624809,0.198394737388298,3,0.267552255465489,1.63747760835395,0.818648813246909,1,-3.00959630176988
95,272,2,8,487.793792586563,0.198386543093875,3,0.110420188872013,1.80836702018132,0.67303148863175,1,-3.00959630176988
96,287,2,7,491.006381600762,0.198964826277006,3,0.263075535900498,1.69982127654839,0.814222430071823,1,-3.00959630176988
97,428,3,1,493.957701628704,0.19880474484853,3,0.304857373886989,1.89214901561718,0.856823990323392,1,-5.25
98,98,1,2,497.077571304277,0.198278846630274,2,1.11939352843729,2.71658066070086,1.68113769607407,1,-5.25
99,260,2,4,500.190301699351,0.19924460295988,2,0.456967800220809,2.22788396057149,1.00938422498621,0,3.00959630176988
100,74,1,2,503.475625041887,0.198368691233554,1,1.10141758396458,2.87049149095401,1.6850621786125,0,-5.25
101,268,2,4,506.759365714655,0.198415515782472,3,0.87829246086585,2.51472763769198,1.4294460860674,1,3.00959630176988
102,302,2,6,509.910065551443,0.198298454410178,3,0.652126375947773,2.09961600942916,1.21432181517775,1,-3.00959630176988
103,375,2,7,512.8723068202,0.198919172342357,3,0.524352131145861,1.96140427994033,1.07567988513983,1,-3.00959630176988
104,16,1,2,515.842707559326,0.19823904576333,1,1.24152600035632,2.82298740039187,1.80365266602894,0,-5.25
105,149,1,1,518.938887232145,0.199014284706209,2,0.186330392263699,1.60676802035414,0.737829055862676,0,5.25
106,270,2,6,521.874805787866,0.198340011196706,3,0.518906436063844,2.23908878256407,1.10341318772589,1,-3.00959630176988
107,158,1,2,525.109476966858,0.198356692442758,1,0.880372641469876,2.62802022001051,1.44282532306897,0,-5.25
108,320,2,8,528.372194002302,0.199185779618347,3,0.277306687043165,1.99739948159367,0.828737747697232,1,-3.00959630176988
109,345,2,1,531.607962924321,0.198320696070368,3,0.330695160186224,1.92963177467209,0.892427329030397,1,3.00959630176988
110,441,3,1,534.722319301869,0.199136613840892,3,0.503243916979045,2.02315737350546,1.05483271783487,1,-5.25
111,353,2,1,537.757732123191,0.198392688815147,3,0.247141141775501,1.88379141887526,0.798550253422945,1,3.00959630176988
112,151,1,1,540.909040093813,0.198360496937312,2,1.19957734991294,2.98867431214057,1.77008502460194,0,5.25
113,267,2,3,544.212595452575,0.198422246810878,3,0.337406874019507,1.76475931742789,0.896218361602223,1,3.00959630176988
114,237,2,5,599.332296852424,0.199024820230989,3,0.234410424784073,2.27669650463577,0.786981663213737,1,-3.00959630176988
115,193,1,1,602.908593212022,0.198334450782568,2,0.782771843580122,2.41234546801206,1.34354264589638,0,5.25
116,238,2,6,606.05359450116,0.198995262233439,3,0.427742843086889,1.96324331411233,0.978770627310951,1,-3.00959630176988
117,327,2,7,609.104385967736,0.199081887651118,3,0.0172203133079165,1.58582925252631,0.568427201435043,1,-3.00959630176988
118,66,1,2,612.187767027966,0.198848642863595,2,0.257547897856057,1.70904337153115,0.808435208433366,1,-5.25
119,163,1,1,615.155145242436,0.198913904579967,2,0.598089675451774,2.08572462892334,1.16861959180096,0,5.25
120,383,2,7,618.15743876739,0.198308404626005,3,0.180593799668713,1.62750193078136,0.742545165934644,1,-3.00959630176988
121,281,2,1,621.119850067793,0.198403224338108,3,0.113012220330347,1.78504546810109,0.664325926956735,1,3.00959630176988
122,152,1,2,624.306768693457,0.198358741017728,1,1.21857055771761,2.76589481274823,1.78189329797351,0,-5.25
123,371,2,3,627.370106212711,0.199114664834269,3,0.693048398146857,2.07883439649413,1.24444873019092,1,3.00959630176988
124,440,3,1,630.270754761983,0.199271234419939,3,0.546317819873366,2.08176649124107,1.0978738435424,1,-5.25
125,128,1,2,633.321236893882,0.198646419341458,1,1.31037681763519,2.6952991957005,1.86138353080969,0,-5.25
126,379,2,3,636.221141810782,0.198277090708871,2,1.33990437841749,2.93930162940705,1.90205767555381,0,3.00959630176988
127,301,2,5,639.336410681733,0.199035355753949,3,0.399913257522712,1.95218364822358,0.951150581604452,1,-3.00959630176988
128,308,2,4,642.423777389069,0.198338255277122,3,0.105254563126437,1.7850718069094,0.667515264070971,1,3.00959630176988
129,81,1,1,645.619085218046,0.19925513848284,NaN,NaN,NaN,NaN,0,5.25
130,354,2,2,648.720176786086,0.19933239898819,3,0.205162348029262,1.62450837881443,0.757225832752738,1,3.00959630176988
131,36,1,2,651.654620368503,0.198178466502213,2,1.41768814908755,2.78608877758961,1.96855175473502,1,-5.25
132,224,2,8,654.537825895204,0.198503019159034,3,0.170240013860166,1.62254086978464,0.721995334519306,1,-3.00959630176988
133,135,1,1,657.523562552184,0.198246947406005,1,1.46540031624136,3.2449172683373,2.02729929754423,1,5.25
134,219,2,3,660.819114132206,0.199032721873664,3,0.172276003793741,1.55759873175703,0.723274230022071,1,3.00959630176988
135,338,2,2,663.719666691151,0.21586497672979,3,0.181948199757244,1.60060503170826,0.750202150358746,1,3.00959630176988
136,19,1,1,666.65364407665,0.198615983383206,1,1.33916542849875,2.85872067722448,1.8910299088875,1,5.25
137,167,1,1,669.688353944426,0.198258360887849,NaN,NaN,NaN,NaN,0,5.25
138,336,2,8,672.690126253618,0.198481070150592,3,0.0568169081107044,1.80605681398083,0.638526478258427,1,-3.00959630176988
139,125,1,1,675.954018585249,0.198800940353976,1,1.18638424049459,2.83844037961717,1.73825574456714,1,5.25
140,202,2,2,679.12123929364,0.198222657169026,3,0.218309218202194,1.90304011312946,0.769512887140081,1,3.00959630176988
141,236,2,4,682.320833324799,0.19829728379591,3,0.145166638327282,1.54331402503522,0.707939482781512,1,3.00959630176988
142,1,1,1,685.234632841393,0.199119639943092,2,0.700011208626165,2.30177397731495,1.25076272801016,0,5.25
143,148,1,2,688.351780547386,0.199140125683698,2,0.240393431569828,1.9922798024345,0.791498768954625,1,-5.25
144,392,2,8,691.618681063655,0.198966289543023,3,0.281762042908667,1.74971780892702,0.832581750541067,1,-3.00959630176988
145,103,1,1,694.621253487332,0.198242557604317,1,0.771876648919715,2.50672210303128,1.32274142518145,1,5.25
146,255,2,7,697.871055141468,0.19845268276913,1,0.407413087052191,1.80926429560714,0.958835660756449,0,-3.00959630176988
147,13,1,1,700.787863428008,0.198352595294637,2,1.31813418218553,3.03635428741654,1.86928868534415,0,5.25
148,92,1,2,704.020849801185,0.198345571612663,NaN,NaN,NaN,NaN,0,-5.25
149,416,3,1,707.050994568061,0.199104129311308,3,0.884365312256705,2.65322441162607,1.43555142198966,1,-5.25
150,160,1,2,710.335025260381,0.199310449981567,2,1.07027750276575,2.68902265752149,1.6219069824474,1,-5.25
151,18,1,2,713.468730127002,0.198869421257768,2,1.3275005553096,3.0433724093964,1.90964471580628,1,-5.25
152,28,1,2,716.700264939152,0.199203631478667,2,0.497502349275237,2.09978896760913,1.04873030844828,1,-5.25
153,319,2,7,719.81742757047,0.199018089200763,3,0.39615880663041,2.01472690605988,0.947198296989882,1,-3.00959630176988
154,372,2,4,722.951233402526,0.198986189976495,3,0.16137056626394,1.55279745953521,0.734839893695607,1,3.00959630176988
155,420,3,1,725.857192733649,0.198359326323043,3,0.51766558550662,2.09472723383078,1.07793829168259,1,-5.25
156,312,2,8,728.948513188867,0.198845423676175,3,0.267988016426898,1.78722573617597,0.818667543067932,1,-3.00959630176988
157,137,1,1,731.982671404921,0.199094179093663,1,0.584176931241018,2.15307501204916,1.13496737353307,1,5.25
158,129,1,1,735.066606750754,0.199148905287075,1,1.11633471475398,2.86909846061462,1.66791063886012,1,5.25
159,264,2,8,738.334883908772,0.199054963533854,3,0.232018275622977,1.78472589055309,0.784181847819127,1,-3.00959630176988
160,304,2,8,741.402025630003,0.198608667047665,3,0.139646316620201,1.54186597584885,0.691526892947877,1,-3.00959630176988
161,113,1,1,744.337811613717,0.198321281377503,2,0.503918775795682,2.14982451036849,1.06581073341658,0,5.25
162,116,1,2,747.49902004998,0.199412000722077,1,1.05924446833887,2.6127082997391,1.61128278486649,0,-5.25
163,78,1,2,750.56771341971,0.19863559116493,2,0.830749740051033,2.43214464337507,1.38162271060901,1,-5.25
164,399,2,7,753.683460779026,0.198977995680252,3,0.485880788795839,2.18822854243081,1.05444934183652,1,-3.00959630176988
165,297,2,1,756.90074717348,0.198887565769837,3,0.639943506181226,2.24269983327576,1.19217409601515,1,3.00959630176988
166,112,1,2,760.018135733248,0.198309867892021,2,0.409340209907896,1.8615433195846,0.960945106702638,1,-5.25
167,145,1,1,762.984643011099,0.217746152997279,1,0.720491973832395,2.31908003807985,1.30133411920542,1,5.25
168,244,2,4,766.098631523282,0.199165879184875,3,0.226219055191905,1.6289049113384,0.777699281623427,1,3.00959630176988
169,179,1,1,769.016485753193,0.199467897527938,1,1.20826242584553,2.89480601613468,1.76095628606345,1,5.25
170,176,1,2,772.217874627855,0.19836605735145,1,0.50217660990711,1.93374765255248,1.064102807979,0,-5.25
171,115,1,1,775.164619312025,0.199378052922839,1,0.740509176001069,2.42694945963012,1.29205378618826,1,5.25
172,411,3,1,778.366162122393,0.198938780120443,3,0.606737877051273,2.02505991347425,1.15796115376725,1,-5.25
173,311,2,7,781.299352270156,0.199309572020866,3,0.26452709692785,1.80405769838035,0.836700554958952,1,-3.00959630176988
174,39,1,1,784.352943844782,0.198355229174922,2,1.04283158585167,2.42243235388923,1.60529012051848,0,5.25
175,68,1,2,787.24804602619,0.199410244800674,2,1.10228676466068,2.85525624588263,1.65413397849807,1,-5.25
176,101,1,1,790.51586723016,0.19928908628026,1,0.824095678943195,2.25939922347425,1.37562331523077,1,5.25
177,438,3,1,793.466298176974,0.198784551761491,3,0.78489738546341,2.20471692950377,1.3542411774506,1,-5.25
178,187,1,1,796.400577288163,0.198269189066195,2,0.986868347805284,2.42277153921896,1.53880745481911,0,5.25
179,388,2,4,799.351114760824,0.198357570403459,3,0.261806297959993,1.68013272418466,0.812868907943994,1,3.00959630176988
180,165,1,1,802.28379100916,0.198393859429416,1,0.107819377813939,1.595125388827,0.693855536315823,1,5.25
181,178,1,2,805.285455329235,0.198327719752342,2,0.701161336619407,2.29752055231802,1.2634890551999,1,-5.25
182,14,1,2,808.397987597933,0.199111445646849,2,0.412137098768653,2.08097779023774,0.963390226137562,1,-5.25
183,367,2,7,811.581662160292,0.199072522740607,3,0.101095665188041,1.75348133207626,0.652596377360169,1,-3.00959630176988
184,276,2,4,814.748960421843,0.198686220208401,3,0.150189449199388,1.67397705187432,0.722985673737639,1,3.00959630176988
185,361,2,1,817.788096672793,0.198268603759061,3,0.194262763567167,1.77100161515409,0.753759938144867,1,3.00959630176988
186,6,1,2,820.880718557828,0.199031258605828,1,1.17124205921391,2.69437587411812,1.74320509942845,0,-5.25
187,80,1,2,823.919346469766,0.198381275331485,1,0.385845406995941,1.84779446130051,0.946627037490543,0,-5.25
188,32,1,2,826.896811277458,0.198998188767291,1,0.472761428043668,1.9262103633846,1.02467039175463,0,-5.25
189,86,1,2,829.865233679377,0.199042379435923,1,0.0831852750834514,1.66980586249156,0.635659645227861,0,-5.25
190,332,2,4,832.966989278057,0.198493946903909,3,0.278590557652933,1.97586750525443,0.840272097457273,1,3.00959630176988
191,50,1,2,836.180112384771,0.19936517617316,1,0.324514612331768,1.8106517655342,0.876382604563332,0,-5.25
192,83,1,1,839.180994734872,0.199171146945446,1,0.896813033379658,2.26572317150931,1.44833042679602,1,5.25
193,295,2,7,842.064790250895,0.198874103713024,3,0.275122321818344,2.0458593782696,0.845054054552747,1,-3.00959630176988
194,322,2,2,845.351666412545,0.198383616558203,2,0.144995436068712,1.60727635936928,0.704998608433016,0,3.00959630176988
195,249,2,1,848.329558786905,0.199360201064337,3,0.505152017361979,2.14117894264928,1.0567536949693,1,3.00959630176988
196,150,1,2,851.481411678218,0.217833949027408,2,0.468327143224087,2.11725189061508,1.04972620808076,1,-5.25
197,333,2,5,854.64634968983,0.199103544004174,3,0.160256727298474,1.71244049258348,0.711440203147504,1,-3.00959630176988
198,406,3,1,857.714330155801,0.199047061891179,3,0.458810346233804,1.82826306382958,1.01081764149967,1,-5.25
199,306,2,2,860.598690200295,0.198327134447027,3,0.410633738083561,1.8798151366791,0.962207613612918,1,3.00959630176988
200,231,2,7,863.582613869256,0.216575831918817,3,0.198019263034439,1.91218553291219,0.777841803845149,1,-3.00959630176988
201,197,1,1,866.81165907865,0.199236701317204,1,1.23119006640627,2.83482201257175,1.78306683824121,1,5.25
202,240,2,8,869.929928817906,0.199197193102009,3,0.0964729115585214,1.73283433971847,0.648639995597478,1,-3.00959630176988
203,369,2,1,873.09796046896,0.198340011196706,3,0.103709938304746,1.75646434851842,0.655140413653498,1,3.00959630176988
204,323,2,3,876.265258437857,0.198283529085529,3,0.167260801910743,1.7651043558235,0.730858929047827,1,3.00959630176988
205,21,1,1,879.379039166102,0.199417268484467,2,0.212716025789632,1.68326177469135,0.765412227236084,0,5.25
206,342,2,6,882.364907224472,0.19832479321849,3,0.344780862573316,2.08160640981259,0.914201037106977,1,-3.00959630176988
207,437,3,1,885.616203752345,0.198338255277122,3,0.377686814586923,1.97420728232828,0.940001656419554,1,-5.25
208,431,3,1,888.728811525629,0.199153002433377,3,0.312699607931791,1.76549124366284,0.864473073102999,1,-5.25
209,400,2,8,891.696887425882,0.198519993058653,3,0.280256048341471,1.76566273857497,0.831549561882639,1,-3.00959630176988
210,76,1,2,894.697923126381,0.198248118018455,2,0.437398065150774,2.15634014640273,0.989067053045801,1,-5.25
211,31,1,1,897.949146198242,0.198309867892021,2,0.284715501353276,1.88123157929476,0.846810853110583,0,5.25
212,34,1,2,901.06118739448,0.19930167037819,1,1.49476428375419,2.88087015230667,2.046408103457,0,-5.25
213,69,1,1,903.962248292441,0.198356107135623,1,1.48972801082527,3.04418744920622,2.0407432109514,1,5.25
214,89,1,1,907.031168175929,0.198327134447027,2,0.13689215516024,1.55107168223913,0.700399267079774,0,5.25
215,328,2,8,909.960957398147,0.199150075899524,3,0.339909060872742,1.70927807958469,0.891106291433971,1,-3.00959630176988
216,412,3,1,912.86426733774,0.198422246810878,3,0.664030932297464,2.36581562072934,1.2145290138069,1,-5.25
217,434,3,1,916.080624264891,0.198260116809251,3,0.284178774958491,1.66956266749003,0.835470825231823,1,-5.25
218,96,1,2,918.981103367827,0.198400005150688,2,0.974258496680704,2.70482682086731,1.53768395828956,1,-5.25
219,352,2,8,922.227291044717,0.19905320761427,3,0.283443922187871,1.80292981204911,0.834873812229489,1,-3.00959630176988
220,243,2,3,925.280333601502,0.198334743434316,3,0.0543659356080752,1.58980055961183,0.605461322775227,1,3.00959630176988
221,110,1,2,928.330285152726,0.198289089499667,2,1.47801221594091,3.16372496313306,2.02975202596645,1,-5.25
222,205,2,5,931.530945612993,0.198378934102948,3,0.166891473278156,1.63506204691839,0.717664649015205,1,-3.00959630176988
223,109,1,1,934.532921023667,0.198490142407536,3,0.648318662128077,2.39313042890353,1.20891153115917,0,5.25
224,119,1,1,937.794012076636,0.199500967364656,1,1.1738864756353,2.8600759552719,1.72576968584508,1,5.25
225,104,1,2,940.995209555955,0.198877322898625,1,0.254172433158601,1.70695353336487,0.806261086077939,0,-5.25
226,368,2,8,977.361084585329,0.199221775990736,1,0.0592485654851771,1.84440465658372,0.611377311926844,0,-3.00959630176988
227,94,1,2,980.662539863055,0.198409077407632,3,0.386564163827643,1.76709820366523,0.948309209423314,0,-5.25
228,175,1,1,983.558662234333,0.199314839783256,NaN,NaN,NaN,NaN,0,5.25
229,344,2,8,986.509664440648,0.199245480918762,3,0.509130348131293,1.87966061566658,1.06227196810323,1,-3.00959630176988
230,347,2,3,989.395022726003,0.198350839373234,3,0.0847322411318601,1.68264105675917,0.647924750606762,1,3.00959630176988
231,407,3,1,992.50881047793,0.198517066524801,3,0.589942789179986,2.34483119896322,1.14087253450452,1,-5.25
232,439,3,1,995.778076804552,0.198258068234281,3,0.421044591312238,1.92355980124194,0.972925460291663,1,-5.25
233,189,1,1,998.79499861136,0.198452097461995,1,1.24557017814732,2.82646441582983,1.80915747710424,1,5.25
234,181,1,1,1001.89141943061,0.199553644983098,3,1.02686880434339,2.77795037826945,1.60976010905324,0,5.25
235,299,2,3,1005.15801909915,0.199507405741315,3,0.0644861839791702,1.55131282866751,0.61641709669675,1,3.00959630176988
236,373,2,5,1008.15974399848,0.198788356256046,3,0.0849388544556859,1.62152448440975,0.637334208171524,1,-3.00959630176988
237,349,2,5,1011.21137625837,0.198372788381675,3,0.140626412967322,1.825859501183,0.691930754685018,1,-3.00959630176988
238,377,2,1,1014.4117730379,0.216320930778238,3,0.0187160650057194,1.68224451135757,0.597974077343679,1,3.00959630176988
239,423,3,1,1017.59082777316,0.199215337615897,3,0.325764535145936,1.87856433590787,0.877191791305449,1,-5.25
240,58,1,2,1020.65864025606,0.199286159746407,2,0.736706144640266,2.45844716332431,1.30777688453418,1,-5.25
241,213,2,5,1023.89516627251,0.198332694861165,3,0.396553596110607,1.90982791685383,0.959042274080275,1,-3.00959630176988
242,42,1,2,1026.923351432,0.19925308990787,1,0.734613672593696,2.13785235107571,1.28609448433053,0,-5.25
243,266,2,2,1029.84169556375,0.199245188265195,3,0.063410975266379,1.68350848153568,0.61601118638464,1,3.00959630176988
244,337,2,1,1032.97666703443,0.198249288632724,3,0.0967123020673171,1.53244692510452,0.648305785378398,1,3.00959630176988
245,23,1,1,1035.94557992351,0.198243142909632,2,0.670344637463131,2.09947875497164,1.23178766471574,0,5.25
246,73,1,1,1038.89010892853,0.199221190683602,1,1.20976695714489,2.96288335039026,1.76162529181238,1,5.25
247,286,2,6,1042.15793481496,0.198946974416685,3,0.0191243165445485,1.72344484697351,0.589106970974171,1,-3.00959630176988
248,283,2,3,1045.37723203115,0.198349961412532,2,0.781786772124178,2.19565316002809,1.34448703852468,0,3.00959630176988
249,348,2,4,1048.30668031212,0.199093886440096,3,0.4150176865096,1.81813579177833,0.966682577258325,1,3.00959630176988
250,131,1,1,1051.2250727317,0.198906880897994,2,0.448218925837864,1.85174850183284,1.01757383865697,0,5.25
251,212,2,4,1054.14355382526,0.198266555184091,3,0.168164223057829,1.65319631689817,0.719099528798324,1,3.00959630176988
252,33,1,1,1057.14319181296,0.198241679643615,2,1.15657514710983,2.74179480253406,1.7079567493347,0,5.25
253,235,2,3,1060.24322339027,0.198376007569095,2,0.386429835900344,1.9214848884003,0.937975909355373,0,3.00959630176988
254,20,1,2,1063.29312665367,0.198315428307978,1,0.487469311630775,1.88780955051152,1.0705564014861,0,-5.25
255,433,3,1,1066.2082331605,0.198509750187441,3,0.456221826618275,1.90853058418725,1.00772897716706,1,-5.25
256,401,3,1,1069.17551596995,0.198226169010013,3,0.312120739441525,1.79747738593687,0.863656570025341,1,-5.25
257,389,2,5,1072.17578608907,0.198313965041962,3,0.366799814222759,1.78114790967811,0.927749720443899,1,-3.00959630176988
258,417,3,1,1075.10575265927,0.199193388607455,3,0.23355441349122,1.81907228276395,0.78468169988264,1,-5.25
259,196,1,2,1078.20694197355,0.198951949525508,2,0.568767850030781,2.25379139838878,1.12007921543227,1,-5.25
260,24,1,2,1081.40674700784,0.19896658219659,2,0.75201191918859,2.22203176987023,1.32162290375891,1,-5.25
261,418,3,1,1084.39138562914,0.198448585621009,3,0.493701366487585,2.02908477613892,1.04524041625882,1,-5.25
262,44,1,2,1087.44137142081,0.1985194077497,2,0.236412174266661,1.95509906172447,0.78805774988723,1,-5.25
263,210,2,2,1090.67503177485,0.198324207911355,3,0.0665303682071681,1.78536826483651,0.618151653594396,1,3.00959630176988
264,391,2,7,1093.90872900321,0.198276212748169,3,0.547010530548505,2.12776663581099,1.10787556727155,1,-3.00959630176988
265,435,3,1,1097.00562362837,0.19930693814058,3,0.61940303967458,2.05495299839458,1.17091721390352,1,-5.25
266,422,3,1,1099.95621758315,0.199519404532111,3,0.27745623294868,1.68014208909517,0.829737451826077,1,-5.25
267,191,1,1,1102.87433198196,0.216356927150628,2,0.938787729977776,2.57033559447154,1.5193708770621,0,5.25
268,55,1,1,1106.02201748838,0.198956631980764,1,0.193600196194893,1.66258317576467,0.744825521485836,1,5.25
269,300,2,4,1109.00658294632,0.199223531912139,3,0.244702168065487,2.0137096427261,0.796954706906035,1,3.00959630176988
270,370,2,2,1112.29011378658,0.198358741017728,3,0.277190503629754,1.96247041639617,0.828226774803625,1,3.00959630176988
271,195,1,1,1115.48992438128,0.198655491598402,1,0.38525658828803,1.98634713204046,0.935954259439313,1,5.25
272,356,2,4,1118.60630972508,0.198267140491225,3,0.0232539491371426,1.60582509099368,0.585572595464328,1,3.00959630176988
273,30,1,2,1121.70444432283,0.199297280576502,2,0.388731847804593,2.10788698075521,0.940215293423535,1,-5.25
274,247,2,7,1124.93875495279,0.198743580280279,1,0.617957917022068,2.12146053963625,1.16985780847608,0,-3.00959630176988
275,226,2,2,1127.95724216281,0.198336499355719,3,0.172740152138431,1.77514178327147,0.724040396708006,1,3.00959630176988
276,59,1,1,1131.07421925186,0.198441854590783,1,0.418895637150854,1.88992865401815,0.989566905111133,1,5.25
277,419,3,1,1134.06067934812,0.198232607386672,3,0.25667520531897,1.76760068960903,0.817054144688882,1,-5.25
278,374,2,6,1137.08635968687,0.199340885938,3,0.0387051724446792,1.509736140737,0.591052823652717,1,-3.00959630176988
279,405,3,1,1140.07231758985,0.198936731547292,3,0.228517555255166,1.96373906902772,0.780097283854047,1,-5.25
280,124,1,2,1143.32222372126,0.198648175261042,1,0.0324005395359563,1.63410419223146,0.583514071215177,0,-5.25
281,15,1,1,1146.4559045903,0.19855423350964,2,0.318302750561998,1.82034210600978,0.869673231954948,0,5.25
282,35,1,1,1149.4725875919,0.198612764195786,1,0.387561234072564,2.13960827167284,0.939210028880552,1,5.25
283,99,1,1,1152.756262125,0.19825923884855,1,0.397825175277831,1.79987421755322,0.948999578871735,1,5.25
284,415,3,1,1155.67285267738,0.198168808938135,3,0.393740026005617,1.79529038683177,0.944983495808629,1,-5.25
285,75,1,1,1158.58932909493,0.198305478090333,2,0.943353123533598,2.66237919632113,1.49511078541946,0,5.25
286,188,1,2,1161.82316211449,0.198355229174922,2,0.316238665898709,1.88482507079971,0.86744613933115,1,-5.25
287,27,1,1,1164.90671203575,0.198363130817597,1,0.214620029024445,1.94537389549077,0.776940431271214,1,5.25
288,317,2,5,1168.15280752681,0.199358445142934,2,0.186944671819219,1.92304473119839,0.738458553396413,0,-3.00959630176988
289,359,2,7,1171.40398904188,0.199284696478571,3,0.259008531140353,1.64796308820769,0.830574440644341,1,-3.00959630176988
290,2,1,2,1174.30757114917,0.198522626938939,2,0.295090065555996,2.02452143115806,0.856966512545114,1,-5.25
291,88,1,2,1177.55325487685,0.19960837117651,2,0.652670126026351,2.10632245550369,1.20538505729201,1,-5.25
292,425,3,1,1180.52208435969,0.198247825364888,3,0.365224168139321,2.03347955274512,0.916356429639563,1,-5.25
293,229,2,5,1183.72372286773,0.198352887948204,3,0.219817553997927,1.81621042484221,0.782147613806956,1,-3.00959630176988
294,233,2,1,1186.83605115699,0.199338837364849,3,0.105979173025844,1.55954751096942,0.658143915838082,1,3.00959630176988
295,402,3,1,1189.80420109856,0.19876348071557,3,0.322519008570453,1.991719956417,0.874303301921827,1,-5.25
296,384,2,8,1193.0061506972,0.198423417425147,3,0.159187664306955,1.5894555212144,0.721803353866562,1,-3.00959630176988
297,395,2,3,1195.95230627001,0.199123444437646,3,0.100024553623371,1.85151291582042,0.650779584846532,1,3.00959630176988
298,186,1,2,1199.21939554775,0.19955013314393,2,1.06651661349679,2.53607026725876,1.61858770721119,1,-5.25
299,430,3,1,1202.20482638189,0.19836810592642,3,0.643493099671105,2.07872611472521,1.22691966750972,1,-5.25
300,105,1,1,1205.15508319991,0.198351717333935,2,1.45024379494316,3.15249350967861,2.00179074635707,0,5.25
301,7,1,1,1208.37293265957,0.198403809645242,2,1.0910520920188,2.87079731379163,1.65338302978853,0,5.25
302,385,2,1,1211.66887990703,0.199288208319558,3,0.214867028522349,1.95079149584126,0.766446464469482,1,3.00959630176988
303,414,3,1,1214.91985451613,0.198399712497121,3,0.340547923315171,2.04358282721296,0.892340703614536,1,-5.25
304,173,1,1,1218.13795946223,0.198312501774126,1,0.333510486210798,2.08133043762427,0.897108613347882,1,5.25
305,146,1,2,1221.40154626368,0.199045305969776,2,0.45772899179974,2.00998592044198,1.00880945364224,1,-5.25
306,136,1,2,1224.48643302582,0.198311916466992,2,0.229324986075881,1.73303100282646,0.780908226517568,1,-5.25
307,67,1,1,1227.50528371141,0.198405565566645,1,0.643139281670301,2.2899332194138,1.20607425612616,1,5.25
308,95,1,1,1230.66760247479,0.199131931387456,1,0.369033930532169,2.08778081194396,0.91987353859804,1,5.25
309,324,2,4,1233.90193563907,0.198168808938135,3,0.164926598128659,1.68509671171705,0.716051250639794,1,3.00959630176988
310,209,2,1,1236.93748717812,0.198291723381772,3,0.660364862740607,2.34579344345002,1.21178275399325,1,3.00959630176988
311,37,1,1,1240.13843209753,0.198462925638523,1,0.297597812825188,1.96085379883152,0.860434748379703,1,5.25
312,293,2,5,1243.31787898839,0.198349961412532,3,0.116883439941375,1.82147877194438,0.668003409997254,1,-3.00959630176988
313,376,2,8,1246.53726897572,0.198334450782568,3,0.142575484831468,1.57793229228628,0.693190627716831,1,-3.00959630176988
314,208,2,8,1249.48753545131,0.19831747688113,3,0.151148474500587,1.93161684290681,0.714214557692685,1,-3.00959630176988
315,315,2,3,1252.80033543937,0.198982970790894,2,0.449397441214387,1.81866988429283,1.00066315267941,0,3.00959630176988
316,133,1,1,1255.6852658654,0.198837814687067,1,0.658603381725698,2.0937810852829,1.20997005862773,1,5.25
317,263,2,7,1258.63602926651,0.198339718543139,2,0.675482753786127,2.29509884515937,1.22750087722852,0,-3.00959630176988
318,172,1,2,1261.77084592353,0.198403516991675,1,1.32773789724342,3.0079791958542,1.89069862520228,0,-5.25
319,51,1,1,1264.98323973789,0.199049988425031,1,1.17801259638873,2.74774386152058,1.72954462247799,1,5.25
320,85,1,1,1268.06835096522,0.19867685529789,3,0.44049960623488,2.14254826806246,0.991986856348376,0,5.25
321,307,2,3,1271.28508863448,0.19905642680169,2,0.346963764530301,1.73371756778033,0.899787562872007,0,3.00959630176988
322,134,1,2,1274.20500782702,0.198306063399286,2,0.5622431417396,2.15774898002928,1.12314885729029,1,-5.25
323,403,3,1,1277.31674759022,0.199335325523862,3,0.452958155534361,2.20619453668587,1.00493794137765,1,-5.25
324,25,1,1,1280.58544938837,0.198406150871961,1,0.362187888771587,1.88153213437181,0.914180551364552,1,5.25
325,265,2,1,1283.61997956694,0.198406443527347,3,0.455674272046963,2.10274681585724,1.01546468536435,1,3.00959630176988
326,225,2,1,1286.78256903475,0.199040330860953,3,0.391381531986553,1.84422438206821,0.942714846396484,1,3.00959630176988
327,111,1,1,1289.75020215036,0.199250748681152,1,0.612004175580296,2.14867818687162,1.16448995920655,1,5.25
328,277,2,5,1292.80157628992,0.198534918383302,3,0.162380220608611,1.86534518033477,0.713391908893755,1,-3.00959630176988
329,198,1,2,1296.0197895178,0.198256604970084,1,0.376771687302607,1.80690053382932,0.93908535852097,0,-5.25
330,12,1,2,1298.96554708194,0.199274453609178,2,0.457584421004867,1.89327631664128,1.00882642754186,1,-5.25
331,446,3,1,1301.91731662555,0.198370739808524,3,0.415412768645183,1.86913299371918,0.966804613739441,1,-5.25
332,108,1,2,1304.88583765168,0.198362545510463,1,1.06567582018397,2.500728268069,1.61660995530838,0,-5.25
333,380,2,4,1307.83593409562,0.198406150871961,3,0.321041694041924,1.934645805939,0.883765372718699,1,3.00959630176988
334,159,1,1,1310.96585261212,0.199523501680233,1,0.647932066944122,2.30050473937627,1.19960017687845,1,5.25
335,52,1,2,1314.13366360249,0.198254556395113,2,0.506232786490727,2.09287356698587,1.05711804849307,1,-5.25
336,284,2,4,1317.23750582015,0.198257190275399,3,0.175276872096219,1.63718319899999,0.736282967774969,1,3.00959630176988
337,114,1,2,1320.21514826847,0.199152709781629,1,0.90477671860026,2.67526619024648,1.45696545899409,0,-5.25
338,180,1,2,1323.50066768881,0.198230558811701,2,0.316614140252568,1.88597315021798,0.868399311561006,1,-5.25
339,340,2,4,1360.2549860097,0.198285285005113,3,0.761669189827444,2.77127407550142,1.32257197884428,1,3.00959630176988
340,171,1,1,1363.78082306437,0.198567402914705,2,0.880628713222904,2.28507722099857,1.44950572298512,0,5.25
341,38,1,2,1366.70013295246,0.198397078616836,2,0.479148881873698,2.11011173215411,1.04210083022917,1,-5.25
342,409,3,1,1369.84664287004,0.199102373389906,3,0.446973978134338,2.09961718004342,0.998093070229515,1,-5.25
343,363,2,3,1373.01444244692,0.217456718752146,3,1.18041030596578,2.96340310288724,1.76218045537462,1,3.00959630176988
344,346,2,2,1376.31352518327,0.19904589127691,3,0.110058176576786,1.51256258759531,0.661496553566394,1,3.00959630176988
345,364,2,4,1379.23151959417,0.198720753312955,3,0.216580514374073,1.58620062973205,0.768574640233055,1,3.00959630176988
346,157,1,1,1382.11620126479,0.198271237641165,2,1.15904309351026,2.77348858402911,1.71798803105958,0,5.25
347,250,2,2,1385.24620845528,0.199594031157176,3,0.158904083129528,1.77954153498467,0.711381087154223,1,3.00959630176988
348,234,2,2,1388.38158144647,0.198325085872057,3,0.277003205432266,1.98037583139194,0.828788376740704,1,3.00959630176988
349,204,2,4,1391.59973497305,0.198316598922247,3,0.14973671433836,1.53796110109033,0.720341842621565,1,3.00959630176988
350,390,2,6,1394.50265422031,0.198287626231831,3,0.0822803906685294,1.84307162019832,0.642099484022765,1,-3.00959630176988
351,261,2,5,1397.77975722057,0.199097105627516,3,0.113410228997964,1.76587754619504,0.664983811875572,1,-3.00959630176988
352,394,2,2,1400.94761357221,0.199007553677802,3,0.0959016520573641,1.7819582670345,0.648056444653776,1,3.00959630176988
353,449,3,1,1404.16629709416,0.198385079826039,3,0.469851282303352,2.08340739903906,1.03137303333278,1,-5.25
354,60,1,2,1407.29551763222,0.199466726915489,2,0.365878248561785,1.78617862219289,0.917966901482941,1,-5.25
355,393,2,1,1410.2306138318,0.198621251147415,3,0.194858313303484,1.73098915982337,0.74669967407317,1,3.00959630176988
356,217,2,1,1413.28153669977,0.198256604968265,3,0.248448132007979,1.78413648653623,0.80001088670906,1,3.00959630176988
357,201,2,1,1416.35044487712,0.198238460456196,3,0.0320958873126074,1.81117122537762,0.593409561748558,1,3.00959630176988
358,218,2,2,1419.64532189097,0.199299621805039,3,0.0502070376714983,1.45249195861652,0.601585420708943,1,3.00959630176988
359,334,2,6,1422.56280123184,0.199181975123793,3,0.0179054149957665,1.60429802537874,0.586817250514287,1,-3.00959630176988
360,182,1,2,1425.66414477448,0.198323329952473,2,1.20778364482976,2.57728026043878,1.75971953265616,1,-5.25
361,432,3,1,1428.54852589002,0.198376300222662,3,0.46977958221396,2.20507630792054,1.02104470837185,1,-5.25
362,398,2,6,1431.7987270161,0.198301673595779,3,0.156696305630248,1.59474903651062,0.727171788443229,1,-3.00959630176988
363,53,1,1,1434.75205757313,0.198359033669476,1,0.1560542240004,1.64957999842591,0.715297082742836,1,5.25
364,257,2,1,1437.76129137425,0.199176707363222,3,0.179666380940034,1.61606005950853,0.731397411364014,1,3.00959630176988
365,274,2,2,1440.71303984681,0.198448585621009,3,0.235759264456647,1.68836857709721,0.787132087078135,1,3.00959630176988
366,45,1,1,1443.68042508497,0.198277383362438,NaN,NaN,NaN,NaN,0,5.25
367,382,2,6,1446.9942414584,0.199566814388163,3,0.160184149246561,1.83087792225524,0.712640082223515,1,-3.00959630176988
368,341,2,5,1450.1800084928,0.19834059650384,3,0.130295746779666,1.53345862802416,0.682263826483904,1,-3.00959630176988
369,314,2,2,1453.09801987761,0.198344693651961,3,0.23494685852711,2.01520919891664,0.795842623860153,1,3.00959630176988
370,183,1,1,1456.39433499043,0.199063743137231,1,0.985767385589497,2.65490951009451,1.53717503397093,1,5.25
371,177,1,1,1459.57908885865,0.198907758856876,1,0.2967242423274,1.9823529979858,0.848268559861026,1,5.25
372,3,1,1,1462.77960650405,0.21707451336988,2,0.59786813680148,2.02965369441335,1.17917794236018,0,5.25
373,132,1,2,1465.72748843946,0.199537841697747,2,0.248102215649851,2.0017521161044,0.800672576118814,1,-5.25
374,290,2,2,1468.99602137658,0.198317769536516,3,0.225260615199659,1.84509385541969,0.777227231636061,1,3.00959630176988
375,256,2,8,1472.13105518244,0.198220023288741,3,0.161504016228719,1.55822032764809,0.741052633427898,1,-3.00959630176988
376,123,1,1,1475.04374554252,0.19899087243175,1,1.21082841114549,2.8133362754761,1.76221674440058,1,5.25
377,184,1,2,1478.16172701815,0.198810890571622,2,0.447877106629676,1.96738816468496,1.00007667520003,1,-5.25
378,303,2,7,1481.19618198478,0.218137723291875,3,0.127726834944042,1.90903160686321,0.708171849608334,1,-3.00959630176988
379,154,1,2,1484.4936302517,0.199030380645127,2,0.323270542588943,2.05922925036066,0.874879243876421,1,-5.25
380,169,1,1,1487.74504120707,0.198730118223466,1,0.246380535501885,2.01573480448315,0.798381392392912,1,5.25
381,366,2,6,1491.02935782179,0.19829728379591,2,0.524468021905705,2.04376836949086,1.07648936453552,0,-3.00959630176988
382,298,2,2,1494.06348969904,0.198471119934766,3,0.611511347196938,2.1295348478543,1.16241329044533,1,3.00959630176988
383,358,2,6,1497.09649895772,0.198251922513009,3,0.329841197466521,2.04852486573691,0.881411853810278,1,-3.00959630176988
384,280,2,8,1500.33004371364,0.216740303147162,3,0.239374412314646,1.90294646402799,0.819135495905357,1,-3.00959630176988
385,396,2,4,1503.50965683166,0.199004041836815,3,0.0444048907083925,1.49905077858966,0.614670833661876,1,3.00959630176988
386,143,1,1,1506.47927969796,0.198344400998394,1,0.735472610418583,2.44965058643356,1.29900752441245,1,5.25
387,26,1,2,1509.70942791814,0.199157684888633,2,0.769779201764322,2.5393236954751,1.32165363237073,1,-5.25
388,117,1,1,1512.99407640186,0.218493004558695,1,0.13202298734177,1.81442845808851,0.713649443914619,1,5.25
389,245,2,5,1516.19245504331,0.19905437822672,3,0.0444666405819589,1.68033816689604,0.595909407373256,1,-3.00959630176988
390,215,2,7,1519.3438323728,0.198821426094582,2,0.741554534064562,2.36069711218261,1.29356124402148,0,-3.00959630176988
391,294,2,6,1522.47798499917,0.218219080945346,3,0.0238026743245427,1.73871550311014,0.604880991018945,1,-3.00959630176988
392,70,1,2,1525.70849815819,0.199252504600736,2,0.444287419619286,1.98018297277849,0.995699165147016,1,-5.25
393,127,1,1,1528.75950092054,0.199239627849238,2,0.441402149421265,1.97697812503429,0.992978658832726,0,5.25
394,426,3,1,1531.81018586127,0.198834888151396,1,0.328504941893698,1.79845367779126,0.898008522652162,0,-5.25
395,4,1,2,1534.79561523214,0.198280602549858,2,0.297446218346522,1.94878594186594,0.848201249571503,1,-5.25
396,221,2,5,1537.96177624245,0.198229680851,3,0.047068914907868,1.79885022319104,0.598308287564578,1,-3.00959630176988
397,335,2,7,1541.22860330271,0.198443317858619,3,0.856581087975428,2.59568728341947,1.42804778796381,1,-3.00959630176988
398,107,1,1,1544.48249361796,0.198317476882949,2,0.333728513018286,1.91014983563036,0.892711495514959,0,5.25
399,90,1,2,1547.57439264901,0.199256601748857,2,0.327602398705494,1.94623224800853,0.878348650325279,1,-5.25
400,141,1,1,1550.70884992761,0.199072522738788,1,0.618252326376023,2.21956587204477,1.1691431487925,1,5.25
401,199,1,1,1553.82516064479,0.198267433144792,2,0.675586645755175,2.26307377997909,1.22680260613743,0,5.25
402,40,1,2,1556.92753052302,0.198295820528074,2,0.370621575406403,1.87291553934119,0.922425769187612,1,-5.25
403,282,2,2,1559.94495510843,0.198276505401736,1,0.0752251017038361,1.85537711174948,0.637890249694465,0,3.00959630176988
404,200,1,2,1563.24068023193,0.199265381352234,2,0.92554604009274,2.67969169546268,1.49524160150395,1,-5.25
405,305,2,1,1566.51004079296,0.198367520621105,3,0.197836354638639,1.85036600701642,0.749870866673518,1,3.00959630176988
406,329,2,1,1569.67775491504,0.198364008778299,3,0.230091738070769,1.89837229087061,0.780878668520018,1,3.00959630176988
407,192,1,2,1572.86157112166,0.198276798055304,NaN,NaN,NaN,NaN,0,-5.25
408,49,1,1,1576.00744715191,0.199021308388183,2,0.769193602243831,2.50478766383821,1.32050965010058,0,5.25
409,408,3,1,1579.25867841807,0.199050573732166,3,0.468054682878574,2.00567337945358,1.02165489077925,1,-5.25
410,227,2,3,1582.31130687024,0.198442732551484,3,0.69452834655749,2.44098219174521,1.25613467442781,1,3.00959630176988
411,155,1,1,1585.57384567975,0.199436876264372,1,0.493298382709327,2.11401016853597,1.04621553749712,1,5.25
412,262,2,6,1588.709585951,0.198408784754065,3,0.218092362008974,1.7703715323114,0.769603024398748,1,-3.00959630176988
413,63,1,1,1591.77715553154,0.198374544301259,1,0.450324567289499,1.96667204173536,1.0327359203693,1,5.25
414,427,3,1,1594.80863743195,0.198243435565018,3,0.361141945402778,1.86316169307065,0.912225919086268,1,-5.25
415,278,2,6,1597.82582438277,0.198274456826766,3,0.146456654660142,1.58234492075098,0.698119204182149,1,-3.00959630176988
416,118,1,2,1600.77730566276,0.198328012407728,NaN,NaN,NaN,NaN,0,-5.25
417,397,2,5,1604.02836748258,0.19839444473655,3,0.0836476675067388,1.59567791850714,0.644968072974734,1,-3.00959630176988
418,330,2,2,1607.05713355912,0.198751774578341,3,0.0945554462650762,1.8146900902575,0.646414951546831,1,3.00959630176988
419,442,3,1,1610.29287789826,0.19831835484365,3,0.315475133093059,1.76284009621304,0.878081165088588,1,-5.25
420,413,3,1,1613.25612677279,0.218698154616504,3,0.622412980232184,2.03956001312145,1.20488988768375,1,-5.25
421,64,1,2,1616.18918639712,0.199196900448442,1,0.369817949078424,2.13871392278088,0.921166188813004,0,-5.25
422,310,2,6,1619.47342604399,0.199121103209109,3,0.15058043418685,1.67033790643472,0.702838533443355,1,-3.00959630176988
423,253,2,5,1622.50860971767,0.216965060983057,2,0.497944255959737,2.17910360838869,1.07896755380534,0,-3.00959630176988
424,17,1,1,1625.70533311131,0.199052914960703,1,0.818647349979074,2.23844523766456,1.37023146837964,1,5.25
425,239,2,7,1628.6409256511,0.198315135654411,3,0.173821799227881,1.72655867950016,0.725651746510266,1,-3.00959630176988
426,259,2,3,1631.70895177101,0.198401468418524,3,1.04869138554204,2.75451995911135,1.61942674460261,1,3.00959630176988
427,343,2,7,1634.93031102329,0.198424295385848,3,0.273143691956648,1.76557816173226,0.831368702061809,1,-3.00959630176988
428,65,1,1,1637.93868647189,0.199145686097836,1,1.14968725590734,2.86891438160455,1.7011519717089,1,5.25
429,288,2,8,1641.17350690413,0.198461755024255,3,0.144675565868965,1.51415550023194,0.696339871308737,1,-3.00959630176988
430,228,2,4,1644.05831822022,0.198435123562376,3,0.200606026728565,1.98142528660173,0.76231770983577,1,3.00959630176988
431,138,1,2,1647.35470854498,0.199214752308762,1,1.24157575143909,2.66085096009374,1.79299217942207,0,-5.25
432,285,2,5,1650.28991419694,0.198596082951553,3,0.688520464229441,2.14152837084839,1.24060209346862,1,-3.00959630176988
433,147,1,1,1653.25832021027,0.19831630626868,1,1.41865390541534,3.14910165639049,1.97969102235766,1,5.25
434,126,1,2,1656.5048696068,0.199050281078598,2,0.781549137534967,2.55079483209192,1.33314876656914,1,-5.25
435,71,1,1,1659.78995970455,0.198615398077891,3,0.687250933637188,2.08958911750597,1.2389330909391,0,5.25
436,120,1,2,1662.70731613097,0.198341767118109,NaN,NaN,NaN,NaN,0,-5.25
437,174,1,2,1665.92505496763,0.19834381569126,2,0.437436695405268,1.98646390076101,1.01896218654292,1,-5.25
438,11,1,1,1668.98925376594,0.198489849755788,1,0.546019606024856,2.28226452885247,1.09784779738766,1,5.25
439,325,2,5,1672.24071447239,0.198286162965815,3,0.132958307713125,1.91860195943082,0.717709132339223,1,-3.00959630176988
440,57,1,1,1675.54216506766,0.198566817607571,1,0.780330821293319,2.19295109088125,1.34221575523043,1,5.25
441,230,2,6,1678.47095165921,0.199134857921308,3,0.230437654428897,1.61623477360808,0.781997775249692,1,-3.00959630176988
442,82,1,2,1681.37226775097,0.218740004056599,2,1.32403817254453,2.72305591056102,1.90517794645712,1,-5.25
443,46,1,2,1684.28740088926,0.199308401406597,2,0.438640671627581,2.19197245780015,0.990724349438096,1,-5.25
444,170,1,2,1687.55658878476,0.198380397370784,NaN,NaN,NaN,NaN,0,-5.25
445,246,2,6,1690.72363565701,0.198366057353269,3,0.182596427112003,1.56338624604905,0.745655779275694,1,-3.00959630176988
446,43,1,1,1693.64014719297,0.198380982677918,NaN,NaN,NaN,NaN,0,5.25
447,100,1,2,1696.8073161017,0.198267725800179,1,1.2023338525978,2.8157737859201,1.76450266036773,0,-5.25
448,275,2,3,1699.93669847712,0.19954603599399,3,0.465404413389479,1.90256250272614,1.01790365907436,1,3.00959630176988
449,93,1,1,1702.9067846138,0.198415515782472,2,1.32571215018106,2.75625744254285,1.88824297024439,0,5.25
450,316,2,4,1705.8539791063,0.199006968372487,3,0.246784689894412,1.63310273218303,0.798766524310849,1,3.00959630176988
