PresOrder,TrialNumber,Illusory_Fragmented,Fat_Thin,StimPresTime,StimPresLength,Response,RespScreenOnset_to_Resp,ExpStartOnset_to_Resp,StimOnset_to_Resp,Accuracy,StepLevel
1,99,1,1,188.816399819609,0.217593146739091,1,0.337472245399113,1.95010244363402,0.928273652831194,1,3.5
2,414,3,1,191.978485812559,0.198217676845161,2,1.46343943124521,2.85995555752015,2.03887736643992,0,-3.5
3,52,1,2,194.890801319636,0.198395903307755,2,0.515924344184896,2.28363614760565,1.0979092484904,1,-3.5
4,184,1,2,198.173833721441,0.199282060495534,2,0.221584951248587,1.87268865300393,0.774126785447152,1,-3.5
5,346,2,2,201.345799430554,0.198445361882477,3,0.163169691786607,1.66087045335917,0.740794339832064,1,2.76558856708574
6,231,2,7,204.360907122942,0.198406731517025,3,0.162265097376803,1.78944957873864,0.720502569358359,1,-2.76558856708574
7,230,2,6,207.503746706541,0.198936143126048,3,0.237512368303214,1.7586070358193,0.789838516289819,1,-2.76558856708574
8,125,1,1,210.539608855835,0.198424583428277,2,0.111120541083437,1.71495384402988,0.696141148333481,0,3.5
9,149,1,1,213.678971121168,0.198270061964649,2,0.0782297107889462,1.70403491248544,0.635201160315773,0,3.5
10,252,2,4,216.820029318107,0.19923084599759,3,0.341774263453772,1.74654353334881,0.894548757814846,1,2.76558856708574
11,272,2,8,219.741130892266,0.198321861773366,3,0.133738913158595,1.51398960667575,0.695223091828666,1,-2.76558856708574
12,171,1,1,222.63695211093,0.198801522154099,1,0.448422169030891,1.96925344768715,1.00038074323129,1,3.5
13,265,2,1,225.673395178988,0.198214750304032,3,0.316365725382639,1.99709950333636,0.876712649484034,1,2.76558856708574
14,256,2,8,228.870132317785,0.198481943669321,3,0.161035071398146,1.63219121094698,0.71287775449855,1,-2.76558856708574
15,64,1,2,231.85599916418,0.198417267070909,2,0.498919666690199,2.20619660339617,1.07077990319522,1,-3.5
16,101,1,1,235.077840187931,0.19833503121481,2,0.145599020894224,1.88843696563163,0.702996282412641,0,3.5
17,365,2,5,238.336683249434,0.198748844381043,3,0.310945182633077,1.78165151253961,0.862771477093702,1,-2.76558856708574
18,415,3,1,241.321581702785,0.198551888044676,NaN,NaN,NaN,NaN,0,-3.5
19,82,1,2,244.272686487362,0.217406725956607,2,1.38193843080444,2.82953443677616,1.96055137238727,1,-3.5
20,32,1,2,247.235611578692,0.199357857958603,2,0.653587166056241,2.27448192142765,1.20588346330624,1,-3.5
21,389,2,5,250.371511451123,0.198379222012591,3,0.331821969029988,1.73050900482667,0.894938280673159,1,-2.76558856708574
22,262,2,6,253.284829884451,0.198966871826997,3,0.168060237616373,1.85742614649462,0.720713573100511,1,-2.76558856708574
23,212,2,4,256.48836801628,0.198367515842619,3,0.0686476240425691,1.53364280549067,0.631375876097081,1,2.76558856708574
24,232,2,8,259.468912944421,0.198863272209564,3,0.0659183301377197,1.55300247205014,0.617433825744229,1,-2.76558856708574
25,283,2,3,262.470798516009,0.198233187524238,3,0.120549276982274,1.80730880675765,0.671657690472784,1,2.76558856708574
26,424,3,1,265.671447857347,0.198257477830339,NaN,NaN,NaN,NaN,0,-3.5
27,131,1,1,268.818608188876,0.199151829338007,NaN,NaN,NaN,NaN,0,3.5
28,5,1,1,271.736377893949,0.198342640227565,3,0.149807682233586,1.5495883671083,0.730552317660113,0,3.5
29,93,1,1,274.650559950085,0.199557155528964,2,0.634000985075545,2.33945614882759,1.18671226610604,0,3.5
30,444,3,1,277.870420874913,0.198387416334299,NaN,NaN,NaN,NaN,0,-3.5
31,154,1,2,280.967793980744,0.198929997386585,2,0.772146393870571,2.54191233775055,1.32334143302978,1,-3.5
32,173,1,1,284.270197462629,0.198286450604428,2,0.62681690757563,2.06376205333254,1.17794492890062,0,3.5
33,199,1,1,287.22145413478,0.198265379494842,1,0.521311231690561,2.15235933498479,1.08359816107804,1,3.5
34,345,2,1,290.367386488913,0.199474627019299,3,0.277639661211651,1.7824288023312,0.830168033313385,1,2.76558856708574
35,21,1,1,293.386483351922,0.198361955410292,2,0.891741032561185,2.39537974966879,1.44337037068544,0,3.5
36,363,2,3,296.422219952527,0.19840351232051,3,0.387762543821736,1.76778291841219,0.948436948072413,1,2.76558856708574
37,391,2,7,299.315799731987,0.199171144520733,3,0.207493354553662,1.97788557861168,0.758165127841494,1,-2.76558856708574
38,103,1,1,302.600910271902,0.198919169177316,1,0.395394382383529,1.88507934296831,0.966297054053939,1,3.5
39,356,2,4,305.604551183918,0.198246064312116,3,0.0840567503491911,1.68138112924134,0.645361531938761,1,2.76558856708574
40,322,2,2,308.716902628943,0.199080129037611,3,0.31930953488154,2.07303421918732,0.870969601706747,1,2.76558856708574
41,290,2,2,311.986536732064,0.216700258501078,3,0.0186722216349153,1.56721171577192,0.597087621572427,1,2.76558856708574
42,430,3,1,315.051153043269,0.198927656152591,3,0.703410680886009,2.0906566898866,1.25529843274853,1,-3.5
43,182,1,2,317.95272813792,0.198392684111241,1,0.412505878693992,1.86163363721607,0.976402699327082,0,-3.5
44,27,1,1,320.916303799735,0.198847761532306,1,0.0982434596880921,1.58515874007753,0.64939899051933,1,3.5
45,109,1,1,323.918068505101,0.198400585777563,1,0.171770801354796,1.79155200715468,0.722929258727163,1,3.5
46,402,3,1,327.052085147181,0.198359906829864,3,0.896494616185009,2.63338143594228,1.44794455722877,1,-3.5
47,450,3,1,330.303079805946,0.198353175781449,3,0.424646641895379,2.02272928805178,0.987064387749342,1,-3.5
48,75,1,1,333.41523605056,0.198395317998802,1,0.414507926687293,1.8382763130594,0.965842561941827,1,3.5
49,9,1,1,336.353111397977,0.198357272942303,1,0.13701634854624,1.86832781143494,0.699432338475162,1,3.5
50,279,2,7,339.600471290469,0.198447703118291,3,0.254980317535228,1.70899452472986,0.806573366528028,1,-2.76558856708574
51,30,1,2,342.568322338799,0.223815562243544,1,0.387996959907468,1.83704365319318,0.96787680190937,0,-3.5
52,58,1,2,345.531457263256,0.199034767621924,1,0.392411357210221,2.13018521211961,0.943791061225056,0,-3.5
53,228,2,4,348.784011184076,0.198453263548799,3,0.0187199242845963,1.62258980901788,0.570500564677786,1,2.76558856708574
54,196,1,2,351.902304389141,0.198395025345235,1,1.13736021733712,2.71897754785641,1.70020465314519,0,-3.5
55,287,2,7,355.023874444287,0.198282353443574,3,0.127010205731494,1.85356018333005,0.684696609687308,1,-2.76558856708574
56,201,2,1,358.266539869319,0.198388294296819,3,0.307653114528875,1.77879315809332,0.859549646020241,1,2.76558856708574
57,65,1,1,361.252356964484,0.19834673738842,1,0.330217345561323,2.00893853996604,0.923429639031383,1,3.5
58,404,3,1,364.446346957464,0.198396195963142,3,0.491787681654387,1.87897954961045,1.04283756428595,1,-3.5
59,158,1,2,367.349362789182,0.19874006475402,1,0.589533629050493,2.3598717120658,1.1410906815654,0,-3.5
60,426,3,1,370.634239205667,0.19841346256726,3,0.507355719240877,2.21104412904788,1.05882877997465,1,-3.5
61,54,1,2,373.852213388291,0.227606313254,1,0.450715993352787,2.04921947637558,1.03048667530311,0,-3.5
62,327,2,7,376.966009082233,0.198984138429296,3,0.031613101664334,1.71931175905411,0.583845892933823,1,-2.76558856708574
63,240,2,8,380.167796263449,0.198302253935253,3,0.190957509232248,1.7894972813865,0.754136156238019,1,-2.76558856708574
64,296,2,8,383.312096777261,0.198372490964175,3,0.112406464029846,1.73332170520371,0.663482685547933,1,-2.76558856708574
65,107,1,1,386.446785060934,0.199283816422394,1,0.234734493786164,1.62256142155093,0.786338956295367,1,3.5
66,127,1,1,389.349161735687,0.198808253202515,1,0.262246045582287,1.81621515475126,0.814166867377935,1,3.5
67,438,3,1,392.417280533427,0.198359614176297,3,0.390627921970008,2.15611818667821,0.941945290622243,1,-3.5
68,126,1,2,395.697079983296,0.199045010522241,1,0.703178606034271,2.32399522271044,1.2545805517766,0,-3.5
69,85,1,1,398.832762413591,0.198354639052923,1,0.28338973269274,1.80442850323925,0.835142570926109,1,3.5
70,57,1,1,401.867798399824,0.198325373625266,1,0.247361063107746,1.94523911465149,0.826401865262596,1,3.5
71,189,1,1,405.079676886253,0.199220895750841,1,0.184694707435483,1.60537354247026,0.73592720634224,1,3.5
72,72,1,2,408.015132860657,0.198651975812027,1,0.194688558767666,1.56585087332496,0.747286875244754,0,-3.5
73,395,2,3,410.900381943113,0.198349956584934,3,0.116807106582201,1.64868023158306,0.679878642118638,1,2.76558856708574
74,166,1,2,413.94659205543,0.198922973684603,1,0.389663918740553,2.01041468820222,0.940928902275118,0,-3.5
75,436,3,1,417.081688591838,0.198762013824307,3,0.624862562228373,2.3954330127508,1.176642909968,1,-3.5
76,447,3,1,420.366179289967,0.198253088015917,3,0.448092932954751,1.93470531615276,0.999077553678944,1,-3.5
77,360,2,8,423.367415169032,0.198385953061006,3,0.195183437172091,1.7095795406567,0.756376132168953,1,-2.76558856708574
78,88,1,2,426.395672989267,0.19906227712454,1,0.312737104846747,2.03337927030225,0.863923657030682,0,-3.5
79,122,1,2,429.631362414,0.19870406827431,1,0.0872425849447609,1.75764069135403,0.638803149309751,0,-3.5
80,361,2,1,432.816822119748,0.198422827503236,3,0.0211779276614834,1.80546245084406,0.602577230734823,1,2.76558856708574
81,197,1,1,436.115647902941,0.198327422203874,1,0.398524027355961,1.76928599084385,0.950770280722281,1,3.5
82,132,1,2,439.000538191238,0.198376002816076,1,0.296311004884046,2.06057797466383,0.858526526624701,0,-3.5
83,379,2,3,442.278827837627,0.199049692990229,3,0.17220627093775,1.72619498794484,0.740370283765515,1,2.76558856708574
84,42,1,2,445.347468437967,0.198883172701244,2,0.139134287639536,1.80957687750197,0.690924000315135,1,-3.5
85,113,1,1,448.531941313449,0.198344396154425,1,0.370601003629417,2.04097511238797,0.922320479274276,1,3.5
86,273,2,1,451.716969939429,0.198348200658074,3,0.16542956820922,1.89609806962289,0.727482081509152,1,2.76558856708574
87,253,2,5,454.961800420895,0.19931659370377,3,0.0942051231468213,1.71513294845499,0.645859922195086,1,-2.76558856708574
88,2,1,2,458.097797161898,0.198372783619561,1,0.527974677210295,2.29897474422796,1.07947905195215,0,-3.5
89,396,2,4,461.382795322565,0.198308399674715,3,0.130068443057098,1.61418507047529,0.71216045883375,1,2.76558856708574
90,329,2,1,464.381484524003,0.19830342455316,3,0.107795110390725,1.7113179071348,0.659348651053733,1,2.76558856708574
91,305,2,1,467.499570822485,0.198261867642941,3,0.0860956727847224,1.61711483256659,0.648466593951525,1,2.76558856708574
92,247,2,7,470.544686993067,0.199309862653536,3,0.149282367783599,1.81999624817217,0.70074899012252,1,-2.76558856708574
93,324,2,4,473.747347747338,0.198290547763463,3,0.0169133693561889,1.47121876756864,0.56887984522109,1,2.76558856708574
94,334,2,6,476.715841171836,0.198360492140637,3,0.216920334527458,1.86479576681268,0.77962605220273,1,-2.76558856708574
95,306,2,2,479.878404776586,0.199593737315809,3,0.0176660761881067,1.52223484862952,0.569843263143412,1,2.76558856708574
96,413,3,1,482.89755168348,0.198330641400389,3,0.50848156029133,2.09101197219388,1.06941730482322,1,-3.5
97,174,1,2,485.994681300943,0.199006087501402,2,0.472248032705465,2.22597476558985,1.02344658371476,1,-3.5
98,214,2,6,489.263397640212,0.198507697246896,3,0.137457378559702,1.74116688874165,0.689257334137437,1,-2.76558856708574
99,144,1,2,492.381583441153,0.198315130723131,2,0.208294934651349,1.82317974153375,0.768216924723674,1,-3.5
100,409,3,1,495.510693734066,0.199290254815423,3,0.737685473313832,2.34173885228665,1.28915707077613,1,-3.5
101,386,2,2,498.629779154293,0.198329178130734,3,0.217030372539739,1.67071622162257,0.768622543570018,1,2.76558856708574
102,385,2,1,501.598073573874,0.19829171838137,3,0.235869992429798,1.95066638844946,0.815073217712779,1,2.76558856708574
103,314,2,2,504.828271633518,0.198991454788484,3,0.0597468364812812,1.48011048284752,0.611130930310537,1,2.76558856708574
104,140,1,2,507.763585377937,0.198340591647138,2,0.489787682239694,2.03321392062935,1.04799705940968,1,-3.5
105,377,2,1,510.821584483001,0.198319227883985,3,0.0729136456211563,1.63077125233576,0.628077662253418,1,2.76558856708574
106,51,1,1,513.894344192466,0.19836839380514,2,0.401247760828483,2.17405233419595,0.953436361300191,0,3.5
107,339,2,3,517.18187732459,0.198340298993571,3,0.0194331227885414,1.68345780407981,0.581153180815818,1,2.76558856708574
108,8,1,2,520.361449411341,0.198902195228584,3,0.614631075612124,2.25111025721162,1.16566427695034,0,-3.5
109,69,1,1,523.512408980858,0.198308399674715,2,0.467951282425929,1.89189409075334,1.03934824719181,0,3.5
110,293,2,5,526.450377977648,0.198330934055775,3,0.61413239270405,2.02599999239101,1.17345707537061,1,-2.76558856708574
111,89,1,1,529.376193334447,0.199137196625088,1,0.304568538316744,1.87605681122295,0.856300890753118,1,3.5
112,206,2,6,532.462118682435,0.198262452951894,3,0.222844535310287,1.92632545322704,0.774237116114818,1,-2.76558856708574
113,161,1,1,535.679608229555,0.198339421029232,1,0.789196432779136,2.20487907378447,1.35259076599687,1,3.5
114,26,1,2,551.125236720738,0.198365174608625,2,0.738494662426092,2.51104843106623,1.31082958418847,1,-3.5
115,192,1,2,554.41359455265,0.198398829850703,2,0.496068628601279,1.91065410867486,1.05820279244836,1,-3.5
116,392,2,8,557.343239583483,0.199004916885315,3,0.0169069309595216,1.48721817757723,0.568561144698833,1,-2.76558856708574
117,417,3,1,560.328067507151,0.198685338400537,3,0.807187062573576,2.47593986656648,1.35801569856085,1,-3.5
118,39,1,1,563.511136812662,0.219231132798086,1,0.641713596220143,2.12500932835428,1.22368181923412,1,3.5
119,373,2,5,566.510120131659,0.199012233240865,3,0.2575000709694,1.71000827918942,0.808595900321961,1,-2.76558856708574
120,432,3,1,569.477780369394,0.198852151346728,3,0.434102009336129,1.85452828372036,0.986308169063705,1,-3.5
121,37,1,1,572.412873745136,0.198411999295786,1,0.331310116678651,2.07932189659914,0.894654113359138,1,3.5
122,83,1,1,575.692792305299,0.198981211888167,1,0.211416092650325,1.81510043456365,0.763222779274656,1,3.5
123,387,2,3,578.811597362717,0.198476383238813,3,0.13091538457229,1.80061668111921,0.682844985998599,1,2.76558856708574
124,394,2,2,581.995369623832,0.198476383236994,3,0.403055779030183,2.08887003544805,0.954200481650332,1,2.76558856708574
125,226,2,2,585.195191046183,0.198237869992226,3,0.118795985134057,1.60074287364841,0.678273140687452,1,2.76558856708574
126,398,2,6,588.191915952029,0.199353468142363,3,0.355529015063439,2.09227916526834,0.90701378196718,1,-2.76558856708574
127,368,2,8,591.443879296494,0.199101200145378,3,0.220747374671191,1.62435568500041,0.773085521484973,1,-2.76558856708574
128,211,2,3,594.361793280132,0.198400585775744,3,0.0926382520810876,1.56219766982758,0.643938354129205,1,2.76558856708574
129,35,1,1,597.364414291947,0.198350834547455,1,0.448458750817736,2.12753230098679,1.00935996214321,1,3.5
130,120,1,2,600.558011835525,0.198742405986195,2,0.136159749439685,1.80583470710189,0.687037551349931,1,-3.5
131,295,2,7,603.742768878323,0.198977700036266,3,0.282590786482615,1.7011657298317,0.833497853820518,1,-2.76558856708574
132,299,2,3,606.676183296406,0.198974480839752,3,0.046139289979692,1.56763313794727,0.616742283658823,1,2.76558856708574
133,142,1,2,609.712017350888,0.198361955410292,2,0.302305735351183,1.98803834122373,0.853905222737012,1,-3.5
134,362,2,2,612.930420272045,0.19835932152273,3,0.292766083473907,1.7053726352442,0.854133785738668,1,2.76558856708574
135,352,2,8,615.858557255324,0.199045303177627,3,0.171140131360517,1.65743966712398,0.722507836549994,1,-2.76558856708574
136,74,1,2,618.85977264859,0.198926192881117,2,0.245381549493686,1.84800004448334,0.797007961074996,1,-3.5
137,4,1,2,621.976985081363,0.198526427120669,2,0.313365726260599,1.69883707964982,0.864456580491606,1,-3.5
138,77,1,1,624.876830003854,0.198287035911562,1,0.544599196782656,2.01501989610188,1.09568010076691,1,3.5
139,441,3,1,627.861339519655,0.19833854306853,3,0.537577249757305,2.10224609240686,1.10098592303621,1,-3.5
140,448,3,1,630.940561621141,0.199311911233963,3,0.406768684000781,1.92718117436925,0.958383096756734,1,-3.5
141,405,3,1,633.975869483211,0.218535786205393,3,0.341234901599819,1.90777234188681,0.923088404129885,1,-3.5
142,406,3,1,637.05704095492,0.199287913583248,3,0.330165545752607,2.05070089239052,0.881911945591128,1,-3.5
143,342,2,6,640.292420166104,0.198986187009723,3,0.233876431409954,1.68714758936403,0.78612034354046,1,-2.76558856708574
144,335,2,7,643.260108498651,0.198280597516714,3,0.0180673052182101,1.65408789754656,0.569169865621006,1,-2.76558856708574
145,98,1,2,646.410266780724,0.198310155601575,2,0.347509409566555,2.1293537812835,0.928102157418834,1,-3.5
146,18,1,2,649.706796398363,0.199297571174611,2,0.0699540327914292,1.65695034915007,0.621574883940411,1,-3.5
147,326,2,6,652.808775297402,0.199009599353303,3,0.253296092098026,1.87466699600009,0.823362650464333,1,-2.76558856708574
148,433,3,1,655.944716726744,0.198356980286917,3,0.319598092011802,2.06673454295014,0.882267813207363,1,-3.5
149,78,1,2,659.206138657846,0.199325958639747,2,0.288114343544294,1.72544550030943,0.839690418586542,1,-3.5
150,224,2,8,662.158374258597,0.198246649621069,3,0.261018068184057,1.78100211267156,0.812091655810946,1,-2.76558856708574
151,323,2,3,665.193292890463,0.198307814365762,3,0.217205965114772,1.58641920209993,0.768459242475728,1,2.76558856708574
152,134,1,2,668.076753269899,0.19826918400031,2,0.196397659818103,1.79883119729857,0.748319944887044,1,-3.5
153,298,2,2,671.193733627822,0.198392098802287,3,0.0609101372829173,1.44190797719966,0.623904997393765,1,2.76558856708574
154,139,1,1,674.090086306676,0.199289669508289,2,0.352455559714144,2.10528033208175,0.903968128777706,0,3.5
155,183,1,1,677.376403460228,0.198342054920431,1,0.681559355703939,2.16310560049533,1.24385360144879,1,3.5
156,393,2,1,680.372649291001,0.199375709868036,3,0.232134260422754,1.71879112707393,0.783568983444638,1,2.76558856708574
157,249,2,1,683.373878731671,0.198493064532158,3,0.183036528231241,1.9334059311077,0.745143182573884,1,2.76558856708574
158,136,1,2,686.639974059124,0.19893760639934,2,0.146749444907982,1.89942613420317,0.697924876229081,1,-3.5
159,153,1,1,689.907196983553,0.19914070847517,2,0.569178645251668,2.28837773240411,1.12093762922632,0,3.5
160,66,1,2,693.141568586021,0.218811173890572,2,0.0952788717349904,1.87778815399724,0.676414200639556,1,-3.5
161,203,2,3,696.439088545774,0.199319812900285,3,0.154057022518828,1.74042881462447,0.705434385297849,1,2.76558856708574
162,130,1,2,699.540273473727,0.198875563688489,2,0.238513538626648,1.79108932072268,0.789655900012804,1,-3.5
163,215,2,7,702.607020893467,0.198724261421376,3,0.222412870232802,1.89249286143058,0.774055670455709,1,-2.76558856708574
164,151,1,1,705.791470941916,0.198479017126374,1,0.552820441082076,2.25170522338158,1.11362390587419,1,3.5
165,431,3,1,709.005663153157,0.199331811725642,3,0.435900955251782,2.00552882483862,0.98745976369355,1,-3.5
166,390,2,6,712.090237608943,0.198557155821618,3,0.105016943220107,1.82509721243878,0.656544437651974,1,-2.76558856708574
167,218,2,2,715.324272658978,0.198318349921465,3,0.265446512892595,1.93514985801812,0.817010003802352,1,2.76558856708574
168,371,2,3,718.508722707427,0.198362540719245,3,0.0593552650407219,1.59063869164675,0.621985185254744,1,2.76558856708574
169,328,2,8,721.554742009148,0.199140415819784,3,0.0158425473091484,1.40215030665786,0.566790586248317,1,-2.76558856708574
170,220,2,4,724.455998988587,0.199259233460907,3,0.0184890200507652,1.67139517957366,0.570260880813294,1,2.76558856708574
171,79,1,1,727.623868708262,0.198459409290081,1,0.211916238829872,1.73144520589813,0.763516896835426,1,3.5
172,437,3,1,730.657738759808,0.198360492138818,3,0.392242495685423,1.85757920468859,0.953850467119992,1,-3.5
173,106,1,2,733.638633995131,0.19894404479237,2,0.20204676557114,1.74060001738508,0.772464801737442,1,-3.5
174,223,2,7,736.692108079571,0.198360492138818,3,0.210265961291952,1.59098460901805,0.772591228389501,1,-2.76558856708574
175,289,2,1,739.588051920384,0.199310740617875,2,0.0187436292835628,1.73819410646865,0.570020318988099,0,2.76558856708574
176,59,1,1,742.822516879567,0.198795083759251,1,0.351532235430568,1.75667610281744,0.922051237326741,1,3.5
177,311,2,7,745.742385501204,0.198248112890724,3,0.161610429731809,1.90840945027594,0.723823024925878,1,-2.76558856708574
178,33,1,1,749.003923030752,0.199322739443232,1,0.338072479347829,1.97497132719582,0.889638604143329,1,3.5
179,358,2,6,752.155822313192,0.198965408555523,3,0.175601938659383,1.67913734880312,0.727681086425946,1,-2.76558856708574
180,11,1,1,755.17395839217,0.198373368928515,1,0.224586120986714,1.84497312116582,0.793908166840993,1,3.5
181,355,2,3,758.308920892912,0.198315716032084,3,0.131319247491774,1.677931320477,0.693513698122842,1,2.76558856708574
182,209,2,1,761.371173435418,0.219011642080659,3,0.0192323619448871,1.73669542385323,0.601579572261471,1,2.76558856708574
183,428,3,1,764.603264675661,0.199094469096963,3,0.303681503164626,2.03972108875678,0.854370250403008,1,-3.5
184,348,2,4,767.855321084191,0.198762891786828,3,0.135630923139615,1.55573001002813,0.687422977049209,1,2.76558856708574
185,167,1,1,770.790196432486,0.198361955410292,1,0.367876684847943,2.02065144259541,0.919490512293123,1,3.5
186,443,3,1,773.957702382879,0.217483694033945,3,0.359279087129835,1.77332081553504,0.938523869323035,1,-3.5
187,357,2,5,776.887212792739,0.19903242638793,3,0.0307462596592813,1.68363164072798,0.58201826689583,1,-2.76558856708574
188,97,1,1,780.054974815635,0.198858297084371,1,0.359066327460823,1.79578788534127,0.91092042407945,1,3.5
189,276,2,4,783.006619547376,0.19844331330205,3,0.194339422201665,1.89238545730586,0.774560499103245,1,2.76558856708574
190,80,1,2,786.22085097429,0.199330641107736,2,0.325332945469199,2.06175385959796,0.877190261284341,1,-3.5
191,86,1,2,789.471299832807,0.199272695559557,2,0.225637920502777,1.99569212885763,0.778167755877803,1,-3.5
192,344,2,8,792.755994218322,0.198375710162509,3,0.126568297755512,1.66293922653313,0.678678759531977,1,-2.76558856708574
193,91,1,1,795.824362942827,0.198429558551652,2,0.630321735347025,2.21040555738728,1.19196950776313,0,3.5
194,141,1,1,798.921200198654,0.198369564421228,2,0.2900932718494,2.07327653693937,0.853421465197243,0,3.5
195,44,1,2,802.219793321688,0.199318934937764,2,0.355665977271201,1.87877352098985,0.927038651729163,1,-3.5
196,309,2,5,805.257709904094,0.198292011034937,3,0.2966841391044,1.79310395285211,0.858774112151877,1,-2.76558856708574
197,266,2,2,808.268676830941,0.199349956292281,3,0.0987134624774626,1.68598838572143,0.650541220209561,1,2.76558856708574
198,155,1,1,811.371490672669,0.198596078842456,1,0.359427755509387,2.09527389661343,0.910880623096091,1,3.5
199,53,1,1,814.640327585506,0.198419022997768,1,0.0640643652131985,1.7942894953776,0.626126536106312,1,3.5
200,14,1,2,817.886588853793,0.198993796020659,2,0.188620664730479,1.67619734381151,0.740847310258687,1,-3.5
201,119,1,1,820.8885575392,0.198299327392306,1,0.326983515662505,1.72983004687376,0.878316980299132,1,3.5
202,47,1,1,823.805554051638,0.198423705465757,1,0.388914723758717,2.03686507554448,0.949607272576031,1,3.5
203,123,1,1,826.968205160021,0.1993022536426,1,0.1855574522815,1.92245685617308,0.737079093627472,1,3.5
204,401,3,1,830.220222060221,0.198958677507107,2,0.550159042973974,2.07023849276084,1.10248255707302,0,-3.5
205,222,2,6,833.255582014755,0.198416096453002,3,0.340316845093184,2.01087415543589,0.909628355389941,1,-2.76558856708574
206,264,2,8,836.4408573483,0.198452092930893,3,0.140701158707088,1.76974077561135,0.701056569780121,1,-2.76558856708574
207,333,2,5,839.585510803186,0.199057887310119,3,0.235432181611031,1.70512153786331,0.786907876234181,1,-2.76558856708574
208,388,2,4,842.569812241787,0.218753813651347,3,0.0448744381410506,1.74464947478918,0.626678774751781,1,2.76558856708574
209,312,2,8,845.785040741866,0.198996722565425,3,0.0156915376956022,1.40095217999624,0.566324095310847,1,-2.76558856708574
210,449,3,1,848.685856105983,0.19929142543333,3,0.673644813097781,2.06053378386423,1.22603300379524,1,-3.5
211,274,2,2,851.587303896018,0.198206263326938,3,0.0203447409003275,1.76922716733316,0.58119093321875,1,2.76558856708574
212,337,2,1,854.851200511794,0.199018964291099,3,0.0173886399206822,1.5538300983826,0.568503784459608,1,2.76558856708574
213,121,1,1,857.902715861072,0.199124612488959,1,0.263680636908248,1.68347946049835,0.815849629543663,1,3.5
214,198,1,2,860.836755096063,0.198540181872886,2,0.134844853717368,1.63749937445027,0.686427952465237,1,-3.5
215,225,2,1,863.872734307073,0.198300790663779,3,0.278557425064719,1.84156369869197,0.839791384316413,1,2.76558856708574
216,403,3,1,866.950461237793,0.199171729829686,3,0.336921177371551,1.93983203399694,0.887890287418486,1,-3.5
217,442,3,1,870.06852529455,0.198718115681913,3,0.320983517416607,1.95791748378178,0.872777619906628,1,-3.5
218,193,1,1,873.220293175214,0.198371320348087,1,0.231536075054464,1.8379558566121,0.803552296298221,1,3.5
219,258,2,2,876.340917371695,0.198400000466791,3,0.198643196183184,1.89315074827209,0.758627228964542,1,2.76558856708574
220,320,2,8,879.55102734825,0.199468773933404,3,0.0839695393715374,1.55529717433456,0.637030542278808,1,-2.76558856708574
221,60,1,2,882.536570811657,0.198513257679224,2,0.263072501295028,1.96159702616387,0.843659396061412,1,-3.5
222,68,1,2,885.749646254128,0.199043547250767,2,0.291503280215693,2.04450803496911,0.84235854774488,1,-3.5
223,435,3,1,889.01799092245,0.199472285785305,3,0.759509581646853,2.4963390411649,1.31204790399534,1,-3.5
224,10,1,2,892.269255115816,0.198426046699751,2,0.739954422020674,2.308944890563,1.29115941142481,1,-3.5
225,284,2,4,895.372124854513,0.198396195963142,3,0.129891972521364,1.52596267897025,0.691212264790011,1,2.76558856708574
226,221,2,5,915.46206717528,0.199318349628811,3,0.291433921149292,2.14838157788108,0.842766215169831,1,-2.76558856708574
227,17,1,1,918.834355330888,0.198373954237468,2,0.411800289200983,2.11160605455007,0.973987130821115,0,3.5
228,366,2,6,922.050359364835,0.198438923487629,3,0.0991705884771363,1.79944781988524,0.679877764156117,1,-2.76558856708574
229,40,1,2,925.265747946811,0.199297278521044,2,0.542085589087947,2.12838216904311,1.09349368056974,1,-3.5
230,317,2,5,928.366916778778,0.19822762709191,3,0.0888185282947234,1.64295503571702,0.640427673273734,1,-2.76558856708574
231,316,2,4,931.436018602277,0.198371613001655,3,0.0988527659210376,1.5180340889583,0.650589800821763,1,2.76558856708574
232,313,2,1,934.369891316977,0.198430436514172,3,0.0200994966053258,1.7067525002185,0.605311499763047,1,2.76558856708574
233,250,2,2,937.571248296386,0.198336494488103,3,0.0643403382091492,1.72682536528373,0.625509328210683,1,2.76558856708574
234,168,1,2,940.749177129301,0.199250746487451,2,0.913547581636521,2.50073851310117,1.46551727669976,1,-3.5
235,341,2,5,943.869188800354,0.198504478048562,3,0.161030974237292,1.90854933902665,0.723498471319544,1,-2.76558856708574
236,354,2,2,947.131985036001,0.199024524721608,3,0.0586941590008792,1.46198054960951,0.610152001710958,1,2.76558856708574
237,159,1,1,950.05014133739,0.198949312569312,1,0.581259706978017,2.16774943876226,1.13343864985654,1,3.5
238,213,2,5,953.151234664549,0.217152994688149,3,0.0228141577936185,1.7547852634525,0.603300379485518,1,-2.76558856708574
239,148,1,2,956.399156160622,0.199549546516209,2,0.367555643091691,1.75434979386955,0.919918665518708,1,-3.5
240,304,2,8,959.300502692273,0.198301375972733,3,0.116759989241473,1.65320730078929,0.668458686432132,1,-2.76558856708574
241,55,1,1,962.352059598461,0.218632947429796,1,0.325774560791615,2.08985013466554,0.904889111827288,1,3.5
242,239,2,7,965.63082890523,0.198982675159641,3,0.0915030460928392,1.6108201314546,0.642246812336452,1,-2.76558856708574
243,178,1,2,968.665516047551,0.199013111205204,2,0.406430082988663,1.99239391501578,0.958050348828692,1,-3.5
244,172,1,2,971.766768578645,0.198690313522093,2,0.537373855027909,2.30684802257929,1.089148349678,1,-3.5
245,28,1,2,975.069390087974,0.198402634356171,2,0.379804103073184,1.87624059811606,0.941064401209587,1,-3.5
246,61,1,1,978.080835504585,0.199243430130082,1,0.337858549060911,2.02495609453945,0.889871556957587,1,3.5
247,291,2,3,981.283218237279,0.198327129550307,3,0.282749405107097,1.68625821297792,0.834115061716147,1,2.76558856708574
248,36,1,2,984.201508866987,0.198488674717737,2,0.192153879967009,1.77594065673293,0.774488798802849,1,-3.5
249,13,1,1,987.299697307668,0.198247820237157,1,0.47094659907998,1.95789612001863,1.02259964220138,1,3.5
250,112,1,2,990.301510300993,0.198308399676534,2,0.345453805837678,1.87606266430703,0.908314922940917,1,-3.5
251,370,2,2,993.348172856842,0.198281768136439,3,0.226432184246733,1.98133802126358,0.778398367458067,1,2.76558856708574
252,116,1,2,996.617755452808,0.198353175781449,2,0.18283635269654,1.86366056082625,0.745614355981161,1,-3.5
253,267,2,3,999.814117408803,0.199530523988869,3,0.279133954014469,1.88344282018079,0.831841723194884,1,2.76558856708574
254,3,1,1,1002.93300206819,0.198532280206564,2,0.342020093057727,1.79634392849221,0.911425252728804,0,3.5
255,315,2,3,1005.90192569449,0.198518525454347,3,0.124996451566403,1.77130647605918,0.68649906745668,1,2.76558856708574
256,162,1,2,1009.06353290502,0.199359321228258,2,0.248026266308443,1.61786724674675,0.799824465957499,1,-3.5
257,425,3,1,1011.94827628087,0.198927070843638,3,0.754263460852599,2.34131391825758,1.30650298317232,1,-3.5
258,165,1,1,1015.06896017882,0.198331519364729,1,0.528164902496428,2.14061980081351,1.08890603192776,1,3.5
259,325,2,5,1018.19686502872,0.199070764099815,2,0.0895867458038992,1.49263959829113,0.641046344440838,0,-2.76558856708574
260,181,1,1,1021.1153889039,0.198599590692538,1,0.301233742688055,1.8538949798367,0.852901418524198,1,3.5
261,340,2,4,1024.18282962165,0.198275329741591,NaN,NaN,NaN,NaN,0,2.76558856708574
262,138,1,2,1027.41438735312,0.198799473573672,2,0.218160018097478,1.58698402487971,0.76910688641874,1,-3.5
263,84,1,2,1030.29840465367,0.198315716032084,2,0.0801378167579969,1.78288856222207,0.631484450837888,1,-3.5
264,364,2,4,1033.51591497925,0.198293181652843,3,0.0169089795417676,1.53180464389698,0.57729511931575,1,2.76558856708574
265,187,1,1,1036.54621581908,0.199232016613678,1,0.471193306644636,2.00690020283946,1.02229645235639,1,3.5
266,303,2,7,1039.59701914047,0.199226748836736,3,0.201856247627802,1.97210185188669,0.754201710798952,1,-2.76558856708574
267,202,2,2,1042.90007933858,0.198340591647138,3,0.341335574676123,2.00503570235924,0.903063534367902,1,2.76558856708574
268,332,2,4,1046.07946237066,0.199050570954569,3,0.199632075027694,1.60166912447494,0.750296824613542,1,2.76558856708574
269,330,2,2,1048.99667164276,0.198965993864476,3,0.257735365017652,1.67660501123646,0.809012347377575,1,2.76558856708574
270,157,1,1,1051.93112791012,0.217605438219834,1,0.235707861953415,1.71814319047553,0.817275733896167,1,3.5
271,410,3,1,1054.92890373752,0.19900725811749,3,0.759153714032436,2.31227354045404,1.31049273909957,1,-3.5
272,292,2,4,1057.99691191194,0.199028914536029,3,0.329459078297077,1.91608372370865,0.881774105422664,1,2.76558856708574
273,383,2,7,1061.09790602929,0.198548961501729,3,0.418586064211922,1.88730761272745,0.969917480269942,1,-2.76558856708574
274,90,1,2,1064.10069385406,0.198270061964649,1,0.359772502262786,1.97223413162465,0.920906959056083,0,-3.5
275,115,1,1,1067.22878512473,0.198957214235634,1,0.168601355399005,1.62034456530819,0.719273421342223,1,3.5
276,56,1,2,1070.19596453147,0.199577641329597,2,0.314718667041234,2.08498065994172,0.867347126910317,1,-3.5
277,411,3,1,1073.48084621573,0.198594322917415,3,0.796605854080553,2.21617787059586,1.36544853220767,1,-3.5
278,170,1,2,1076.4150821144,0.198304009860294,2,0.394291368365884,2.0421035873278,0.957804811880123,1,-3.5
279,16,1,2,1079.57876043934,0.199003746267408,2,0.144935573622206,1.81416598941541,0.69622338418958,1,-3.5
280,38,1,2,1082.76296934066,0.199127539033725,2,0.0612645416258601,1.6141724863428,0.612974652334742,1,-3.5
281,343,2,7,1085.8303205062,0.218117290571172,3,0.135085122890814,1.85064885845713,0.71666792020369,1,-2.76558856708574
282,200,1,2,1089.06174156812,0.199018671637532,2,0.295680627545153,1.9149613945101,0.847030773476945,1,-3.5
283,369,2,1,1092.19662680813,0.19880591196852,3,0.139662235978903,1.89250778679889,0.691622566104343,1,2.76558856708574
284,104,1,2,1095.46392406675,0.198392391455855,2,0.146114385099281,1.6490314167313,0.696909365844476,1,-3.5
285,399,2,7,1098.48211750597,0.198329178130734,3,0.157905719079281,1.85471587511893,0.720199964824133,1,-2.76558856708574
286,380,2,4,1101.69483386162,0.199404097334991,3,0.350572622015534,1.95421657763654,0.902895843459191,1,2.76558856708574
287,353,2,1,1104.83018061745,0.198246942274636,3,0.312154137502148,2.01061076657606,0.875482916158944,1,2.76558856708574
288,235,2,3,1108.04367689679,0.199022183487614,3,0.118675704221459,1.78899450131757,0.670211685626782,1,2.76558856708574
289,244,2,4,1111.22862182364,0.198979748616694,3,0.292885193770417,1.96408722151318,0.862985700034187,1,2.76558856708574
290,423,3,1,1114.41423985536,0.198366052571146,3,0.520425952465303,2.12245533436908,1.07112172340567,1,-3.5
291,294,2,6,1117.53127932945,0.198398537197136,3,0.0761998606376437,1.57330477807955,0.638158724565073,1,-2.76558856708574
292,246,2,6,1120.54389360729,0.19946906658879,3,0.20333795629449,1.85681713291888,0.755185614520087,1,-2.76558856708574
293,45,1,1,1123.71252042361,0.215981206913057,2,0.388542174849135,1.99206936140763,0.956990062339173,0,3.5
294,190,1,2,1126.83117564203,0.198214457648646,2,0.18452350467669,1.88138955768591,0.746293313932256,1,-3.5
295,180,1,2,1130.04310241642,0.199335908886496,2,0.144389188062632,1.79780368808861,0.696137051174446,1,-3.5
296,319,2,7,1133.21212987646,0.218407603626474,3,0.165594332574983,1.56471391140985,0.746642743153643,1,-2.76558856708574
297,381,2,5,1136.12679422687,0.199421071285542,3,0.197946386320837,1.78583763949791,0.750816285977635,1,-2.76558856708574
298,179,1,1,1139.22913396865,0.198349663931367,2,0.607877492571788,2.02767163369208,1.15917993585572,0,3.5
299,321,2,1,1142.16349980582,0.19847491996552,3,0.100988849579153,1.70099189318353,0.682509896836564,1,2.76558856708574
300,270,2,6,1145.27832447225,0.198682997164724,3,0.117736869260625,1.77045075491696,0.669519558232423,1,-2.76558856708574
301,146,1,2,1148.44629837685,0.198342347572179,2,0.127789836758893,1.7464686138519,0.678898250247585,1,-3.5
302,440,3,1,1151.58071741858,0.198329178130734,3,0.37079474076927,1.80388650749592,0.952113271257986,1,-3.5
303,133,1,1,1154.52880054761,0.198415803799435,1,0.677043114706976,2.07981472642314,1.22831863379724,1,3.5
304,110,1,2,1157.44694543549,0.198357858251256,2,0.125317785978041,1.90563567291974,0.686984873578695,1,-3.5
305,302,2,6,1160.74277970653,0.199114369588642,3,0.356759333697482,1.82570739663242,0.907607577521048,1,-2.76558856708574
306,260,2,4,1163.72807265787,0.198411413985013,3,0.161846016433628,1.56060065536985,0.722168650228923,1,2.76558856708574
307,117,1,1,1166.64300888411,0.199201580568115,1,0.177796845830017,1.59751489683549,0.729456620001656,1,3.5
308,105,1,1,1169.57789242672,0.198242259804829,1,0.12547669725609,1.49473324707833,0.676893861020289,1,3.5
309,422,3,1,1172.46225886384,0.198358150904824,3,0.812367921462283,2.41026561010767,1.37582400473366,1,-3.5
310,22,1,2,1175.59372590175,0.198246064312116,2,0.427444124248723,1.81485753150264,0.979393040855939,1,-3.5
311,350,2,6,1178.49654506979,0.198419608304903,3,0.254526118078502,1.76792427043438,0.817003565407504,1,-2.76558856708574
312,242,2,2,1181.52527611201,0.217350828987037,3,0.413051678942793,2.03532922583327,0.983671061261703,1,2.76558856708574
313,275,2,3,1184.6625546788,0.19840175639365,3,0.212318638477882,1.9139330073358,0.763243850382423,1,2.76558856708574
314,128,1,2,1187.87847940343,0.198304595169247,2,0.116417583722068,1.80171852451895,0.667320846554503,1,-3.5
315,34,1,2,1191.07829731393,0.198366637880099,2,0.0840801626909524,1.56990062338264,0.635604437926304,1,-3.5
316,100,1,2,1194.07878897314,0.198402049049037,2,0.0187834302669216,1.66613267013963,0.581611184778012,1,-3.5
317,372,2,4,1197.24221971255,0.19892590022755,3,0.125004938541679,1.64590586891791,0.677183296113071,1,2.76558856708574
318,160,1,2,1200.27833149595,0.198361370101338,2,0.150482543025646,1.5860808937432,0.701575153181693,1,-3.5
319,204,2,4,1203.22844008533,0.198414633181528,3,0.192016039796727,1.75591578697276,0.752700686947719,1,2.76558856708574
320,102,1,2,1206.30676198222,0.19923991828,2,0.481252712539572,1.91764591230822,1.03194380101195,1,-3.5
321,169,1,1,1209.25843832062,0.199024524721608,1,0.204149486640745,1.78991636232968,0.755516021212316,1,3.5
322,229,2,5,1212.3589770679,0.198855077887856,3,0.229758785555532,1.84936352081786,0.781499039654591,1,-2.76558856708574
323,255,2,7,1215.49318334996,0.198472578733345,3,0.0668337527549738,1.49912540265541,0.628779154587392,1,-2.76558856708574
324,375,2,7,1218.4410724492,0.199010477315824,3,0.0734652989576716,1.54318684718055,0.625008596718544,1,-2.76558856708574
325,145,1,1,1221.42625185067,0.198304595169247,1,0.169377474574503,1.55767996556096,0.739402768685977,1,3.5
326,118,1,2,1224.3291453529,0.198321861773366,2,0.0227837217480555,1.71880693040475,0.584267022455606,1,-3.5
327,81,1,1,1227.54119592005,0.198962774667962,1,0.360863224797868,1.74663162229081,0.912189958387899,1,3.5
328,378,2,2,1230.44255327991,0.198360784792385,3,0.0173649349235347,1.55429366277531,0.569676742850788,1,2.76558856708574
329,24,1,2,1233.49431709268,0.198427509973044,3,0.174975951133092,1.90557421551966,0.737871601442748,0,-3.5
330,29,1,1,1236.74035272451,0.199466725354796,1,0.269983239688372,1.92371439165436,0.821969323393205,1,3.5
331,408,3,1,1239.90900061194,0.198608955632153,3,0.304913870379096,1.69118065812654,0.85682679051024,1,-3.5
332,349,2,5,1242.82801673163,0.19841258460292,3,0.438015967803949,2.06792827979734,0.999534679678618,1,-2.76558856708574
333,336,2,8,1245.97315833387,0.199074568605283,3,0.374220551881081,2.04298155019569,0.924847549063998,1,-2.76558856708574
334,367,2,7,1249.15732919013,0.198938191706475,3,0.0360035013163724,1.70655378795527,0.587837697443319,1,-2.76558856708574
335,439,3,1,1252.34337917958,0.198311618873049,3,0.327530486529213,2.00859671975377,0.890465352511455,1,-3.5
336,257,2,1,1255.55620557325,0.198974773493319,3,0.0689891515976342,1.55581107526814,0.62048328344099,1,2.76558856708574
337,195,1,1,1258.55844847573,0.198258355792859,1,0.320260076012346,2.057263079525,0.872223625337938,1,3.5
338,186,1,2,1261.81072320435,0.198360492140637,2,0.0484339922641084,1.56533521646634,0.629431480998392,1,-3.5
339,397,2,5,1280.16111028355,0.217476670331962,3,0.604991335969316,2.55086258388474,1.18335991122149,1,-2.76558856708574
340,49,1,1,1283.62250786582,0.19939151320068,1,0.391867020232894,2.06520366836412,0.963653800510656,1,3.5
341,210,2,2,1286.81149288514,0.198427217315839,3,0.0789022303488309,1.52409086213265,0.637834756265875,1,2.76558856708574
342,147,1,1,1289.77231554805,0.199098566257817,1,0.280207702602638,1.65136094487571,0.832643595949776,1,3.5
343,243,2,3,1292.65808058002,0.198416681763774,3,0.1325358113736,1.68559037588966,0.684397224349595,1,2.76558856708574
344,23,1,1,1295.74493334945,0.198313082144523,1,0.186291721891394,1.61450347834216,0.746583626987558,1,3.5
345,376,2,8,1298.68920582698,0.198987064972243,3,0.112146879675493,1.81465238084638,0.663575749611482,1,-2.76558856708574
346,251,2,3,1301.90715747523,0.198853614616382,3,0.0383125436619594,1.50835484098388,0.607606202045645,1,2.76558856708574
347,15,1,1,1304.89221513251,0.19852174465268,1,0.212367219090083,1.6596219901603,0.775206094467649,1,3.5
348,347,2,3,1307.85560378823,0.19923816235314,3,0.0306622678763233,1.80020813573174,0.582229270637981,1,2.76558856708574
349,20,1,2,1311.14015916296,0.198535792058465,1,0.0810517761037772,1.46731885650661,0.632834172422008,0,-3.5
350,177,1,1,1314.04147789246,0.216552468085865,1,0.29144035954414,2.00591805504155,0.870876537643198,1,3.5
351,76,1,2,1317.27200401756,0.199343517897432,2,0.246438616786691,1.78379988767847,0.79917389547154,1,-3.5
352,137,1,1,1320.32458960357,0.198356394977964,1,0.567198253673268,2.31502888058822,1.13050157140606,1,3.5
353,263,2,7,1323.60620877781,0.198352883127882,3,0.256925883251824,2.00926045968481,0.807771785843215,1,-2.76558856708574
354,191,1,1,1326.87326254806,0.198219725425588,1,0.469658920204893,2.02239654012374,1.02126660191243,1,3.5
355,307,2,3,1329.94093885252,0.19829435227075,3,0.262911834090119,1.89856309670358,0.814031368443466,1,2.76558856708574
356,227,2,3,1333.09145417283,0.217497741441548,3,0.091567430035866,1.77218121973056,0.671274606007501,1,2.76558856708574
357,282,2,2,1336.28813278076,0.198783377587461,3,0.300925870376886,1.68733371749113,0.852235922669934,1,2.76558856708574
358,236,2,4,1339.18969792517,0.198327714859261,3,0.168987366407237,1.72164655497727,0.720618167802968,1,2.76558856708574
359,419,3,1,1342.25772658539,0.198413755220827,3,0.45540285179959,2.06949837006141,1.03478986397749,1,-3.5
360,219,2,3,1345.38780029622,0.199214457355993,3,0.0926654689301358,1.69978615751097,0.648464838026484,1,2.76558856708574
361,129,1,1,1348.51015290894,0.198461457868689,1,0.170994682179298,1.64908497246506,0.730567243028418,1,3.5
362,351,2,7,1351.50445229603,0.199048522374142,3,0.0830494342844759,1.48706980185307,0.63558219620063,1,-2.76558856708574
363,96,1,2,1354.42367883416,0.198333860600542,2,0.485251248097484,1.99965378997513,1.04592126253556,1,-3.5
364,382,2,6,1357.45422140643,0.19924899056241,3,0.144442451144641,1.8811094875291,0.696511941319841,1,-2.76558856708574
365,277,2,5,1360.70618592151,0.19840000046861,3,0.130682431758032,1.71705334590297,0.682226607485063,1,-2.76558856708574
366,216,2,8,1363.80766760092,0.198240211226221,3,0.214327417521417,1.72771035185542,0.793219258643148,1,-2.76558856708574
367,207,2,7,1366.83659677009,0.198994673984998,3,0.292205357854982,1.79472789150532,0.843148129017209,1,-2.76558856708574
368,446,3,1,1369.85438546843,0.199316886357337,3,0.357037355272041,1.77663015023973,0.909287120488443,1,-3.5
369,427,3,1,1372.80800561662,0.198335616523764,3,0.364257721903414,2.12720365021778,0.925686881566435,1,-3.5
370,254,2,6,1376.08677521604,0.199034182312971,3,0.116726919306529,1.55242652840934,0.667901765320494,1,-2.76558856708574
371,62,1,2,1379.03817645942,0.198552473353629,2,0.368140073707764,1.9211033300835,0.919935932122826,1,-3.5
372,308,2,4,1382.10612317643,0.198421364231763,3,0.0720029054718907,1.45319594580178,0.634330513803434,1,2.76558856708574
373,285,2,5,1385.0032370491,0.198603980508778,3,0.0815124139553518,1.65190001407609,0.63281778378223,1,-2.76558856708574
374,359,2,7,1388.0889791955,0.198328300166395,3,0.0518036137546005,1.65438845350036,0.60351489507957,1,-2.76558856708574
375,288,2,8,1391.20688960875,0.198350541892069,3,0.0193798597083514,1.70241243710552,0.601722094901561,1,-2.76558856708574
376,111,1,1,1394.40540520767,0.19840819478668,1,0.353173148032511,1.90589847647061,0.904740736101303,1,3.5
377,92,1,2,1397.47336099697,0.198385367753872,2,0.0817561949788796,1.66187279430051,0.643484447326045,1,-3.5
378,188,1,2,1400.56946749503,0.198989698861624,2,0.222425161713545,1.74172146862111,0.773838228318709,1,-3.5
379,310,2,6,1403.60413824872,0.218036810641934,3,0.142426355743737,1.67484908549886,0.723760396909711,1,-2.76558856708574
380,237,2,5,1406.65268169368,0.199040620707819,3,0.177698806643093,1.94633130045986,0.728736397793909,1,-2.76558856708574
381,194,1,2,1409.93785164242,0.198284987332954,1,0.275351982629218,1.95726281613497,0.837930103036342,0,-3.5
382,280,2,8,1413.13585948614,0.216256594598235,3,0.0331998732217471,1.68725118898146,0.602879542617302,1,-2.76558856708574
383,41,1,1,1416.30507073308,0.198373954235649,1,0.269546599487512,1.80576417741759,0.82090523239458,1,3.5
384,248,2,8,1419.35626650387,0.198368686458707,3,0.0866862491402571,1.86664095210836,0.64888391896784,1,-2.76558856708574
385,156,1,2,1422.6523179244,0.198896049489122,2,0.328178130472224,1.94667399863283,0.879047738060763,1,-3.5
386,281,2,1,1425.7859131443,0.198896342142689,3,0.198804741350614,1.9488212031556,0.781107175562283,1,2.76558856708574
387,43,1,1,1429.05148813243,0.199029207191415,1,0.338718074708595,2.07520981117705,0.890303222036891,1,3.5
388,271,2,7,1432.30331627061,0.199026865957421,3,0.276868517159528,1.67971680429764,0.82908930960366,1,-2.76558856708574
389,175,1,1,1435.23855860739,0.198426632008704,1,0.19715036665184,1.94424994315159,0.759866912536381,1,3.5
390,208,2,8,1438.50176046188,0.199232894576198,3,0.23932272773709,1.60918887644402,0.791158972442645,1,-2.76558856708574
391,384,2,8,1441.38679473609,0.198263038260848,3,0.174932345644265,1.94025199290081,0.756028166220858,1,-2.76558856708574
392,297,2,1,1444.668145839,0.19894492275489,3,0.166260121082814,1.63448620588679,0.71676186222976,1,2.76558856708574
393,300,2,4,1447.65205307227,0.199052619534996,3,0.377391461108346,2.14651707740268,0.928940319303365,1,2.76558856708574
394,114,1,2,1450.93609717995,0.198571788536356,2,0.577441739114875,2.0467011862147,1.12901313169095,1,-3.5
395,19,1,1,1453.92041705578,0.198424583430096,2,0.496234856238516,1.89436145906984,1.05868333079343,0,3.5
396,421,3,1,1456.83423797652,0.198977992689834,3,0.37289160875298,1.89240535779754,0.924377546274627,1,-3.5
397,412,3,1,1459.86916275412,0.198384782444919,3,0.551270251311507,1.92169946687136,1.1029385124566,1,-3.5
398,185,1,1,1462.75460498841,0.198461457868689,1,0.20224898968263,1.63597552356623,0.784969334219568,1,3.5
399,135,1,1,1465.70400681767,0.198555985203711,1,0.176659591261341,1.59074316923034,0.739078507731392,1,3.5
400,46,1,2,1468.63377330004,0.198970676332465,2,0.370340833964292,1.98901697716792,0.921339209440703,1,-3.5
401,420,3,1,1471.76811039856,0.199508282261377,3,0.707139096533865,2.11047260448504,1.25996100088923,1,-3.5
402,31,1,1,1474.68680401323,0.198438045525108,1,0.507951563375173,2.25574824239084,1.07069269221756,1,3.5
403,143,1,1,1477.95058503056,0.199214457355993,1,0.133045907801716,1.71997374305647,0.685220753521207,1,3.5
404,50,1,2,1481.05250978855,0.198421364231763,2,0.391799124436147,1.77820053315736,0.943494602430292,1,-3.5
405,163,1,1,1483.95442026502,0.198399415159656,1,0.111659317630256,1.90810655308633,0.67228601923307,1,3.5
406,95,1,1,1487.26698353322,0.19905583873151,1,0.43252489536826,1.85129620974658,0.983679255581592,1,3.5
407,445,3,1,1490.20158290852,0.198481358360368,3,0.355687633687921,1.90880131436825,0.907624844125166,1,-3.5
408,238,2,6,1493.26916410033,0.19839824454175,3,0.263427783604129,1.64930007336807,0.815069413207311,1,-2.76558856708574
409,261,2,5,1496.18743687813,0.198457068056086,3,0.27658961762063,1.9230916233264,0.838649154624363,1,-2.76558856708574
410,301,2,5,1499.35001979806,0.199026865957421,3,0.0823862796642061,1.56849676075581,0.634124485184657,1,-2.76558856708574
411,268,2,4,1502.35127821151,0.198433948366073,3,0.120115855981567,1.63916165081537,0.671280751746963,1,2.76558856708574
412,338,2,2,1505.38522610909,0.198293766961797,3,0.0462791787304013,1.4612290133955,0.608477726520505,1,2.76558856708574
413,1,1,1,1508.31589308871,0.199038279473825,1,0.227331510877775,1.74665123012892,0.778538256206957,1,3.5
414,12,1,2,1511.35021148662,0.198961604050055,1,0.198975066146886,1.568302438307,0.750584211125897,0,-3.5
415,234,2,2,1514.25177136325,0.198443020648483,3,0.429007483462556,2.21056563928323,0.99259262727719,1,2.76558856708574
416,150,1,2,1517.54949822959,0.19900725811749,2,1.10381501205302,2.67277065473536,1.65511979656912,1,-3.5
417,233,2,1,1520.63402527538,0.19848926002669,3,0.325435959779497,1.82841591208307,0.877224209181804,1,2.76558856708574
418,407,3,1,1523.65170832552,0.198394732691668,3,0.39864138172743,2.14655424449666,0.960482305976257,1,-3.5
419,331,2,3,1526.91576999831,0.199042376634679,3,0.15226949011776,1.53838614621418,0.703500525754862,1,2.76558856708574
420,429,3,1,1529.8163518243,0.198982382504255,3,0.384909457152389,2.03801110974382,0.936972216279173,1,-3.5
421,48,1,2,1532.98529470726,0.19833327528977,2,0.364815813632958,1.82905067923639,0.926700928679566,1,-3.5
422,245,2,5,1535.98262131032,0.198776061230092,3,0.12945738090275,1.79980046830497,0.681652712422874,1,-2.76558856708574
423,434,3,1,1539.16754838527,0.198235528758232,3,0.516591303310634,2.10257708440804,1.06818523026413,1,-3.5
424,205,2,5,1542.26796012059,0.198375417507123,3,0.159751197030346,1.57815932743324,0.74368459359539,1,-2.76558856708574
425,152,1,2,1545.20132303151,0.198385075100305,2,0.34842102768016,1.812854605545,0.911066458569621,1,-3.5
426,259,2,3,1548.18111115566,0.19905232687961,3,0.075460615902557,1.54534926972519,0.626977574778721,1,2.76558856708574
427,318,2,6,1551.16644273736,0.198259526408947,3,0.0955668435581174,1.83179080134869,0.647068877065976,1,-2.76558856708574
428,176,1,2,1554.41761854913,0.198397366581048,2,0.189182853619059,1.82046010522208,0.751576601822308,1,-3.5
429,108,1,2,1557.56495183935,0.199201873221682,2,0.182873812444086,1.76901733420527,0.734347458486809,1,-3.5
430,241,2,1,1560.66622749013,0.198720456915908,2,0.020008188466818,1.75640451963591,0.572134453575927,0,2.76558856708574
431,416,3,1,1563.9183380397,0.198331812020115,3,0.763696293914109,2.3438641077355,1.32185679781833,1,-3.5
432,400,2,8,1567.01464266472,0.198614223409095,3,0.378490085313388,2.03124816176569,0.929314331486239,1,-2.76558856708574
433,67,1,1,1570.18273363104,0.198658121551489,1,0.910091334477329,2.67930035724203,1.46179647006284,1,3.5
434,217,2,1,1573.46696181827,0.198346444733033,3,0.106818815682345,1.75492485954783,0.669020290013577,1,2.76558856708574
435,25,1,1,1576.63089884961,0.19899086947953,2,0.215929992411475,1.73513235729115,0.767263164396354,0,3.5
436,278,2,6,1579.66569602994,0.198397366581048,3,0.269489239248287,1.97239714006355,0.821172425761688,1,-2.76558856708574
437,124,1,2,1582.88355607739,0.198329470784302,2,0.110066692986948,1.56213650508107,0.661167204809317,1,-3.5
438,6,1,2,1585.8506927566,0.218387995790181,2,0.135175260409596,1.69902759759316,0.714703331957935,1,-3.5
439,71,1,1,1588.93072463251,0.199057009347598,1,0.368819909623198,1.73902553730659,0.920877693626608,1,3.5
440,269,2,5,1591.81611857884,0.198286743257995,3,0.187770504018772,1.57377653679396,0.739580702493186,1,-2.76558856708574
441,418,3,1,1594.71765621374,0.198349663931367,3,0.864757136447224,2.26417200346077,1.4465263545444,1,-3.5
442,286,2,6,1597.63197669535,0.198321861771547,3,0.679285139220156,2.14999498098041,1.23194666902236,1,-2.76558856708574
443,374,2,6,1600.61802498741,0.198397951888182,3,0.247063141039689,1.65998341820705,0.808920161276546,1,-2.76558856708574
444,73,1,1,1603.54704403072,0.198954287692686,1,0.449069520318517,2.01860900830798,1.0003388936675,1,3.5
445,63,1,1,1606.63146425769,0.19850916051837,1,0.56003349135608,2.14248020413288,1.12217409359801,1,3.5
446,70,1,2,1609.7298285836,0.19926976901661,2,0.260734778830738,1.76381511155705,0.812411234295723,1,-3.5
447,87,1,1,1612.74808845534,0.218975938258154,1,0.172046774350747,1.93777935681101,0.753053042712054,1,3.5
448,7,1,1,1616.02941526795,0.198983845775729,1,0.0906783463033207,1.76037057056601,0.642190622713315,1,3.5
449,164,1,2,1619.21447023282,0.198643196183184,2,0.187460583125358,1.60705542667347,0.739316143015458,1,-3.5
450,94,1,2,1622.14973627459,0.198376295471462,2,0.217064027781817,1.66412769560156,0.777503137986059,1,-3.5
