PresOrder,TrialNumber,Illusory_Fragmented,Fat_Thin,StimPresTime,StimPresLength,Response,RespScreenOnset_to_Resp,ExpStartOnset_to_Resp,StimOnset_to_Resp,Accuracy,StepLevel
1,18,1,2,187.002406774791,0.198226759508543,1,0.124101958987012,1.92874758451762,0.675940826818987,0,-9.97692674940639
2,13,1,1,190.3415243863,0.222161643139771,1,0.207829861155915,1.98984085845586,0.783520499287988,1,9.97692674940639
3,239,2,7,193.640265892425,0.198325676079548,3,0.414554666185722,2.01903148970996,0.966620925069947,1,-4.31557683147592
4,238,2,6,196.781200057008,0.198249586408565,3,0.33837427396611,2.0138854868037,0.894457482116195,1,-4.31557683147592
5,276,2,4,199.977686996948,0.221638087679821,3,0.147884077972776,1.79356726224432,0.72363588049484,1,4.31557683147592
6,369,2,1,203.140622489589,0.198390937603108,3,0.503716834049555,2.17432845744952,1.0556683731229,1,4.31557683147592
7,277,2,5,206.327156608051,0.198354648682653,3,0.404861427541618,2.08438988229864,0.965909486654709,1,-4.31557683147592
8,214,2,6,209.522456549141,0.219961481067003,3,0.0994822683260281,1.816579997605,0.680923822241311,1,-4.31557683147592
9,279,2,7,212.755157489521,0.198904835528083,3,0.138191717289374,1.57548226949802,0.689904159207799,1,-4.31557683147592
10,246,2,6,215.706865131939,0.198290850421472,3,0.0528612496091228,1.43980619375725,0.604599444954147,1,-4.31557683147592
11,405,3,1,218.607840572242,0.198332699739694,3,0.682729195985303,2.13091403301223,1.24578777829993,1,-9.97692674940639
12,408,3,1,221.570200768447,0.199287039793489,3,1.48969350788138,2.96046146628942,2.04130352140237,1,-9.97692674940639
13,179,1,1,224.555502585439,0.198638521682369,1,0.692727085961451,2.06345937001788,1.24472486414197,1,9.97692674940639
14,98,1,2,227.440470807758,0.198364891522942,1,0.709075829501671,2.16227790230187,1.26032149056118,0,-9.97692674940639
15,67,1,1,230.435905720216,0.237504247121251,1,0.254148277110289,1.80728037667905,0.854493138906037,1,9.97692674940639
16,166,1,2,233.504513434364,0.199343521740957,1,0.302524040676872,1.70614081681015,0.854420268415197,0,-9.97692674940639
17,241,2,1,236.422802786403,0.198249586408565,3,0.451933423881201,2.17191261042899,1.00351153826523,1,4.31557683147592
18,280,2,8,239.657043079336,0.233765610453702,3,0.138783753451207,1.95364968491594,0.735205900109577,1,-4.31557683147592
19,132,1,2,242.985693093487,0.199317183009043,2,0.125791149659563,1.49711576253139,0.67757090167288,1,-9.97692674940639
20,22,1,2,245.871805587381,0.198583502999099,2,0.169435599020289,1.90658207836532,0.721403819292391,1,-9.97692674940639
21,303,2,7,249.123161666259,0.19834089401229,3,0.0804999442498229,1.78352840090702,0.631799453381973,1,-4.31557683147592
22,333,2,5,252.3602480055,0.198451809339531,3,0.105471695960659,1.65007911862449,0.664486404972195,1,-4.31557683147592
23,363,2,3,255.419727593129,0.199024530431416,3,0.227564595008516,1.814495433302,0.779042036909232,1,4.31557683147592
24,6,1,2,258.5213274955,0.198360794387554,2,0.383297029780806,1.93701209328174,0.934953575058898,1,-9.97692674940639
25,211,2,3,261.590185720252,0.198359331125175,3,0.0198207737084886,1.75085169216072,0.572831129806218,1,4.31557683147592
26,355,2,3,264.8349623839,0.199240215380996,3,0.185058564169594,1.83945986869912,0.736479524124661,1,4.31557683147592
27,75,1,1,268.032647150836,0.198244026008979,3,0.305266487972403,1.79371710036321,0.856584726871006,0,9.97692674940639
28,100,1,2,271.035230395131,0.199134567801593,2,0.47140564836991,1.95914862682912,1.05680123124876,1,-9.97692674940639
29,163,1,1,274.037604685485,0.198282363497128,1,0.157967422499496,1.64458456649663,0.709219521915657,1,9.97692674940639
30,259,2,3,277.038682524924,0.198277973708173,3,0.192339760276809,1.7952710855443,0.743482114976359,1,4.31557683147592
31,367,2,7,280.155888418596,0.198297874085256,3,0.342282356474243,1.82206430689257,0.936991900254725,1,-4.31557683147592
32,181,1,1,283.149587901275,0.19891537102194,1,0.266714193445296,1.80434946112291,0.817308117217181,1,9.97692674940639
33,110,1,2,286.202570601703,0.199314549136034,1,0.21576864760209,1.91963350532387,0.767684190410364,0,-9.97692674940639
34,76,1,2,289.42112822836,0.19835230746321,2,0.162366576032582,1.74961201584665,0.714024291919486,1,-9.97692674940639
35,388,2,4,292.522676038572,0.198259243943539,3,0.0858598761897156,1.6070117801446,0.671741262345677,1,4.31557683147592
36,60,1,2,295.558397212075,0.198226759508543,2,0.365920783044203,2.02756611680161,0.925499726223279,1,-9.97692674940639
37,447,3,1,298.735478067007,0.199437170565943,3,0.470455405453322,1.87443272956079,1.02260097318685,1,-9.97692674940639
38,126,1,2,301.675421953802,0.198233197865193,2,0.267459872209656,1.8786337572983,0.826561206384213,1,-9.97692674940639
39,23,1,1,304.800370849345,0.199204511765856,3,0.531093019328182,2.18546535125097,1.08262840643874,0,9.97692674940639
40,412,3,1,307.969816398552,0.198486634995788,3,0.567378134346654,2.08770475803431,1.11919183405735,1,-9.97692674940639
41,195,1,1,311.007445081548,0.198308409575475,1,0.205126044000281,1.70618588530851,0.785703394856682,1,9.97692674940639
42,29,1,1,314.022422747768,0.198258658640043,1,0.214794699828417,1.9951150431898,0.776531663106653,1,9.97692674940639
43,77,1,1,317.316552634589,0.199320402185549,2,0.844578947568152,2.33286625982146,1.39662237955054,0,9.97692674940639
44,409,3,1,320.32124122152,0.198255439459899,3,0.374323131172787,1.87234465342772,0.931309172521651,1,-9.97692674940639
45,418,3,1,323.335179093134,0.198856255199644,3,0.367083199080298,1.95416329018735,0.918921481605139,1,-9.97692674940639
46,294,2,6,326.436607793748,0.198405862884101,3,0.826457900024252,2.39685562365594,1.37777584627111,1,-4.31557683147592
47,20,1,2,329.520901686001,0.198295532862176,2,0.162780679427669,1.64870482212427,0.713340362848612,1,-9.97692674940639
48,87,1,1,332.520313746974,0.198355526641535,2,0.18539482198139,1.61724086565482,0.743852613137278,0,9.97692674940639
49,444,3,1,335.467804851067,0.19923465498141,3,0.409403102878059,2.02963809704488,0.961194853645793,1,-9.97692674940639
50,112,1,2,338.602789096116,0.198335918918019,1,0.242163568791511,1.86263561154556,0.79410018258568,0,-9.97692674940639
51,104,1,2,341.737932544167,0.198259829248855,1,0.33392068705507,2.03123305358531,0.888944785530839,0,-9.97692674940639
52,103,1,1,344.950521521525,0.198846305012921,1,0.260741739661171,1.91494374778449,0.81235789888342,1,9.97692674940639
53,45,1,1,348.119321186496,0.198290557769724,2,0.218302140958258,1.72167744945,0.769558044859878,0,9.97692674940639
54,25,1,1,351.157994346537,0.198305483050717,2,0.618545218188956,2.39537538692457,1.17646569921453,0,9.97692674940639
55,309,2,5,354.450462552029,0.198982388461445,3,0.221087022877327,1.95882085594531,0.773044122352076,1,-4.31557683147592
56,433,3,1,357.702117721839,0.198295825515743,3,0.526057346443849,1.96304236936339,1.07770774601522,1,-9.97692674940639
57,10,1,2,360.653282493728,0.198313969975061,1,0.247362249163416,1.85175156956939,0.833057508280035,0,-9.97692674940639
58,404,3,1,363.771615392472,0.19838420659471,3,0.386502453453431,2.14939475057326,0.947323999473156,1,-9.97692674940639
59,288,2,8,367.04924845355,0.199090669913858,3,0.742782675319177,2.27973050209584,1.29412286316074,1,-4.31557683147592
60,230,2,6,370.101172044304,0.19821446809874,3,0.286301137744886,1.95599032022255,0.837265267025941,1,-4.31557683147592
61,95,1,1,373.284903429039,0.222808990638441,1,0.149569756813435,1.93213181891406,0.730325040438402,1,9.97692674940639
62,191,1,1,376.581923845361,0.19928821040412,1,0.156581712550178,1.82681961860908,0.707950580344914,1,9.97692674940639
63,151,1,1,379.766864763196,0.19892824773342,1,0.775753207253729,2.1861165032351,1.35077074445871,1,9.97692674940639
64,90,1,2,382.691068331158,0.198232612559877,2,0.224257620891876,1.93369312041068,0.781800580096387,1,-9.97692674940639
65,283,2,3,385.915657234767,0.199047064679689,3,0.277472102161482,1.78088955262501,0.828946324883873,1,4.31557683147592
66,429,3,1,388.933688730622,0.198609841731013,3,0.508643932827908,2.19522268080982,1.05991476201052,1,-9.97692674940639
67,196,1,2,392.134248516471,0.221154625622148,2,0.350471946178004,2.06637828681778,0.930813711709561,1,-9.97692674940639
68,421,3,1,395.364281343311,0.199124032307736,3,0.253539852403264,1.94028716826688,0.804457449925394,1,-9.97692674940639
69,200,1,2,398.56607465977,0.198733048464419,1,0.402533376294741,2.10651880687874,0.954529691212883,0,-9.97692674940639
70,228,2,4,401.784537174341,0.198330065866685,3,0.142715833469993,1.80802429952746,0.702652398096689,1,4.31557683147592
71,252,2,4,404.963887842656,0.199315134441349,3,0.293502147045729,1.76453612664409,0.845151376008289,1,4.31557683147592
72,144,1,2,407.94940007685,0.198834013603118,2,0.222188859828748,1.85926864365319,0.77399231669915,1,-9.97692674940639
73,443,3,1,411.122080022335,0.198317481806953,3,0.272352437987138,1.96638826627168,0.83056703485272,1,-9.97692674940639
74,268,2,4,414.330936508732,0.199277089606767,3,0.194798627224372,1.58141053274085,0.746142619551392,1,4.31557683147592
75,383,2,7,417.23232605243,0.199005215361467,3,0.0174394596942875,1.48818107936677,0.569677798292105,1,-4.31557683147592
76,290,2,2,420.217578703789,0.220163411346221,3,0.439502713035836,1.85455020615882,1.01931097292072,1,4.31557683147592
77,272,2,8,423.147584401735,0.199369860471052,3,0.207440340576795,1.61261080923941,0.760300565902071,1,-4.31557683147592
78,352,2,8,426.066844482371,0.19836635478714,3,0.0498545370355714,1.76543076557027,0.613423505445098,1,-4.31557683147592
79,176,1,2,429.296481057623,0.199248994958907,2,0.157582877014647,1.92795039890007,0.70877966509579,1,-9.97692674940639
80,85,1,1,432.58177722642,0.198500974973285,1,0.294818498336099,1.97852076413983,0.855942061813039,1,9.97692674940639
81,284,2,4,435.780172553812,0.198974779494165,3,0.232611973997336,1.83625181115349,0.78381900491695,1,4.31557683147592
82,439,3,1,438.898776448843,0.19822207706784,3,0.42431023982499,2.06112751428736,0.975760465036728,1,-9.97692674940639
83,278,2,6,442.049574468521,0.220255304255261,3,0.0401829546844965,1.82248718986375,0.620630953102591,1,-4.31557683147592
84,120,1,2,445.346318913464,0.199012531676999,2,0.194493097935265,1.78185706204204,0.745887426504851,1,-9.97692674940639
85,91,1,1,448.448056069892,0.198472002366543,1,0.158108773695858,1.71175828301966,0.709472666394504,1,9.97692674940639
86,450,3,1,451.51603809283,0.198393864129685,3,0.413773283804403,2.19592182781344,0.973183073794644,1,-9.97692674940639
87,92,1,2,454.812416429399,0.199227338667697,1,0.513892949444198,2.06747690459088,1.06506105757035,0,-9.97692674940639
88,141,1,1,457.880934591856,0.198689150578502,1,0.383560124448195,1.85485193096611,0.936394011039738,1,9.97692674940639
89,305,2,1,460.887468938587,0.198328895256054,3,0.095333625400599,1.47244602828141,0.653713863624944,1,4.31557683147592
90,270,2,6,463.780162896277,0.198827575248288,3,0.0168778593979368,1.4205496542163,0.568266627567937,1,-4.31557683147592
91,35,1,1,466.698514583317,0.19846088156919,2,0.267591565869225,1.8212393192789,0.819252500936273,0,9.97692674940639
92,164,1,2,469.767591712196,0.198321578942341,2,0.358426535864055,2.08830411050985,0.913698511070834,1,-9.97692674940639
93,21,1,1,473.013574104461,0.198879374753233,2,0.489949871540375,2.19415479155577,1.04203017774853,0,9.97692674940639
94,434,3,1,476.232744252962,0.198320115679962,3,0.299558884771614,1.83086085803916,0.862065816978429,1,-9.97692674940639
95,175,1,1,479.279645340195,0.199352593970616,1,0.307204140683098,1.72810322207624,0.859707915169565,1,9.97692674940639
96,347,2,3,482.21468817429,0.220757203424,3,0.0196507425625896,1.71881998969184,0.6002997932992,1,4.31557683147592
97,376,2,8,485.428785775681,0.198990290080474,3,0.0169867261574836,1.38714658177378,0.568297063437058,1,-4.31557683147592
98,432,3,1,488.313798481191,0.198273876572785,3,0.424227711799176,2.07759917191106,0.97550117485298,1,-9.97692674940639
99,327,2,7,491.481302865859,0.198330065866685,3,0.145386873537063,1.69419415332777,0.703742821597189,1,-4.31557683147592
100,203,2,3,494.544276725253,0.199220900311047,3,0.173527174692936,1.72740319711193,0.724803856926883,1,4.31557683147592
101,257,2,1,497.612840834165,0.198882008626242,3,0.152118175452415,1.53870813202593,0.703681364557269,1,4.31557683147592
102,127,1,1,500.513313497342,0.198344113190615,2,0.272043689517886,1.83014912697217,0.844679620055103,0,9.97692674940639
103,220,2,4,503.58524925659,0.198296996126373,3,0.0179659416789946,1.54582836921327,0.577401777747582,1,4.31557683147592
104,101,1,1,506.627723388296,0.199029505525687,1,0.224576026896102,1.81175181539766,0.77590889842395,1,9.97692674940639
105,329,2,1,509.729748222209,0.198415520419076,3,0.226297994657216,1.70940096651429,0.807338029235325,1,4.31557683147592
106,69,1,1,512.728192188459,0.199263627586333,2,0.408273171278779,1.89513438752692,0.959783975573373,0,9.97692674940639
107,336,2,8,515.729443863529,0.198320993637026,3,0.0186601135901583,1.63866859466179,0.569948209273207,1,-4.31557683147592
108,242,2,2,518.863558052468,0.198327431993675,3,0.13423915158819,1.68777423375468,0.686045242333421,1,4.31557683147592
109,123,1,1,521.931391700549,0.198416105724391,1,0.1945179734048,1.87569318420901,0.773818481069611,1,9.97692674940639
110,334,2,6,525.126780022716,0.199246361085898,3,0.0213753441948938,1.6083793456346,0.572582960421641,1,-4.31557683147592
111,385,2,1,528.228580099449,0.198740950085266,3,0.0841431761764397,1.75470973107986,0.635845667908143,1,4.31557683147592
112,174,1,2,531.413410979914,0.221566095144226,2,0.189786659197125,1.72171783550766,0.768704377291215,1,-9.97692674940639
113,292,2,4,534.459352752003,0.199213583995515,3,0.325801919274454,1.96355568198123,0.877355743496082,1,4.31557683147592
114,148,1,2,547.457779744404,0.199288795709435,1,0.308741737320815,2.16527261611736,0.86124199997721,0,-9.97692674940639
115,52,1,2,550.829187470606,0.198238172959464,2,0.410679068112586,1.80959877039095,0.972272338976836,1,-9.97692674940639
116,135,1,1,553.74378354713,0.198957220338343,1,0.687046992103205,2.40689419233968,1.23812408527738,1,9.97692674940639
117,150,1,2,556.978739960919,0.19881206466016,1,0.23203310720055,1.66811646753013,0.783848562825369,0,-9.97692674940639
118,43,1,1,559.928913225876,0.220416555823249,1,0.378817689443167,2.07786285188195,0.960313384084657,1,9.97692674940639
119,442,3,1,563.143414980475,0.1990239451261,3,0.233595871959551,1.9032797866912,0.785090287708954,1,-9.97692674940639
120,190,1,2,566.327883849704,0.19897038970521,2,0.369575721073488,1.82259927580162,0.921633200381621,1,-9.97692674940639
121,171,1,1,569.295357271729,0.198943758319729,1,0.130267856124192,1.79921253044631,0.681947813605802,1,9.97692674940639
122,322,2,2,572.478780785954,0.198212419531046,3,0.223495553584144,1.85551039926213,0.784118388502975,1,4.31557683147592
123,115,1,1,575.62569530594,0.19925514066199,2,0.416114504418147,2.06896826212142,0.967260370949589,0,9.97692674940639
124,372,2,4,578.793518389264,0.199391224110514,3,0.0161863213597826,1.45213447619972,0.567738389669103,1,4.31557683147592
125,315,2,3,581.74472383986,0.198256902722278,3,0.0405935462495108,1.58967650476734,0.600223410976469,1,4.31557683147592
126,42,1,2,584.80826749382,0.199294941412518,1,0.177457206145846,1.61408109578588,0.728540152371352,0,-9.97692674940639
127,198,1,2,587.759915142458,0.198853036021319,1,0.253794460144491,1.79046807145824,0.805487294341219,0,-9.97692674940639
128,27,1,1,590.811143390691,0.198462637485136,1,0.343016036482368,1.7953957555419,0.894484113501676,1,9.97692674940639
129,356,2,4,593.799353296336,0.19825397619752,3,0.119501167830094,1.84686310092911,0.678947246738971,1,4.31557683147592
130,392,2,8,597.041405364496,0.199250165567719,3,0.0168518133195903,1.50397319770673,0.568664927724967,1,-4.31557683147592
131,401,3,1,600.043360576361,0.198307531618411,3,0.42832338460903,2.19491363968882,0.98770390934078,1,-9.97692674940639
132,245,2,5,603.325410350126,0.199037407146534,3,0.417941827106915,1.92090712933896,0.969363665017227,1,-4.31557683147592
133,61,1,1,606.343162362771,0.198946392192738,2,0.292432794531123,1.71100382467739,0.843927795585842,0,9.97692674940639
134,330,2,2,609.277022587803,0.198815576492052,3,0.045179119471868,1.68933202342123,0.622170013002687,1,4.31557683147592
135,57,1,1,612.435791878364,0.198351429506147,1,0.292496007486989,2.06613421456859,0.84903282713276,1,9.97692674940639
136,397,2,5,615.724360488273,0.199101498059463,3,0.316392553630067,1.98552657416985,0.867176994230249,1,-4.31557683147592
137,83,1,1,618.90883140607,0.199065209139007,2,0.292449183074496,1.7614261077124,0.843875410773762,0,9.97692674940639
138,99,1,1,621.892660887948,0.222688125124478,1,0.145991493760448,1.92915729812739,0.728533128711206,1,9.97692674940639
139,63,1,1,625.191431074027,0.199032432050444,1,0.262695488263489,1.98238143693015,0.814297307508241,1,9.97692674940639
140,165,1,1,628.425654685763,0.199106180500166,1,0.647557038719242,2.33230319626273,1.19854779938396,1,9.97692674940639
141,162,1,2,631.625009620953,0.199034480618138,1,0.433100645268496,2.17288333902616,1.00535642010982,0,-9.97692674940639
142,4,1,2,634.879700183288,0.198253098240457,1,0.631701707421598,2.09403366265542,1.19321859596494,0,-9.97692674940639
143,50,1,2,637.857634179012,0.199300794463852,1,0.370622246688072,1.94002787808313,0.92224484426697,0,-9.97692674940639
144,109,1,1,640.941949434902,0.199235532938474,1,0.191132275745986,1.94368486468193,0.742970265619078,1,9.97692674940639
145,157,1,1,644.209792389336,0.198402058400461,1,0.125887139703991,1.70780015691889,0.687154395596735,1,9.97692674940639
146,219,2,3,647.307361002464,0.19907750054881,3,0.147868274734719,1.83422460675501,0.699412148769625,1,4.31557683147592
147,419,3,1,650.508296846872,0.198335918918019,3,0.305982608828344,2.0891489985006,0.866100910705427,1,-9.97692674940639
148,265,2,1,653.806540550966,0.199274163078371,3,0.0186604062419065,1.7215363909072,0.569916310141707,1,4.31557683147592
149,216,2,8,657.024250070455,0.199032724704011,3,0.448954805955509,1.90142056487275,1.00060081573974,1,-4.31557683147592
150,445,3,1,659.991953517407,0.199163540406516,3,0.318144664606734,1.83763020478909,0.87069848268402,1,-9.97692674940639
151,70,1,2,663.046011423401,0.198264511689558,2,0.176229821239758,1.67131194101421,0.737395234034921,1,-9.97692674940639
152,169,1,1,666.05671285017,0.19904179693367,1,0.175836203523431,1.62881556771208,0.727355494742369,1,9.97692674940639
153,138,1,2,669.024247729236,0.199339131952001,2,0.147340036832247,1.53306110790618,0.698959707886388,1,-9.97692674940639
154,40,1,2,671.924854427292,0.224462770349419,2,0.120741136797733,1.5365951804215,0.702914614807014,1,-9.97692674940639
155,79,1,1,674.85699561109,0.198840451961587,1,0.0765260149109963,1.59640166097779,0.628113786833637,1,9.97692674940639
156,140,1,2,677.891423260202,0.198740072128203,1,0.168196800663281,1.55401708095997,0.720176141732736,0,-9.97692674940639
157,48,1,2,680.791252087711,0.198772556563199,1,0.310867858288475,2.03011775461709,0.86283432264463,0,-9.97692674940639
158,353,2,1,684.025289865061,0.221330217169452,2,0.338678632644587,1.80384375747053,0.919492446782897,0,4.31557683147592
159,189,1,1,687.005444215883,0.199308988736448,1,0.505972892762657,1.97597380876505,1.05762153642172,1,9.97692674940639
160,19,1,1,689.990391923257,0.198610134382761,1,0.288587047021792,1.79059771655011,0.839407776540611,1,9.97692674940639
161,410,3,1,693.027913495411,0.198274754531667,3,0.470517740452124,1.84928070386377,1.03144639731545,1,-9.97692674940639
162,281,2,1,695.921850641245,0.199233484370779,3,0.351964474317356,1.77135112719589,0.903176772984807,1,4.31557683147592
163,306,2,2,698.856199010776,0.199151541650281,3,0.199366348640979,1.88502616753067,0.750957339740125,1,4.31557683147592
164,424,3,1,702.07792957667,0.198304019788338,3,0.348622381894529,1.92714970145062,0.908858915412566,1,-9.97692674940639
165,414,3,1,705.170908812092,0.199280016129705,3,1.0637561197309,2.83396970636022,1.61510216062379,1,-9.97692674940639
166,28,1,2,708.455878380613,0.199157394699796,2,0.212444114331447,1.78114094118791,0.763648218726303,1,-9.97692674940639
167,84,1,2,711.562817729244,0.198350258893697,1,0.427374312303073,1.95395609216393,0.986341611596799,0,-9.97692674940639
168,313,2,1,714.603792309148,0.198317189153386,3,0.121087052142684,1.87328348289338,0.672131953535427,1,4.31557683147592
169,391,2,7,717.870799447823,0.199282357350967,3,0.0326395418687753,1.4860142796897,0.584146249027981,1,-4.31557683147592
170,149,1,1,720.839187701802,0.22275163073391,1,0.91388024832122,2.4138119139443,1.49659279237676,1,9.97692674940639
171,295,2,7,723.853723169977,0.19924870230534,3,0.266487095046614,1.68696651264327,0.81815476112024,1,-4.31557683147592
172,81,1,1,726.789735269405,0.198904835528083,2,0.474503668547186,2.11081289813592,1.02661616653859,0,9.97692674940639
173,366,2,6,729.94076916706,0.198385669857089,3,0.146577384219199,1.61580364885231,0.698478879703543,1,-4.31557683147592
174,437,3,1,732.92407509348,0.198364891522942,3,0.2938594758416,1.80844688984871,0.852432864767252,1,-9.97692674940639
175,299,2,3,735.954587929076,0.198927662428105,3,0.0193124361849186,1.75519582700872,0.570602287782094,1,4.31557683147592
176,113,1,1,739.205305147378,0.19947082561157,1,0.381172372073706,1.75111127499804,0.933943045713022,1,9.97692674940639
177,349,2,5,742.089968718366,0.198388596381847,3,0.209272053054519,1.57862184633814,0.760963131335302,1,-4.31557683147592
178,15,1,1,744.97407654211,0.198343527885299,1,1.07615463879119,2.58229668474451,1.6483413476235,1,9.97692674940639
179,441,3,1,747.995316388164,0.198414642462012,3,0.526247863270328,1.96916934370529,1.08529622732749,1,-9.97692674940639
180,314,2,2,750.953054136922,0.198944050973296,3,0.452160229626315,2.17119941609963,1.00281941492358,1,4.31557683147592
181,300,2,4,754.186757997682,0.198226174203228,3,0.257039684567644,1.92956525581758,0.808312562316132,1,4.31557683147592
182,263,2,7,757.373244706427,0.198258365986476,3,0.2023590138906,1.85485661340681,0.75438254549772,1,-4.31557683147592
183,378,2,2,760.539971220545,0.198244611314294,3,0.196301398205833,1.72843772397027,0.756012035044478,1,4.31557683147592
184,428,3,1,763.587143304065,0.199012824328747,3,0.431098901644873,2.01693200012596,0.982510789370281,1,-9.97692674940639
185,364,2,4,766.68764195479,0.198868546609447,3,0.322148444507548,1.70881156422547,0.874210313604635,1,4.31557683147592
186,274,2,2,769.588785962978,0.19837015927078,3,0.117960352014052,1.50334428731912,0.669161529882331,1,4.31557683147592
187,159,1,1,772.509390782205,0.198371329879592,1,1.22354588982671,2.73484330356769,1.78361239219703,1,9.97692674940639
188,38,1,2,775.536325062094,0.198990875385789,1,0.415705083461944,2.05172136782312,0.96693084414801,0,-9.97692674940639
189,39,1,1,778.68713537318,0.199388882889252,2,0.550513444313765,2.23686128940972,1.10280914281793,0,9.97692674940639
190,427,3,1,781.888440837794,0.198341771969353,3,0.230190859230788,1.69982215502932,0.782166981121918,1,-9.97692674940639
191,106,1,2,784.873534578805,0.1982934842963,2,0.419785245685489,2.06657436404384,0.979022955960318,1,-9.97692674940639
192,49,1,1,788.035438471112,0.199353471927679,1,0.502790003338305,2.07260242181837,1.05431573291571,1,9.97692674940639
193,54,1,2,791.120146759415,0.198889617593522,1,0.385862129614907,1.95580594909916,0.937727628832363,0,-9.97692674940639
194,271,2,7,794.224538567367,0.198503901498043,3,0.184077300080389,1.77955359361113,0.745048684220819,1,-4.31557683147592
195,321,2,1,797.336623626252,0.199344107044453,3,0.120322350960123,1.72324372604089,0.672594929910701,1,4.31557683147592
196,287,2,7,800.454320005641,0.198307824270159,3,0.0171634883135994,1.56597984033579,0.57641641652117,1,-4.31557683147592
197,297,2,1,803.518712352075,0.198963366043245,3,0.338493968867624,1.74129424431339,0.889796697181737,1,4.31557683147592
198,341,2,5,806.436381865959,0.199365470683915,3,0.126668814737059,1.86322179465606,0.679270920489216,1,-4.31557683147592
199,155,1,1,809.687084744284,0.198479611333823,1,1.05669558366753,2.50878323545658,1.6076175709768,1,9.97692674940639
200,225,2,1,812.65406650998,0.198361087039302,3,0.281875645481705,1.81378106836382,0.840891525103871,1,4.31557683147592
201,431,3,1,815.701017933457,0.199264212891649,3,0.322783500598234,1.74250202149778,0.874157343487241,1,-9.97692674940639
202,184,1,2,818.635451464887,0.199333278900667,2,0.622969247187939,1.99239981258506,1.17462813368729,1,-9.97692674940639
203,244,2,4,821.540780697573,0.198282948802444,3,0.0168202068416576,1.52844334290057,0.57717087486526,1,4.31557683147592
204,105,1,1,824.567992997409,0.19930372098861,1,0.664136099836469,2.29972218490911,1.21527933249308,1,9.97692674940639
205,212,2,4,827.718484902492,0.199123447002421,3,0.106870867928592,1.70920723050949,0.658357674712533,1,4.31557683147592
206,93,1,1,830.835541250697,0.198364891524761,2,0.492281727269074,1.9920966245154,1.05294319233144,0,9.97692674940639
207,343,2,7,833.850660853415,0.199220315003913,3,0.341123159616473,1.97673148628564,0.89203344082307,1,-4.31557683147592
208,311,2,7,837.001474091028,0.199065794444323,3,0.108962163239994,1.77796185624902,0.660480283848301,1,-4.31557683147592
209,399,2,7,840.185139628935,0.198378646195124,3,0.12164689652127,1.53840611456508,0.682704320517587,1,-4.31557683147592
210,319,2,7,843.117333197542,0.198980339891932,3,0.016874640221431,1.51971468715055,0.568144591443343,1,-4.31557683147592
211,323,2,3,846.135074674694,0.198930296302933,3,0.162377696829935,1.74811217139177,0.713715250798487,1,4.31557683147592
212,237,2,5,849.235600249456,0.198725732150706,3,0.123914953990607,1.54348158820358,0.675824351093979,1,-4.31557683147592
213,337,2,1,852.170159914147,0.198234368474004,3,0.59015382112193,2.00888346896318,1.14131022314359,1,4.31557683147592
214,293,2,5,855.103292604874,0.198294654905112,3,0.139633323879025,1.87582429256327,0.691474825585829,1,-4.31557683147592
215,58,1,2,858.354190975122,0.21963371018137,2,0.982705695985715,2.71299181362883,1.56237084876011,1,-9.97692674940639
216,143,1,1,861.598636941359,0.198336504225153,3,0.53412197349644,2.23660346249017,1.09590605384074,0,9.97692674940639
217,398,2,6,864.816247251627,0.199295526716014,3,0.801471808337737,2.35458956793082,1.3530777247197,1,-4.31557683147592
218,145,1,1,867.884367699233,0.198962488086181,1,0.365591841547939,1.91878978794739,0.917829302190512,1,9.97692674940639
219,31,1,1,870.952058240204,0.198346747065443,1,0.342299330324749,1.89087073213705,0.902704724379873,1,9.97692674940639
220,8,1,2,874.01584099132,0.199287625096986,2,0.510864287929508,2.16338295842979,1.06184773227869,1,-9.97692674940639
221,89,1,1,877.183456583965,0.199318060966107,2,1.1100566838777,2.56342410538309,1.66231521550435,0,9.97692674940639
222,236,2,4,880.151821133086,0.198263926386062,3,0.164871389435575,1.66722680369821,0.716412629597471,1,4.31557683147592
223,72,1,2,883.16901886175,0.198276803097542,1,0.729835432675827,2.37785574042573,1.29066722153584,0,-9.97692674940639
224,186,1,2,886.331843731718,0.199096230313444,2,0.8637664211019,2.36700330492567,1.41517450434185,1,-9.97692674940639
225,229,2,5,889.35023255637,0.199165881625959,3,0.377842863710612,1.78047457127104,0.929712460063456,1,-4.31557683147592
226,331,2,3,920.579704660873,0.199048527943887,NaN,NaN,NaN,NaN,0,4.31557683147592
227,371,2,3,923.916833405472,0.198272120658658,3,0.0192255183665111,1.71800261104545,0.580375420579003,1,4.31557683147592
228,117,1,1,927.130463640697,0.199243727211069,1,0.346412269635039,1.79968633496901,0.897821816137366,1,9.97692674940639
229,108,1,2,930.098873258316,0.198882593931557,2,0.218499974100268,1.95153702596326,0.79992133498672,1,-9.97692674940639
230,168,1,2,933.346570009373,0.199074281370486,2,0.390200118758003,1.75961400295819,0.940872473422132,1,-9.97692674940639
231,154,1,2,936.231335716111,0.198969804399894,2,0.637163482460892,2.12269342213585,1.18831432408479,1,-9.97692674940639
232,393,2,1,939.231870392368,0.199051747122212,3,0.0178494659521675,1.57112379467253,0.570182916640988,1,4.31557683147592
233,178,1,2,942.299441531088,0.198312799366249,1,0.571953464728722,2.27085932454065,1.13143846643106,0,-9.97692674940639
234,384,2,8,945.513332812412,0.1990368218394,3,0.0170534509452409,1.53746699244766,0.568758869201702,1,-4.31557683147592
235,360,2,8,948.548974677065,0.198419324902716,3,0.0165105804153427,1.45285264562335,0.568344765806614,1,-4.31557683147592
236,416,3,1,951.499523707931,0.1981787644836,3,0.270084965821297,1.83856259589811,0.821073092614824,1,-9.97692674940639
237,266,2,2,954.582159138032,0.198273291267469,3,0.0184227723493677,1.65087718220093,0.578474934745827,1,4.31557683147592
238,226,2,2,957.729717493688,0.199074574022234,3,0.016145935303939,1.45199780744588,0.56721541951265,1,4.31557683147592
239,285,2,5,960.680675945508,0.198335626266271,3,0.052594935765228,1.75307233991225,0.614338922705429,1,-4.31557683147592
240,59,1,1,963.896531218275,0.19927035859655,1,0.148364906155621,1.81756857800974,0.699757771462828,1,9.97692674940639
241,362,2,2,967.080491749977,0.199331522984721,3,0.0354437388596125,1.68930217285742,0.588136274256613,1,4.31557683147592
242,395,2,3,970.24903709986,0.221397819914273,3,0.0198497463134117,1.78475022541534,0.600741991342147,1,4.31557683147592
243,413,3,1,973.52832511126,0.199037699798282,3,0.348032979603886,1.81761189059034,0.898681629407292,1,-9.97692674940639
244,24,1,2,976.513152538424,0.198988534164528,2,0.137527103286629,1.85663740433665,0.688819588758633,1,-9.97692674940639
245,80,1,2,979.747139686879,0.221799631901376,3,0.46136561642561,2.09465408611868,1.04373634227159,0,-9.97692674940639
246,232,2,8,982.895942108638,0.199049698552699,3,0.208942233601192,1.94567724342232,0.760873286993956,1,-4.31557683147592
247,210,2,2,986.147618642086,0.198881423322746,3,0.105936428250061,1.74214176617534,0.658031952394595,1,4.31557683147592
248,324,2,4,989.298240192262,0.198267730869702,3,0.0818721921805263,1.75130413304396,0.633387678917643,1,4.31557683147592
249,7,1,1,992.482140730186,0.198296410821058,1,0.604787035257687,2.2235005286766,1.15604469507161,1,9.97692674940639
250,382,2,6,995.635695244484,0.198341479317605,3,0.17637000182367,1.85380803922453,0.735827786835216,1,-4.31557683147592
251,215,2,7,998.827830147957,0.199299038547906,3,0.212776275007855,1.94959908060264,0.764282982165241,1,-4.31557683147592
252,185,1,1,1002.08043556068,0.198278559015307,2,0.145712010547868,1.74491640525412,0.701698643351847,0,9.97692674940639
253,114,1,2,1005.19581061983,0.199022481863722,2,0.631979142064665,2.11751025235208,1.18328684547123,1,-9.97692674940639
254,400,2,8,1008.19612375809,0.199101790711211,3,0.0184918383583863,1.68879295737315,0.571172667654537,1,-4.31557683147592
255,420,3,1,1011.3805390719,0.198362842955248,3,0.235988306772924,1.68469611395449,0.794180369392052,1,-9.97692674940639
256,222,2,6,1014.34427736909,0.199004922709719,3,0.016727728625483,1.53563118283455,0.567389547795756,1,-4.31557683147592
257,133,1,1,1017.37837929588,0.199035065925273,1,0.493183975162538,2.07880402256887,1.044267506697,1,9.97692674940639
258,256,2,8,1020.47864031272,0.223492919711134,3,0.298222340454231,2.09862801545569,0.881125401336249,1,-4.31557683147592
259,296,2,8,1023.79433518261,0.199267432071792,3,0.0166176912589435,1.51936906445735,0.568009971259016,1,-4.31557683147592
260,118,1,2,1026.81222532727,0.198989119469843,2,0.243419048347278,1.64504022655819,0.794589497694687,1,-9.97692674940639
261,32,1,2,1029.72887553223,0.199077793200559,1,0.443612140516052,1.91232714109719,0.995266637224631,0,-9.97692674940639
262,217,2,1,1032.73469083158,0.198392108213739,3,0.249156209458306,1.62631075430909,0.808389529944179,1,4.31557683147592
263,269,2,5,1035.62639503825,0.199233191719031,3,0.274400420717939,1.69477184951393,0.825888983416007,1,-4.31557683147592
264,197,1,1,1038.56133544394,0.199010775761053,2,0.33128535060132,1.78338265992534,0.882514623117459,0,9.97692674940639
265,193,1,1,1041.52839973767,0.219032894443444,1,0.795946527692649,2.5125002158311,1.37866375418889,1,9.97692674940639
266,370,2,2,1044.76102371042,0.198324505468918,3,0.126979904425752,1.63194197518897,0.678871449723374,1,4.31557683147592
267,389,2,5,1047.780404042,0.198339723401659,3,0.0205679157388658,1.77265460177296,0.571312262933134,1,-4.31557683147592
268,46,1,2,1051.04727304866,0.198280314929434,2,0.391928817529333,2.193741273466,0.975824263297909,1,-9.97692674940639
269,170,1,2,1054.36327052131,0.198227637465607,2,0.626090679570552,2.06152054669838,1.17776741787566,1,-9.97692674940639
270,153,1,1,1057.31283009382,0.198181983661925,1,0.560171271994477,2.09590722445137,1.11192527057938,1,9.97692674940639
271,223,2,7,1060.36289621866,0.19831543323744,3,0.0155732142120542,1.42098043881015,0.587333235587721,1,-4.31557683147592
272,260,2,4,1063.28273750732,0.198318652417584,3,0.0195603129159281,1.71431987102187,0.580431024569407,1,4.31557683147592
273,183,1,1,1066.49307832758,0.19902657899911,1,0.555438494524424,2.0917904806538,1.1069121319415,1,9.97692674940639
274,207,2,7,1069.54417780868,0.199300794463852,3,0.0178462467738427,1.63712104783554,0.569938844389981,1,-4.31557683147592
275,351,2,7,1072.69751341885,0.198344405842363,3,0.0177297710488347,1.61399066613922,0.579729536340892,1,-4.31557683147592
276,1,1,1,1075.80870559473,0.199146859207758,1,0.292053809444042,1.71171760431025,0.843183287430293,1,9.97692674940639
277,262,2,6,1078.74319034036,0.199025115736731,3,0.0191122618198278,1.7879980837115,0.570376945297539,1,-4.31557683147592
278,158,1,2,1082.02705982784,0.199356983757752,2,0.340565363805581,2.10934553811603,0.892169231619846,1,-9.97692674940639
279,55,1,1,1085.31090209864,0.198800943864626,1,0.157283493430441,1.59335748887679,0.70909251070043,1,9.97692674940639
280,116,1,2,1088.26111926149,0.198409082062426,2,0.675806206634661,2.29142226518343,1.23713052978019,1,-9.97692674940639
281,129,1,1,1091.39170025587,0.220223112472013,1,0.171811937942039,1.65654732587245,0.755070864357549,1,9.97692674940639
282,298,2,2,1094.39176493208,0.199159735921057,3,0.0849008536970359,1.72040353278499,0.63566480861482,1,4.31557683147592
283,339,2,3,1097.54246842498,0.199035651230588,3,0.218887153458127,1.73765628013462,0.769982391095255,1,4.31557683147592
284,41,1,1,1100.57593822221,0.219547377671915,1,0.106758489338972,1.64048128472132,0.689658623696232,1,9.97692674940639
285,227,2,3,1103.62477403563,0.199292892844824,3,0.0184777910362754,1.67166868450659,0.57018028276616,1,4.31557683147592
286,12,1,2,1106.79278295334,0.198883764542188,2,0.269503757805069,1.87195601080566,0.820780147385449,1,-9.97692674940639
287,160,1,2,1109.91014512349,0.198273876572785,2,0.612640074497904,2.36178238295906,1.17112215581983,1,-9.97692674940639
288,180,1,2,1113.17531235541,0.199029212872119,2,0.148166780363681,1.81681470497278,0.699225436424967,1,-9.97692674940639
289,422,3,1,1116.35911046493,0.198977120713607,3,0.367991007371529,1.73690650423123,0.919190136672114,1,-9.97692674940639
290,373,2,5,1119.24231925996,0.19898941212341,2,0.189463863405763,1.72587847718751,0.741484175836376,0,-4.31557683147592
291,326,2,6,1122.29302248947,0.19840205840228,3,0.0163270872490102,1.48220686966852,0.597498815488507,1,-4.31557683147592
292,14,1,2,1125.27439017788,0.199328303804577,1,0.446151486923554,1.96553811053491,0.997697994831469,0,-9.97692674940639
293,449,3,1,1128.30948712343,0.198787481844192,3,0.420262269386512,2.10656885046956,0.97235750087566,1,-9.97692674940639
294,286,2,6,1131.51084819204,0.221315291888459,3,0.0561290082787309,1.73707536477013,0.63641165799163,1,-4.31557683147592
295,37,1,1,1134.70747297134,0.199023359822604,1,0.254330014360676,1.77260192430731,0.804957593178187,1,9.97692674940639
296,71,1,1,1137.74130126798,0.199024530431416,1,0.742765116163355,2.17820405552084,1.29407720935887,1,9.97692674940639
297,338,2,2,1140.6923627335,0.222542676794546,3,0.131409786477889,1.74736151753314,0.713270711536097,1,4.31557683147592
298,394,2,2,1143.82366804301,0.19918373343171,3,0.171931340193623,1.80786831570549,0.723323034888381,1,4.31557683147592
299,381,2,5,1146.97481724578,0.199013116980495,3,0.0776272665571014,1.69702878618591,0.629339123172031,1,-4.31557683147592
300,255,2,7,1150.10876550071,0.198678907738213,3,0.0301581406729383,1.48278046871928,0.581817905127537,1,-4.31557683147592
301,415,3,1,1153.07625735985,0.198373671102672,3,0.451954787518844,1.88344408770172,1.01159255386665,1,-9.97692674940639
302,368,2,8,1156.02384182011,0.198963658696812,3,0.234086650330937,1.71952381913979,0.785188618976463,1,-4.31557683147592
303,435,3,1,1159.02437737433,0.198863571515176,3,0.402740281666411,2.02301917371915,0.954864485760481,1,-9.97692674940639
304,224,2,8,1162.17967726859,0.198321286288774,3,0.0176197336804762,1.62881439710145,0.577667798939729,1,-4.31557683147592
305,5,1,1,1165.30751523037,0.198689150578502,3,0.304197720763113,1.9400776290222,0.855453917316481,0,9.97692674940639
306,218,2,2,1168.45880958882,0.198357867860977,3,0.0516165981989616,1.60448150596676,0.603503461054061,1,4.31557683147592
307,377,2,1,1171.52630873501,0.198314847933943,3,0.0490394996104442,1.51318238898602,0.628817616281594,1,4.31557683147592
308,423,3,1,1174.50548240704,0.199065794446142,3,0.39111465805945,2.11000546967807,0.941738432395141,1,-9.97692674940639
309,275,2,3,1177.73983800509,0.19895634238128,3,0.0152700261423888,1.38394671850074,0.566313171619186,1,4.31557683147592
310,134,1,2,1180.62355133316,0.198227637465607,2,0.490267399587538,2.22361349257153,1.0490804709716,1,-9.97692674940639
311,325,2,5,1183.8725003446,0.199029505525687,3,0.330671658148276,1.96685270590933,0.882123053968826,1,-4.31557683147592
312,386,2,2,1187.02605134707,0.19832684668836,3,0.223808399186964,1.82117054592163,0.786149982688585,1,4.31557683147592
313,380,2,4,1190.13952065264,0.19835611194685,3,0.0758678392667207,1.85959026883393,0.635968289336233,1,4.31557683147592
314,310,2,6,1193.43914772546,0.199022774517289,3,0.0291555129460903,1.64793163401737,0.580225582460116,1,-4.31557683147592
315,128,1,2,1196.57318553208,0.198787481846011,2,0.196097712014307,1.6818096815914,0.747379369340706,1,-9.97692674940639
316,248,2,8,1199.57402164049,0.19877489778446,3,0.98304605093108,2.68915028617084,1.55521139612574,1,-4.31557683147592
317,119,1,1,1202.79640248041,0.198357867860977,2,0.522387775785319,2.09871551857577,1.08114231665422,0,9.97692674940639
318,213,2,5,1205.88798781161,0.199296697328464,2,0.0190048583244788,1.73865949316678,0.570489323887159,0,-4.31557683147592
319,66,1,2,1209.12274200246,0.199037114491148,2,0.500562331926631,2.00418376123525,1.05288934425516,1,-9.97692674940639
320,340,2,4,1212.16295100323,0.198344405844182,3,0.0159358107539447,1.44202771946766,0.574068464900847,1,4.31557683147592
321,124,1,2,1215.10373421761,0.199283527961597,2,0.316342802692816,1.90334212169182,0.867985007993411,1,-9.97692674940639
322,267,2,3,1218.20569144878,0.199046772027941,3,0.0338865344983788,1.53705201109369,0.58610877720821,1,4.31557683147592
323,403,3,1,1221.22351223478,0.19826041455417,3,0.38254315674385,1.93509463360169,0.934101370754433,1,-9.97692674940639
324,261,2,5,1224.29061454407,0.198295532863995,3,0.196734816672688,1.74007300511221,0.772731862052751,1,-4.31557683147592
325,122,1,2,1227.34832124239,0.198284412064822,2,0.061758180589095,1.81858583836583,0.617785784752414,1,-9.97692674940639
326,131,1,1,1230.62140706774,0.198349380936634,1,0.0656276329573302,1.64949117959623,0.624751208728412,1,9.97692674940639
327,172,1,2,1233.72076173954,0.199033310009327,1,0.380611942389805,1.94994148411752,0.931877503826399,0,-9.97692674940639
328,201,2,1,1236.80508840888,0.199171442025545,3,0.0921764894046646,1.57767365199106,0.64361822769024,1,4.31557683147592
329,250,2,2,1239.80561781739,0.220664432557896,3,0.291862999963996,2.04113173433689,0.873749971100551,1,4.31557683147592
330,365,2,5,1243.06983626966,0.199277382258515,3,0.239052086597439,1.80888411279921,0.790522212184442,1,-4.31557683147592
331,64,1,2,1246.15480238488,0.199165003668895,2,0.45041923944882,1.81976991069132,1.00233009981457,1,-9.97692674940639
332,344,2,8,1249.03940391353,0.198311921409186,3,0.0408900033107784,1.52681034152192,0.592624101520414,1,-4.31557683147592
333,361,2,1,1252.03997751258,0.198371037227844,3,0.2533118760457,1.93433929730054,0.811160657192886,1,4.31557683147592
334,9,1,1,1255.23624584104,0.199280894088588,2,0.924502951547765,2.59401127473393,1.47581592269853,0,9.97692674940639
335,328,2,8,1258.4209514662,0.199316012398413,3,0.0161874919704132,1.50225649769163,0.568256092075899,1,-4.31557683147592
336,44,1,2,1261.44184627487,0.198270950046208,2,0.881375911942087,2.46036006217037,1.44266540943136,1,-9.97692674940639
337,78,1,2,1264.536416955,0.199022189211973,2,0.31203027432457,1.78169112803153,0.863542541881543,1,-9.97692674940639
338,17,1,1,1267.52138573336,0.198801821821689,1,0.389162958026645,2.10881788552069,0.94118180719488,1,9.97692674940639
339,402,3,1,1356.41755464775,0.198230856643931,3,0.832990198185144,3.3395934645996,1.4188996789926,1,-9.97692674940639
340,11,1,1,1360.44010967448,0.198370744572458,2,0.519369649762666,2.16482017523595,1.07318187391866,0,9.97692674940639
341,177,1,1,1363.60072852933,0.198815576488414,NaN,NaN,NaN,NaN,0,9.97692674940639
342,301,2,5,1366.75274515433,0.198411423283687,3,0.269364455180039,1.78839433530084,0.821111430101155,1,-4.31557683147592
343,258,2,2,1369.78688571127,0.198370451922528,3,0.208867607194406,1.76194819990633,0.794029360662535,1,4.31557683147592
344,73,1,1,1372.85506176286,0.198388303728279,1,0.0807940600898291,1.72594695789303,0.641380313434638,1,9.97692674940639
345,130,1,2,1376.01587406106,0.199280894088588,2,0.293289095967339,1.82902212189947,0.844567534117232,1,-9.97692674940639
346,302,2,6,1379.06673473766,0.198987363553897,3,0.0188327786127047,1.72107458514074,0.569920114627166,1,-4.31557683147592
347,407,3,1,1382.28413902051,0.198325676079548,3,0.233411500837974,2.03266705121132,0.793876010713575,1,-9.97692674940639
348,318,2,6,1385.59887925769,0.199005800666782,3,0.0197127849060053,1.77262943364985,0.57109570002649,1,-4.31557683147592
349,235,2,3,1388.8672876169,0.198676566516951,3,0.0875341415812727,1.85740327613166,0.6397941364703,1,4.31557683147592
350,33,1,1,1392.15233590897,0.198318945069332,2,0.437067550945358,2.17219560547164,0.988015876988356,0,9.97692674940639
351,282,2,2,1395.40274584207,0.198358160516364,3,0.196536105569976,1.81006584390343,0.754100135760382,1,4.31557683147592
352,36,1,2,1398.53224607048,0.19900228883489,2,0.486936135304859,2.07260300712369,1.03822540160036,1,-9.97692674940639
353,51,1,1,1401.65526345902,0.198283534107759,1,0.423984517507051,1.90153528468363,0.983758659956948,1,9.97692674940639
354,82,1,2,1404.64845314091,0.199021603908477,1,0.355403727400699,2.10819980327869,0.906844295077462,0,-9.97692674940639
355,102,1,2,1407.91661508665,0.198829623812344,1,0.281429057649802,1.76790982554667,0.833697246809606,0,-9.97692674940639
356,374,2,6,1410.91851908431,0.198434835489024,3,0.109920600432815,1.7738462830639,0.672849830305495,1,-4.31557683147592
357,206,2,6,1414.11791791739,0.198237587654148,3,0.0198848646250553,1.78878034404988,0.571108284086222,1,-4.31557683147592
358,379,2,3,1417.4019428034,0.198265389648441,3,0.0175421807471139,1.58531451811359,0.567873595158744,1,4.31557683147592
359,194,1,2,1420.48505233067,0.198303727134771,2,0.39779269720384,2.11142220080001,0.977283429045201,1,-9.97692674940639
360,62,1,2,1423.71483815873,0.19896658521975,2,0.357373864542751,1.8095089260496,0.90848432011262,1,-9.97692674940639
361,208,2,8,1426.68266364181,0.198315725891007,3,0.0182217200272135,1.63861620984972,0.570313732343493,1,-4.31557683147592
362,209,2,1,1429.81821680347,0.198344991149497,3,0.0169899453358084,1.54715964578645,0.579467612285953,1,4.31557683147592
363,56,1,2,1432.86398708114,0.198320115679962,2,0.132977526329341,1.78822459680669,0.683339376610093,1,-9.97692674940639
364,291,2,3,1436.03440013977,0.198233197865193,3,0.016348158234905,1.46817271535838,0.567273657376063,1,4.31557683147592
365,354,2,2,1439.00138892913,0.198307531616592,3,0.0175222803700308,1.59751198485537,0.57975528976749,1,4.31557683147592
366,289,2,1,1442.0974749643,0.198332992393262,3,0.0430014916491928,1.62691391127009,0.606157234618877,1,4.31557683147592
367,182,1,2,1445.19735524013,0.198958390948974,2,0.200688845634431,1.88651108670456,0.752072346054774,1,-9.97692674940639
368,3,1,1,1448.39859836975,0.198796261422103,2,0.747997158927319,2.11766009046914,1.30007805044443,0,9.97692674940639
369,96,1,2,1451.28333276266,0.19839708330619,2,0.148158586092904,1.71268335781497,0.705634235200705,1,-9.97692674940639
370,308,2,4,1454.36372940055,0.199010190455738,3,0.0182126477993734,1.67055455614536,0.569588831909641,1,4.31557683147592
371,137,1,1,1457.53155628836,0.198488683563482,1,0.21492844205568,1.78441747943725,0.766549869025766,1,9.97692674940639
372,320,2,8,1460.61631959534,0.198313677323313,3,0.0195532892539632,1.76044338036081,0.593333784017887,1,-4.31557683147592
373,332,2,4,1463.87264637824,0.198236709693447,3,0.143823230820999,1.63512632787388,0.701385797743569,1,4.31557683147592
374,350,2,6,1466.87986875117,0.199043552849616,3,0.0191324548468401,1.75518968130564,0.570706764752686,1,-4.31557683147592
375,125,1,1,1470.13128540913,0.198931466911745,2,0.377425833790767,1.952653202894,0.952068775695807,0,9.97692674940639
376,156,1,2,1473.22197580875,0.198296410821058,1,0.196364025858202,1.83788598313913,0.753604382298363,0,-9.97692674940639
377,68,1,2,1476.37912994974,0.199028042261489,1,0.317598867553897,1.95272197624581,0.868300194819312,0,-9.97692674940639
378,188,1,2,1479.53011351115,0.199037114492967,1,0.347634972098604,2.06583922077334,0.898779668023053,0,-9.97692674940639
379,243,2,3,1482.76545212921,0.198364891522942,3,0.0168766887873062,1.51478378388856,0.579217979637178,1,4.31557683147592
380,142,1,2,1485.77938941552,0.198407911451795,1,0.67571314311499,2.37620400928063,1.23830874905252,0,-9.97692674940639
381,121,1,1,1488.99598246543,0.199035065925273,1,0.239663437831041,1.7916740927285,0.790753115066764,1,9.97692674940639
382,316,2,4,1492.06375846095,0.198430445700069,3,0.340467032539891,1.73958778713859,0.901972214978741,1,4.31557683147592
383,411,3,1,1494.97900861598,0.199343814394524,3,0.25762235584989,1.76055605160218,0.809413813964056,1,-9.97692674940639
384,16,1,2,1497.99701991881,0.198684760787728,2,0.53204823733904,1.95031607941564,1.08319585978461,1,-9.97692674940639
385,167,1,1,1500.93028371789,0.198905128178012,1,0.190989168633678,1.57711058843415,0.7431397114633,1,9.97692674940639
386,335,2,7,1503.83145757664,0.198388303731917,3,0.028241851599887,1.67604471848244,0.591732681772555,1,-4.31557683147592
387,387,2,3,1507.01589162021,0.198341186664038,3,0.0914869999323855,1.57146151574852,0.653825656907429,1,4.31557683147592
388,249,2,1,1510.01193583534,0.199146859209577,2,1.38506172481721,2.88755205191774,1.93671388030634,0,4.31557683147592
389,26,1,2,1513.02994245573,0.198206566481531,2,1.1522314319991,2.83750758335736,1.70302231095411,1,-9.97692674940639
390,161,1,1,1516.25241079876,0.198443029763439,1,0.0984339867973176,1.57484838401433,0.656753353287058,1,9.97692674940639
391,426,3,1,1519.24488289653,0.198990290078655,3,0.155945778500609,1.75836642502327,0.707388394745067,1,-9.97692674940639
392,342,2,6,1522.38418142587,0.198361964998185,3,0.265113091198145,1.64292698230201,0.825193348242465,1,-4.31557683147592
393,152,1,2,1525.27800765638,0.199048527945706,1,0.345274143764982,1.78107567966435,0.896741342825408,0,-9.97692674940639
394,136,1,2,1528.22919964495,0.198832842990669,1,0.473074060711951,1.94174106626815,1.02453950385097,0,-9.97692674940639
395,251,2,3,1531.21318774453,0.198285875325382,3,0.016958631509624,1.50292345291382,0.56841178324612,1,4.31557683147592
396,317,2,5,1534.21404229005,0.221436157400603,3,0.0170350138323556,1.56436908055184,0.597209089439275,1,-4.31557683147592
397,205,2,5,1537.27758769993,0.199476971312833,3,0.123192394781654,1.70953558670226,0.675178174205939,1,-4.31557683147592
398,358,2,6,1540.37931958861,0.198602525415481,3,0.100884952127672,1.71987207570783,0.652661777610774,1,-4.31557683147592
399,348,2,4,1543.51346333546,0.198216809320002,3,0.0159258605672221,1.43036639224738,0.576673072831909,1,4.31557683147592
400,53,1,1,1546.44396478687,0.199040918978426,1,0.220062738859269,1.83916253367715,0.771492771043995,1,9.97692674940639
401,307,2,3,1549.57851971059,0.198960732170235,3,0.0192849268387363,1.7620359956818,0.59466886507289,1,4.31557683147592
402,312,2,8,1552.83639989336,0.198348795631318,3,0.0163291358185234,1.47409893003351,0.572914535787277,1,-4.31557683147592
403,440,3,1,1555.81025138564,0.199070769536775,3,0.203777208276733,1.87264754884382,0.755031648914155,1,-9.97692674940639
404,234,2,2,1558.99483380406,0.198790993676084,3,0.0188485818507615,1.72176495257008,0.570930058667727,1,4.31557683147592
405,233,2,1,1562.21292669843,0.198506828022801,3,0.311366245627141,1.92575755314101,0.867438918285188,1,4.31557683147592
406,253,2,5,1565.34347169654,0.198960732170235,3,0.0283536448841915,1.5472784627309,0.57967978540546,1,-4.31557683147592
407,436,3,1,1568.37783145026,0.19898560763977,3,0.223564326941414,1.97678943149367,0.775997572152846,1,-9.97692674940639
408,34,1,2,1571.64666005857,0.19835377072377,3,0.0362140004435787,1.49200517058489,0.607823891044973,0,-9.97692674940639
409,47,1,1,1574.61747293915,0.198350551549083,2,0.708303519353649,2.20086853431712,1.26640924945968,0,9.97692674940639
410,94,1,2,1577.62573803322,0.199235825592041,2,0.318370299744856,1.72083461003058,0.869713999414671,1,-9.97692674940639
411,199,1,1,1580.54339232917,0.198361964998185,1,0.123914661337039,1.70711476458746,0.685742932219,1,9.97692674940639
412,86,1,2,1583.64252634093,0.198937905268394,1,0.185310830693197,1.68780232840072,0.736527519147785,0,-9.97692674940639
413,147,1,1,1586.66053998497,0.198285582675453,1,0.173334901948692,1.70985252944229,0.725145675136446,1,9.97692674940639
414,430,3,1,1589.71222769775,0.19834967359202,3,0.162764290886116,1.85006940255698,0.748849655883532,1,-9.97692674940639
415,417,3,1,1592.91478571539,0.198386255160585,3,0.662694200589613,2.20736249499168,1.22321402180387,1,-9.97692674940639
416,438,3,1,1595.97509614369,0.199043260196049,3,0.262627592863282,1.73142570677737,0.813294094474259,1,-9.97692674940639
417,2,1,2,1598.95946059448,0.199309281390015,2,0.412402791789646,2.09865903662649,0.964711659660679,1,-9.97692674940639
418,446,3,1,1602.16044443391,0.198289387157274,3,0.160702260829567,1.91392999926029,0.712694185960572,1,-9.97692674940639
419,88,1,2,1605.4300939327,0.198296410821058,2,0.415988663808093,2.06800192331139,0.998917478118528,1,-9.97692674940639
420,406,3,1,1608.59682249538,0.19828733858958,3,0.173539173447352,1.86911757346388,0.734817842792836,1,-9.97692674940639
421,247,2,7,1611.80849400691,0.198277095747471,3,0.0164903873883304,1.50034606167173,0.579974193893577,1,-4.31557683147592
422,107,1,1,1614.80829295459,0.198925321208662,1,0.403781539531337,2.10596159637134,0.954923016277462,1,9.97692674940639
423,359,2,7,1618.02609758617,0.198937027311331,3,0.0159384446269542,1.45193196061518,0.567779361030261,1,-4.31557683147592
424,111,1,1,1620.97778327964,0.198519997389667,2,1.15475292659903,2.55219648928323,1.71218467782091,0,9.97692674940639
425,231,2,7,1623.89154529633,0.199060819351871,3,0.0182539118140994,1.70535036220099,0.570691839471692,1,-4.31557683147592
426,173,1,1,1627.09428856305,0.198339723403478,1,0.173501128618227,1.67557588905765,0.724345562994131,1,9.97692674940639
427,346,2,2,1630.11163144739,0.198356111948669,3,0.276493471945287,2.03440335894993,0.849670517098275,1,4.31557683147592
428,74,1,2,1633.3850309963,0.198337382182217,2,0.657867188994715,2.28089321078369,1.2131309699289,1,-9.97692674940639
429,30,1,2,1636.5237009079,0.199161199183436,2,0.41875715718561,1.85408898569585,0.969674462052353,1,-9.97692674940639
430,396,2,4,1639.47467750418,0.199006093320349,3,0.0169191234126629,1.55334456533819,0.568980699856183,1,4.31557683147592
431,187,1,1,1642.54603410397,0.198272705962154,1,0.600648049865413,2.29575966902121,1.16131302675421,1,9.97692674940639
432,448,3,1,1645.75725141871,0.199025701043865,3,0.143623056457727,1.81247642317612,0.694843549397774,1,-9.97692674940639
433,202,2,2,1648.94178964659,0.198291435724968,3,0.221612041597837,1.90776234620716,0.772980324087257,1,4.31557683147592
434,192,1,2,1652.14338512991,0.198189592629205,2,0.535462029645714,2.26615522702195,1.11519537046843,1,-9.97692674940639
435,146,1,2,1655.39021065425,0.199221485618182,2,0.799385488120606,2.43556770649229,1.3509044866878,1,-9.97692674940639
436,65,1,1,1658.54161797659,0.198207444434956,2,0.536573816785676,1.97197090682312,1.08729914155992,0,9.97692674940639
437,264,2,8,1661.49206399375,0.198238758261141,3,0.0171307112250361,1.51561462454993,0.576177319366252,1,-4.31557683147592
438,390,2,6,1664.50672383927,0.199311915261205,3,0.0183335133151559,1.67123819256449,0.570103900445247,1,-4.31557683147592
439,304,2,8,1667.67519280684,0.198372500493861,3,0.0175922243361128,1.62069182483538,0.569660239139921,1,-4.31557683147592
440,254,2,6,1670.79381484632,0.198380109457503,3,0.0155787746116403,1.41917769893553,0.601696331392304,1,-4.31557683147592
441,375,2,7,1673.71256512617,0.198351722159714,3,0.0190633888378215,1.74654999193808,0.579049997057155,1,-4.31557683147592
442,139,1,1,1676.95617147217,0.198997021088871,1,0.407173090243305,2.10907454182961,0.958090102460119,1,9.97692674940639
443,221,2,5,1680.17400156452,0.198921224073274,3,0.0185310538035992,1.67649394018736,0.592341984436644,1,-4.31557683147592
444,425,3,1,1683.34710380767,0.198254561502836,3,0.16479910425187,1.5741038758606,0.723115544209577,1,-9.97692674940639
445,345,2,1,1686.27240218892,0.199009019845107,3,0.547623792772356,2.21677156798251,1.09892769169528,1,4.31557683147592
446,273,2,1,1689.45707152517,0.198480196639139,3,0.0900392476360139,1.57635700804894,0.641807293548482,1,4.31557683147592
447,97,1,1,1692.4583240782,0.198357867862796,1,0.449290478460171,2.2469001507452,1.00810559841193,1,9.97692674940639
448,240,2,8,1695.77163646346,0.199260993711505,3,0.0805780824848625,1.54935629602551,0.631606595336052,1,-4.31557683147592
449,204,2,4,1698.7555247685,0.198984144375572,3,0.0179439927342173,1.63667884979441,0.569138439594099,1,4.31557683147592
450,357,2,5,1701.89000301725,0.198644374733703,3,0.0176756303226284,1.64345141572267,0.592507625795406,1,-4.31557683147592
