PresOrder,TrialNumber,Illusory_Fragmented,Fat_Thin,StimPresTime,StimPresLength,Response,RespScreenOnset_to_Resp,ExpStartOnset_to_Resp,StimOnset_to_Resp,Accuracy,StepLevel
1,79,1,1,182.916642644705,0.216620315244654,1,0.893110382152372,2.68839169671992,1.48064990133571,1,1.75
2,326,2,6,186.245245625498,0.198378934102948,3,0.421446404478047,1.89599038456799,0.972488528714166,1,-3.31578234140435
3,122,1,2,189.236480069871,0.218686448482913,2,0.744478727167007,2.5443725524965,1.32427229528548,1,-1.75
4,4,1,2,192.552528218381,0.198220901249442,2,0.464387735366472,2.23626965204312,1.01674358086893,1,-1.75
5,233,2,1,195.845079808059,0.198419612934231,3,0.352960818680003,1.74369529393152,0.905160679903929,1,3.31578234140435
6,273,2,1,198.771734419352,0.198266555191367,3,0.392762563526048,2.0571645803866,0.954189494848833,1,3.31578234140435
7,190,1,2,201.9522585675,0.198320110765053,2,0.904861588089261,2.58850761674694,1.46823642066738,1,-1.75
8,228,2,4,205.151334894748,0.198799184436211,3,0.149120678863255,1.82967804317013,0.726944396723411,1,3.31578234140435
9,344,2,8,208.347971662952,0.199293476092862,3,0.350914878537878,1.85718512466701,0.902892908459762,1,-3.31578234140435
10,411,3,1,211.369760003698,0.198285285005113,3,1.1565470523783,2.82687237471691,1.70740685352939,1,-1.75
11,380,2,4,214.555028356655,0.198340303861187,3,0.314549470276688,1.96176512162492,0.875701892684447,1,3.31578234140435
12,211,2,3,217.718391600152,0.198231729431427,3,0.0602722671901574,1.49409937515156,0.615475337952375,1,3.31578234140435
13,305,2,1,220.668310110806,0.198309867890202,3,0.324355701523018,1.91236697803834,0.876358314329991,1,3.31578234140435
14,248,2,8,223.770938402013,0.198271530287457,3,0.247835901027429,1.94534404484148,0.808978373199352,1,-3.31578234140435
15,151,1,1,226.984653253967,0.198313965040143,1,0.680696082054055,2.0517888294853,1.23192726039269,1,1.75
16,78,1,2,229.870857015092,0.198220608595875,2,1.15361817681696,2.72564530813543,1.73942723625805,1,-1.75
17,425,3,1,232.958153778265,0.198270359673188,3,0.669421901198803,2.44632048300991,1.22637240558106,1,-1.75
18,30,1,2,236.251122691741,0.198307819329784,1,1.32942387367075,2.91326044897141,1.91028474886843,0,-1.75
19,382,2,6,239.350337180658,0.198683001028257,3,0.297912707930664,1.88606562869973,0.849870252102846,1,-3.31578234140435
20,289,2,1,242.453022246642,0.198334450775292,3,0.841874375008047,2.4234159620828,1.40397762840439,1,3.31578234140435
21,191,1,1,245.54833742122,0.199067254972761,1,0.780434420608799,2.30400428912253,1.35108608078735,1,1.75
22,114,1,2,248.58654771671,0.198241679638159,2,0.462877058336744,2.19449191119929,1.0255319634598,1,-1.75
23,282,2,2,251.833911860405,0.198432197037619,3,0.0798504892154597,1.85055886562623,0.631337154030916,1,3.31578234140435
24,125,1,1,255.118659553627,0.198315720961546,2,1.29344476794358,2.94975257615442,1.86366242308577,0,1.75
25,31,1,1,258.289209780138,0.198402931695455,2,0.567499197393772,2.17922037710377,1.12652432199684,0,1.75
26,303,2,7,261.416421837683,0.198711973716854,3,0.135913229416474,1.72393123697839,0.68786667646782,1,-3.31578234140435
27,141,1,1,264.518564616854,0.198489557093126,1,0.51679816073738,2.18240912891633,1.07998189059435,1,1.75
28,421,3,1,267.698264652936,0.198991165088955,3,0.538895543504623,2.09776819565741,1.11157558462583,1,-1.75
29,412,3,1,270.771257686909,0.198261287412606,3,0.636162423834321,2.24880985164782,1.19555921826395,1,-1.75
30,20,1,2,273.897663776908,0.199020137777552,1,1.22350937705778,2.99464005237678,1.77481606000219,0,-1.75
31,257,2,1,277.183669587248,0.217283467922243,3,0.173326629621442,1.95656993788725,0.754073369971593,1,3.31578234140435
32,387,2,3,280.48259604667,0.198637932393467,3,0.166133208243991,1.73737105324108,0.717912233827519,1,3.31578234140435
33,353,2,1,283.56783487089,0.198298161762068,3,0.0209346706833458,1.4363761193672,0.583082114753779,1,3.31578234140435
34,144,1,2,286.499005709964,0.198548965752707,1,0.813253747212002,2.20081527392904,1.36467983275361,0,-1.75
35,77,1,1,289.421403969725,0.198450926851365,3,0.347355334830354,1.74255131166137,0.905745694122743,0,1.75
36,184,1,2,292.3312500311,0.199197778405505,1,0.267478799447417,1.67285531126254,0.820002920678235,0,-1.75
37,308,2,4,295.251588596002,0.198337669964531,3,0.262065003596945,1.78430300633772,0.831631504843244,1,3.31578234140435
38,150,1,2,298.288246657685,0.198444488472887,1,0.500780360380304,1.99556454455887,1.0594200603955,0,-1.75
39,186,1,2,301.298591663886,0.19831835484365,2,0.60501590424974,2.3769894214638,1.15694535370858,1,-1.75
40,260,2,4,304.584740289109,0.198304600125994,3,0.241370308722253,1.73929290832893,0.803264900227077,1,3.31578234140435
41,35,1,1,307.597913205434,0.198214170217398,1,0.230305375080206,1.70197871765413,0.781451391289011,1,1.75
42,48,1,2,310.583913250506,0.198374836953008,1,0.366673387950868,2.01969908789033,0.917189906613203,0,-1.75
43,230,2,6,313.750852426296,0.198313672386575,3,0.0538113573566079,1.66882810737297,0.614266971926554,1,-3.31578234140435
44,146,1,2,316.880365325138,0.220662737105158,1,0.584791210785625,2.20351734307769,1.16736644979392,0,-1.75
45,160,1,2,320.013821143686,0.199358445141115,1,0.462063774451963,2.16592747287359,1.01344303545193,0,-1.75
46,100,1,2,323.232366825861,0.198473461161484,3,1.26168367615901,2.69921928843542,1.81298626196804,0,-1.75
47,19,1,1,326.184659048507,0.198487508532708,1,0.678404313017381,2.14704137622903,1.26072230965656,1,1.75
48,166,1,2,329.167932441545,0.198233777991845,1,0.350176513922634,1.94759103789693,0.911759429509402,0,-1.75
49,364,2,4,332.281212732414,0.198754408454988,3,0.275605785296648,1.7464078986086,0.827229411908775,1,3.31578234140435
50,398,2,6,335.267989772357,0.1984011757595,3,0.0170570126938401,1.43091842548165,0.578231091436464,1,-3.31578234140435
51,445,3,1,338.198010483437,0.198340596500202,3,0.516520139964996,1.93360630093957,1.07984697737265,1,-1.75
52,148,1,2,341.130831009912,0.198268896419904,1,0.275688606212498,1.896387515284,0.826674248339259,0,-1.75
53,424,3,1,344.265870083531,0.198535796342185,3,0.59365041552519,2.11344651803665,1.14393895717512,1,-1.75
54,314,2,2,347.299806468291,0.217177234721021,3,0.405416897992836,1.9036713665846,0.983524197028601,1,3.31578234140435
55,346,2,2,350.313699604711,0.198591985797975,3,0.337212844795431,2.02566424281395,0.889554350273102,1,3.31578234140435
56,133,1,1,353.516734654942,0.198323622607859,1,0.483605408357107,2.21479766965786,1.04555033624638,1,1.75
57,379,2,3,356.781182442792,0.198330353625352,3,0.358247310301522,1.75820241725887,0.92164555513591,1,3.31578234140435
58,253,2,5,359.696787631066,0.198522334278096,3,0.0215764596650843,1.79289472583332,0.573332072977792,1,-3.31578234140435
59,86,1,2,362.982458060578,0.19834908345365,3,0.302523170103086,1.70093043305678,0.864662419873639,0,-1.75
60,39,1,1,365.895650321298,0.219381793023786,1,0.0885358578088926,1.72368277421629,0.670706942415563,1,1.75
61,2,1,2,369.045822211294,0.198820840785629,1,0.292005791023257,1.82934236968867,0.843145661521703,0,-1.75
62,115,1,1,372.098157132074,0.198371910417336,1,0.313459043594776,2.01706228045805,0.864545651158551,1,1.75
63,327,2,7,375.317137111939,0.198418734973529,3,0.213975020858925,1.98221837740857,0.796106011955999,1,-3.31578234140435
64,43,1,1,378.600257652084,0.198364008771023,1,0.282761454378488,1.76301217643777,0.843455874157371,1,1.75
65,423,3,1,381.59547862153,0.198978580985568,3,1.34579198017309,2.78346104240336,1.89744106764556,1,-1.75
66,294,2,6,384.547862152045,0.198507408960722,3,0.190334183876985,1.92716909603041,0.741237005087896,1,-3.31578234140435
67,221,2,5,387.798930117584,0.198328012411366,3,0.686200600466691,2.28408483321255,1.24544053268619,1,-3.31578234140435
68,310,2,6,390.910903710872,0.199028917384567,3,0.369395650166553,1.92407282271597,0.921025715171709,1,-3.31578234140435
69,214,2,6,393.980037816684,0.198337669964531,3,0.843929972717888,2.41508265557059,1.39577367471065,1,-3.31578234140435
70,276,2,4,397.06552539632,0.19836839857453,3,0.393204470223282,2.05752278819273,0.952603605896002,1,3.31578234140435
71,366,2,6,400.244078816249,0.199424584818189,3,0.237839737717877,1.74297361056961,0.789933951047715,1,-3.31578234140435
72,96,1,2,403.263887063877,0.198347327532247,2,0.869958861701889,2.41892285391805,1.43241271392617,1,-1.75
73,63,1,1,406.32708674336,0.198967460150016,1,0.545991511302418,2.299994644447,1.09703919595631,1,1.75
74,66,1,2,409.595821318697,0.198276798066217,2,0.97155789079261,2.35886246780865,1.52286691498011,1,-1.75
75,328,2,8,412.497408407522,0.198282651123009,3,0.0188015198073117,1.59418187417032,0.591462831114768,1,-3.31578234140435
76,27,1,1,415.587082687183,0.218120164077845,1,0.814012890215963,2.43961374429637,1.38710732859909,1,1.75
77,437,3,1,418.727005561304,0.199337081430713,3,0.918754724523751,2.52389295790636,1.47088610484207,1,-1.75
78,370,2,2,421.84662414022,0.198360496928217,3,0.321478040321381,1.80402960364881,0.884235081466613,1,3.31578234140435
79,355,2,3,424.84303855036,0.198990287128254,3,0.342976946820272,1.87983854896447,0.893454542572726,1,3.31578234140435
80,169,1,1,427.895524480322,0.198255727009382,1,0.718998270720476,2.12327235702833,1.27004537005269,1,1.75
81,207,2,7,430.814314323259,0.198322744647157,3,0.401154108083574,2.13244294501783,0.96176834081416,1,-3.31578234140435
82,120,1,2,434.059683155836,0.198979458946269,1,0.47717990957608,2.01481323882763,1.02859663021809,0,-1.75
83,70,1,2,437.112125480431,0.1983704471495,2,0.569570891049807,2.29062212559802,1.1213092378166,1,-1.75
84,210,2,2,440.366628319316,0.198362838156754,3,0.271855138897081,1.68380318353593,0.830880848778179,1,3.31578234140435
85,11,1,1,443.293114947548,0.199235530701117,1,0.523182980687125,2.2775027648313,1.07477792724967,1,1.75
86,52,1,2,446.561688270842,0.198192221214413,2,0.980681068918784,2.6806021402881,1.56039825449989,1,-1.75
87,450,3,1,449.776354246453,0.199390929672518,3,0.605661790366867,2.21027324757597,1.15767347543442,1,-1.75
88,413,3,1,452.895665831922,0.198351424682187,3,0.614656786288833,2.03487931411655,1.16561579697009,1,-1.75
89,108,1,2,455.829819394785,0.19842692927341,1,0.453040683802101,1.94071690141573,1.03751670685597,0,-1.75
90,402,3,1,458.831733055587,0.198327719757799,3,0.595045787093113,2.27465232041141,1.15528981323587,1,-1.75
91,264,2,8,462.025440948244,0.199096812968492,3,0.366338007108425,1.9369097729068,0.91727419081144,1,-3.31578234140435
92,57,1,1,465.110571490703,0.198310453197337,1,0.704801945321378,2.47586882219184,1.25581860871171,1,1.75
93,304,2,8,468.413322345179,0.198277090705233,3,0.185376927372999,1.73307929064322,0.746526423245086,1,-3.31578234140435
94,26,1,2,471.475266834095,0.198975654449896,1,0.511460454770713,2.19890629558358,1.06270480253443,0,-1.75
95,280,2,8,474.677500013902,0.198337962618098,3,0.262284201016882,1.71668543062697,0.813966358313337,1,-3.31578234140435
96,198,1,2,477.665553900762,0.198316598922247,1,0.972727041269536,2.38454046534025,1.53149902063888,0,-1.75
97,224,2,8,480.592883078221,0.198935853579314,3,0.295822869753465,1.81748756443267,0.848175496066688,1,-3.31578234140435
98,111,1,1,483.628533241485,0.198286455619382,1,0.62726693006698,2.32583330869966,1.18972839126945,1,1.75
99,139,1,1,486.841308968578,0.198248703338322,1,0.392916791897733,2.0330625216011,0.94364928881987,1,1.75
100,301,2,5,489.995223018021,0.198242264945293,3,0.119692034932086,1.53478376276325,0.681913812979474,1,-3.31578234140435
101,147,1,1,492.924347331631,0.199041208834387,2,0.528127360434155,2.14989884434908,1.08016011655855,0,1.75
102,98,1,2,496.060935419882,0.217844191894983,1,0.331816022837302,1.98106561553141,0.911554572114255,0,-1.75
103,369,2,1,499.224288127851,0.198960729117971,3,0.217927890771534,1.90587416896597,0.769588977025705,1,3.31578234140435
104,200,1,2,502.42740482837,0.19824870332377,1,0.761492134493892,2.51063780597178,1.32453656134021,0,-1.75
105,91,1,1,505.690698098435,0.199054378230358,2,0.561930587879033,2.15128719221684,1.13179149846837,0,1.75
106,325,2,5,508.794394867335,0.198212414310547,3,0.344376122870017,1.95972737576813,0.907053854971309,1,-3.31578234140435
107,236,2,4,511.924979755699,0.198870299223927,3,0.113666008110158,1.8850790939905,0.66583045826701,1,3.31578234140435
108,143,1,1,515.210498298082,0.19829669847968,1,1.22877830946527,2.61555786621466,1.77970307967917,1,1.75
109,249,2,1,518.111417259119,0.198362545503187,3,0.366455361130647,1.91452237058547,0.925529066182207,1,3.31578234140435
110,104,1,2,521.174817991516,0.19857208536996,1,0.733727225349867,2.15507998071553,1.28537367892568,0,-1.75
111,261,2,5,524.110279715227,0.198624177675811,3,0.291162071182043,1.72339890038711,0.854016565936035,1,-3.31578234140435
112,330,2,2,527.056831248134,0.199031258598552,3,0.333124183671316,1.93710555804137,0.884379652270582,1,3.31578234140435
113,168,1,2,530.175393933474,0.19832654914353,1,0.928128999294131,2.46636431665684,1.48009239653766,0,-1.75
114,408,3,1,544.077221583429,0.198329183011083,3,1.01989867753582,2.88449437242525,1.57726738369092,1,-1.75
115,10,1,2,547.474527591519,0.198748848037212,NaN,NaN,NaN,NaN,0,-1.75
116,315,2,3,550.760157049546,0.198390347577515,3,0.480248966123327,2.24959708937968,1.0314918506192,1,3.31578234140435
117,295,2,7,554.043733543731,0.198427514580544,3,0.177257843184634,1.9418860518781,0.740014006398269,1,-3.31578234140435
118,134,1,2,557.322692259404,0.199303426285041,1,0.926061402788037,2.58275083106128,1.4970999507932,0,-1.75
119,142,1,2,560.493521384633,0.198350839375053,1,0.521961737904348,2.21994280966464,1.08448904613033,0,-1.75
120,197,1,1,563.706139956819,0.199260698907892,1,0.587854121622513,1.97523683711188,1.13937327096937,1,1.75
121,431,3,1,566.607827718442,0.198217096753069,3,0.561560088623082,2.36155312346818,1.12126241326041,1,-1.75
122,251,2,3,569.923390647557,0.199283233218011,3,0.265896422337391,1.670164655603,0.818268071132479,1,3.31578234140435
123,442,3,1,572.841834866791,0.19830518544768,3,0.490113435400417,2.15949202388583,1.04148157556483,1,-1.75
124,40,1,2,576.02546640909,0.198405858231126,2,1.10965109565586,2.59180201645358,1.69016546919011,1,-1.75
125,256,2,8,579.022203030661,0.19955862009374,3,0.253099858324276,1.89110190163774,0.805223044357263,1,-3.31578234140435
126,87,1,1,582.174868327915,0.198265384562546,1,0.444584755503456,2.21846256859135,1.00032952775655,1,1.75
127,50,1,2,585.462946709857,0.198353473257157,2,0.559050000141724,2.09030085065751,1.13811486119812,1,-1.75
128,161,1,1,588.508105475819,0.198250166591606,1,0.480240479169879,2.11698616128706,1.03143214932061,1,1.75
129,298,2,2,591.658942567054,0.19835522917856,3,0.0312594837887445,1.44622010289459,0.594758108767564,1,3.31578234140435
130,343,2,7,594.588514933086,0.198996432853164,3,0.273701782047283,1.86055268770724,0.824900183230056,1,-3.31578234140435
131,203,2,3,597.690461049147,0.198547795138438,3,0.436463037432986,2.0067067387281,0.988291814108379,1,3.31578234140435
132,401,3,1,600.774938974442,0.198309867890202,3,0.597062461907626,2.16234919935232,1.15839135431452,1,-1.75
133,394,2,2,603.854549195195,0.198982092828373,3,0.29308509688417,1.96255528589245,0.843761989643099,1,3.31578234140435
134,385,2,1,607.038966219305,0.198872640437912,3,0.314078883558977,1.84998585021822,0.865083255514037,1,3.31578234140435
135,375,2,7,610.10932361646,0.198228510242188,3,0.266030164959375,1.97987510137318,0.827979775305721,1,-3.31578234140435
136,317,2,5,613.337968183303,0.199278843414504,3,0.281663711357396,1.73502660659142,0.833119647562853,1,-3.31578234140435
137,185,1,1,616.30603267008,0.198757627644227,1,0.814915433409624,2.51895618715207,1.36692360661982,1,1.75
138,165,1,1,619.524594448187,0.198364886731724,1,0.31148158434371,1.76424424738798,0.863028535750345,1,1.75
139,377,2,1,622.509396955415,0.19837454429944,3,0.282751211518189,1.9795997144829,0.844619464201969,1,3.31578234140435
140,449,3,1,625.720684539803,0.198652272418258,3,0.422015615404234,2.1122633201885,0.993599084118614,1,-1.75
141,173,1,1,628.925001704716,0.198258068237919,1,0.357211317139445,2.0758993752097,0.907996491674567,1,1.75
142,227,2,3,632.158187082227,0.198353765910724,3,0.127208838370279,1.87483300463646,0.69012098586245,1,3.31578234140435
143,64,1,2,635.420167508972,0.199316010402981,1,0.662509719753871,2.31649473764992,1.21415471006185,0,-1.75
144,223,2,7,638.588657455301,0.198588766608736,3,0.137639884676901,1.72414019153803,0.705725266903755,1,-3.31578234140435
145,400,2,8,641.689703076758,0.198420490894932,3,0.145048698992468,1.91097160647041,0.708128244252293,1,-3.31578234140435
146,405,3,1,644.969988683093,0.198960143810837,3,0.361998542008223,1.99874451677897,0.912847514977329,1,-1.75
147,47,1,1,648.121526679315,0.198308404622367,1,0.312715411215322,1.9832587603596,0.863987853706931,1,1.75
148,372,2,4,651.306569981782,0.198348205492948,3,0.16085725215089,1.61398222013668,0.712245878050453,1,3.31578234140435
149,68,1,2,654.273592914979,0.198423710084171,2,0.409413958564983,1.7910460340936,0.972886537390877,1,-1.75
150,434,3,1,657.186343854322,0.199071059469134,3,0.253590345484554,1.97409548872383,0.804895857814699,1,-1.75
151,352,2,8,660.421790564913,0.198667783042765,3,0.138840056417393,1.65875146436156,0.690387593131163,1,-3.31578234140435
152,418,3,1,663.455824988574,0.198519700410543,3,0.418136201493326,1.90484402888978,0.970167787003447,1,-1.75
153,201,2,1,666.456790159587,0.198278553973068,3,0.19981439919502,1.73559728078544,0.750766971483245,1,3.31578234140435
154,107,1,1,669.506736150404,0.198263335987576,1,0.39440903175273,2.06190527335275,0.976815702379099,1,1.75
155,99,1,1,672.689891252914,0.198354351217858,1,0.220403738814639,1.71843257162254,0.782690485924832,1,1.75
156,132,1,2,675.702017055257,0.216076272510691,2,0.30932765507896,1.93040350178489,0.877831239049556,1,-1.75
157,242,2,2,678.837795078798,0.198811183217913,3,0.175959339903784,1.56250360330159,0.727490195378778,1,3.31578234140435
158,323,2,3,681.738718429653,0.198399712491664,3,0.0206300184654538,1.79098311360576,0.57228934878367,1,3.31578234140435
159,117,1,1,685.02291915362,0.198486923225573,1,0.30752754380228,1.9053310041927,0.870245662066736,1,1.75
160,430,3,1,688.135363333626,0.199006675713463,3,0.410737044745474,2.08107407322677,0.961926958960248,1,-1.75
161,103,1,1,691.320752845102,0.198233778006397,1,0.342982507223496,1.86365452145401,0.894709440501174,1,1.75
162,129,1,1,694.35578346104,0.198408784752246,3,0.639885560798575,2.20464493676263,1.20329551177565,0,1.75
163,216,2,8,697.435044253594,0.217578169933404,3,0.100643515630509,1.55733856285224,0.671399653088883,1,-3.31578234140435
164,182,1,2,700.405924066392,0.198328890372068,2,0.756603358895518,2.44226576969959,1.307556809159,1,-1.75
165,284,2,4,703.605990440192,0.198374251645873,3,0.139406340793357,1.57028057561547,0.701561393856537,1,3.31578234140435
166,29,1,1,706.551684205886,0.198999944681418,1,0.442606710945256,1.91239946256974,0.993530310559436,1,1.75
167,112,1,2,709.536352677824,0.198400883105933,2,0.707175657327753,2.12773181006196,1.25864915273269,1,-1.75
168,351,2,7,712.490663916513,0.198259238852188,3,0.0181889961677371,1.59747393261932,0.578426291278447,1,-3.31578234140435
169,340,2,4,715.585124250414,0.198980922214105,3,0.104276808007853,1.59101916849613,0.655704356817296,1,3.31578234140435
170,334,2,6,718.604909963717,0.198335914043128,3,0.13321028232167,1.81903921291814,0.683655100903707,1,-3.31578234140435
171,399,2,7,721.805465654048,0.198350546721485,3,0.021864137990633,1.80277997349913,0.584492996960762,1,-3.31578234140435
172,220,2,4,725.100564206557,0.198990579781821,3,0.0285480497404933,1.53155959989817,0.579277912780526,1,3.31578234140435
173,319,2,7,728.135719200203,0.198501555889379,3,0.0208404362783767,1.79139224310347,0.572428651823429,1,-3.31578234140435
174,241,2,1,731.420344856961,0.198265969884233,3,0.0180912499199621,1.60490586655214,0.569995238533011,1,3.31578234140435
175,436,3,1,734.522036657188,0.19840732148441,3,0.378014001136762,2.14198344694159,0.940433612893685,1,-1.75
176,384,2,8,737.801072340721,0.198356692446396,3,0.0227848256909056,1.67870223420323,0.574294610123616,1,-3.31578234140435
177,222,2,6,740.971608519845,0.198328597718501,3,0.0202545440988615,1.76774379714334,0.58263376969262,1,-3.31578234140435
178,406,3,1,744.233788536236,0.198968338110717,3,0.210360458295327,1.84621910787246,0.76101862124051,1,-1.75
179,439,3,1,747.400597188593,0.19920450943755,3,0.171442234161077,1.77533230066183,0.722897877698415,1,-1.75
180,286,2,6,750.518816884112,0.198656369568198,3,0.0182618668768555,1.53702958521899,0.568947246589232,1,-3.31578234140435
181,371,2,3,753.552834919174,0.198401468427619,3,0.0395269432774512,1.54279456518998,0.591102574733668,1,3.31578234140435
182,193,1,1,756.570955141797,0.198300210322486,3,0.0176856322650565,1.53198189879186,0.580137435899815,0,1.75
183,229,2,5,759.618213110822,0.198804744839435,3,0.328930459974799,1.9496770715632,0.881036964754458,1,-3.31578234140435
184,316,2,4,762.753695261737,0.198410540673649,3,0.191005238200887,1.60587923187995,0.753853879898088,1,3.31578234140435
185,337,2,1,765.684394928787,0.1987503113196,3,0.0676526941242628,1.5392604823428,0.637448343011783,1,3.31578234140435
186,137,1,1,768.670117538408,0.198268896419904,1,0.390246036666213,2.0096119093505,0.941511455486761,1,1.75
187,178,1,2,771.804398346983,0.198219437981606,1,0.317594236592413,1.93137803769787,0.879269923330867,0,-1.75
188,359,2,7,774.934095910139,0.198643492796691,3,0.198002289136639,1.7852757863584,0.749588748760289,1,-3.31578234140435
189,321,2,1,778.036043196815,0.217953936924459,3,0.156849363367655,1.95542010254576,0.736846032974427,1,3.31578234140435
190,12,1,2,781.349639202221,0.199119054625044,2,0.464396222305368,2.21793637772498,1.01592649247323,1,-1.75
191,392,2,8,784.61856166106,0.198390347592067,3,0.139358930959133,1.90885777071526,0.690473925889819,1,-3.31578234140435
192,101,1,1,787.902724632731,0.198274456823128,1,0.259499896259513,1.71270680720045,0.82732686548843,1,1.75
193,109,1,1,790.869944814345,0.198226754320785,1,0.158739026606781,1.68965098443732,0.721210730669554,1,1.75
194,170,1,2,793.916881157245,0.198298161762068,2,0.436026105860947,2.10672280540166,0.987359712918987,1,-1.75
195,62,1,2,797.118996983045,0.198408199445112,2,0.631112396178651,2.29618517469498,1.19388289940252,1,-1.75
196,138,1,2,800.299584051681,0.198892833534046,2,0.341237707456457,1.99562717240769,0.893388402895653,1,-1.75
197,164,1,2,803.468819386311,0.198337084657396,2,0.299143022944918,1.93064084369689,0.86153307670611,1,-1.75
198,389,2,5,806.614273995612,0.198962777692941,3,0.33574343190412,1.82520659136935,0.905849293427309,1,-3.31578234140435
199,373,2,5,809.617671994623,0.198182563646697,3,0.237492650732747,1.7577777771221,0.789294795948081,1,-3.31578234140435
200,234,2,2,812.652196612777,0.198392688806052,3,0.311644592307857,2.04295157376328,0.874294522305718,1,3.31578234140435
201,281,2,1,815.898463891397,0.199010187570821,3,0.226900059729815,1.59686375022284,0.77807270741323,1,3.31578234140435
202,347,2,3,818.783477431018,0.198340889153769,3,0.125354586212779,1.59978735800541,0.697235683459439,1,3.31578234140435
203,3,1,1,821.772925518831,0.198348498146515,1,0.498413086766959,2.04208034448675,1.05700332834385,1,1.75
204,272,2,8,824.831471423415,0.199083058265387,3,0.200047351332614,1.70382038572279,0.751303405239014,1,-3.31578234140435
205,329,2,1,827.867782398127,0.198265091923531,3,0.0848841282713693,1.57136631986941,0.636448931531049,1,3.31578234140435
206,213,2,5,830.868342536807,0.198238167795353,3,0.150875136183458,1.69881542668736,0.713527992731542,1,-3.31578234140435
207,8,1,2,833.930701130317,0.199313961813459,2,0.769236914959038,2.15621372012538,1.32063373515848,1,-1.75
208,444,3,1,836.832852454972,0.198373958992306,3,0.418514895034605,2.20619570730196,0.970027606002986,1,-1.75
209,393,2,1,840.135167255838,0.198351424682187,3,0.174911640613573,1.65571020988864,0.737260722889914,1,3.31578234140435
210,292,2,4,843.130654832552,0.199114957489655,3,0.0894457173271803,1.67612629868381,0.640417019429151,1,3.31578234140435
211,72,1,2,846.231972914349,0.218173427012516,2,0.685826882021502,2.10282085716608,1.26774043162004,1,-1.75
212,386,2,2,849.164514542106,0.199042964741238,3,0.155564907458029,1.85841163518489,0.70680018296116,1,3.31578234140435
213,287,2,7,852.382364001765,0.198567695566453,3,0.0326390520785935,1.55260225968959,0.584123083011946,1,-3.31578234140435
214,285,2,5,855.416436177708,0.198358741006814,3,0.0174556066776859,1.49024103229749,0.588572293141624,1,-3.31578234140435
215,403,3,1,858.403683219047,0.198408784752246,3,0.31003148657328,1.95509496457817,0.869523393397685,1,-1.75
216,118,1,2,861.564264499,0.199194559230818,2,1.12181026049075,2.62662836028903,1.67464517966437,1,-1.75
217,208,2,8,864.583350477958,0.198208024492487,3,0.128292534020147,1.6311952170945,0.678917919780361,1,-3.31578234140435
218,419,3,1,867.600365348553,0.198275920105516,3,0.332399866441847,2.08613931883883,0.900768537190743,1,-1.75
219,428,3,1,870.868161676975,0.198269189073471,3,0.279023392082308,1.84257176813844,0.840061386988964,1,-1.75
220,177,1,1,873.946436520113,0.199028039409313,2,0.987327228387585,2.72438631305704,1.53874190044007,0,1.75
221,110,1,2,877.198934097672,0.198283821737277,2,0.542650872361264,1.99189554847544,1.12350823570159,1,-1.75
222,362,2,2,880.163462745666,0.199004041831358,3,0.284150972875068,1.78712857523351,0.835344984254334,1,3.31578234140435
223,336,2,8,883.181408546836,0.198643492811243,3,0.129738827308756,1.63303542189533,0.681321482421481,1,-3.31578234140435
224,181,1,1,886.19908510684,0.198240216370323,2,0.791121246031253,2.32731589100149,1.34210483956849,0,1.75
225,15,1,1,889.249876280766,0.198242850252427,2,0.312043478930718,2.07648204819998,0.874482991130208,0,1.75
226,217,2,1,904.256556680688,0.198340303846635,3,0.463344718533335,2.25396143003309,1.02004588220734,1,3.31578234140435
227,53,1,1,907.561566234348,0.198998188760015,2,1.11635285925877,2.83691331400769,1.66757174617669,0,1.75
228,269,2,5,910.797162490853,0.19884835020639,3,0.340176546116709,1.99339071486611,0.891839095638716,1,-3.31578234140435
229,246,2,6,913.966665018059,0.198393274127739,3,0.23522897643852,1.93549479354988,0.816826167676481,1,-3.31578234140435
230,240,2,8,917.197997899333,0.198340303861187,3,0.0361476740945363,1.45622972826823,0.587948356042034,1,-3.31578234140435
231,417,3,1,920.132805835281,0.198349961414351,3,0.306489502079785,1.93717755078978,0.868919942018692,1,-1.75
232,121,1,1,923.279537291513,0.198749725997914,3,0.0194058491470059,1.72298479577876,0.571108784846729,0,1.75
233,75,1,1,926.498264126159,0.198413174555753,2,0.949700483848574,2.34788737876806,1.50959859362047,0,1.75
234,179,1,1,929.411618224229,0.199064035798074,2,0.440208416068344,2.0266879445262,0.991412377668894,0,1.75
235,46,1,2,932.513141748743,0.198753530494287,2,0.853565586992772,2.55679422746471,1.40512161065999,1,-1.75
236,271,2,7,935.731530276025,0.198361667542486,3,0.123348739594803,1.84261391022301,0.674146790857776,1,-3.31578234140435
237,106,1,2,938.965994841696,0.198371910431888,2,0.38725833776698,2.18417412176495,0.947603036693181,1,-1.75
238,358,2,6,942.278360532058,0.199429267275264,3,0.0655473453225568,1.71946066313831,0.61779051925987,1,-3.31578234140435
239,94,1,2,945.447081674603,0.198303722165292,2,0.324229860547348,1.92709388409276,0.875442894379376,1,-1.75
240,443,3,1,948.564836343809,0.216144460762735,3,0.344166583017795,1.82508718878671,0.9232879261981,1,-1.75
241,283,2,3,951.56164671405,0.198918879686971,3,0.282219167565927,1.66853955108672,0.833280899591045,1,3.31578234140435
242,312,2,8,954.463237900025,0.198397078624112,3,0.0670085639285389,1.4868570806575,0.618408603302669,1,-3.31578234140435
243,83,1,1,957.398531640676,0.198368691228097,1,1.11569877885631,2.63115863541316,1.69625207527133,1,1.75
244,270,2,6,960.42890321395,0.198336206696695,3,0.18154375271115,1.76897440482571,0.73287121404428,1,-3.31578234140435
245,51,1,1,963.531016435125,0.198397956570261,2,0.94178684236249,2.52288564479386,1.50378620378615,0,1.75
246,183,1,1,966.627353555494,0.199001700602821,2,0.804638322792016,2.47430722348508,1.35599212293164,0,1.75
247,441,3,1,969.811824427845,0.198378056142246,3,0.337194992927834,1.7778195621795,0.909044190950226,1,-1.75
248,205,2,5,972.767274673693,0.198212414310547,3,0.157381699973485,1.71858943386178,0.717250837071333,1,-3.31578234140435
249,296,2,8,975.843996112395,0.198984141403344,3,0.40559453862079,2.02583603038511,0.957072131175664,1,-3.31578234140435
250,357,2,5,978.979631321068,0.198325085875695,3,0.25998921279097,1.84201514130109,0.822761764604365,1,-3.31578234140435
251,71,1,1,982.077627493738,0.198624177675811,2,1.05711161012005,2.52787128867931,1.60884761564375,0,1.75
252,73,1,1,985.063410682618,0.198329183025635,2,0.395911514482577,2.11047140322626,0.958059836513712,0,1.75
253,55,1,1,988.293970373532,0.198377470835112,2,0.335215777769918,1.85579619146301,0.886453394501586,0,1.75
254,158,1,2,991.329126245138,0.198251629859442,2,0.173997391277226,1.66058025565872,0.725188183467253,1,-1.75
255,245,2,5,994.33054034652,0.198325378529262,3,0.102624779377948,1.88316572584154,0.665262417955091,1,-3.31578234140435
256,5,1,1,997.626627189675,0.217558269490837,1,0.271831726611708,1.72285749153525,0.853524908176041,1,1.75
257,410,3,1,1000.59324977298,0.198992335703224,3,0.36374539033568,2.08419727065484,0.91540062353306,1,-1.75
258,135,1,1,1003.82873482117,0.198285285005113,2,0.893731392730842,2.39253458651365,1.45696809288347,0,1.75
259,263,2,7,1006.842722192,0.198815280382405,3,0.0718467104743468,1.64279160939623,0.623234751081327,1,-3.31578234140435
260,279,2,7,1009.92832302852,0.19822324247798,3,0.0785569610452512,1.56510763354891,0.62982735496189,1,-3.31578234140435
261,277,2,5,1012.92984833822,0.198247825363069,3,0.0755511176248547,1.55627330436255,0.637134325879742,1,-3.31578234140435
262,255,2,7,1015.9261129098,0.198985604671179,3,0.0372161517734639,1.42306477794773,0.588218475153553,1,-3.31578234140435
263,60,1,2,1018.8278378384,0.198308111968799,2,0.746046471598675,2.24963074452535,1.31478710487136,1,-1.75
264,250,2,2,1021.84643596406,0.198314550347277,3,0.0191213900106959,1.64959346049,0.580400238686707,1,3.31578234140435
265,152,1,2,1024.99282794232,0.198843960402883,2,0.254394849762321,1.92444537053234,0.805662024504272,1,-1.75
266,195,1,1,1028.17765409594,0.198295820533531,2,0.737322765417048,2.21965308276413,1.29947518459812,0,1.75
267,17,1,1,1031.1756017174,0.199063743129955,2,0.467690914665582,2.05378882304649,1.01898589146731,0,1.75
268,300,2,4,1034.27738541082,0.19842897784838,3,0.0942115784855559,1.84773797918751,0.645442171546165,1,3.31578234140435
269,61,1,1,1037.56324138261,0.198361082235351,1,1.21146434705588,2.85801947959408,1.77220646933711,1,1.75
270,44,1,2,1040.72526427337,0.198775186858256,2,0.557287055853521,2.31198289968597,1.10922616286553,1,-1.75
271,368,2,8,1043.99513258811,0.198414930477156,3,0.261645045917248,2.02591563211172,0.824306096765213,1,-3.31578234140435
272,339,2,3,1047.27504535396,0.198906002930016,3,0.0162165120418649,1.41853977058781,0.56703387844027,1,3.31578234140435
273,288,2,8,1050.19267248482,0.198966874857433,3,0.0160959388158517,1.41982773834025,0.568359891156433,1,-3.31578234140435
274,171,1,1,1053.11189633279,0.19825075189874,2,0.70257719392248,2.13334519555792,1.2643992073863,0,1.75
275,81,1,1,1056.05856931687,0.19883518081042,2,1.43289822596125,3.17056427386706,2.00219197421393,0,1.75
276,237,2,5,1059.31125887508,0.198354643871426,3,0.0222077131184051,1.55784748717269,0.572876118923887,1,-3.31578234140435
277,34,1,2,1062.36175944415,0.198333865482709,2,0.474757324467646,2.15533400390996,1.03632385146921,1,-1.75
278,416,3,1,1065.55784017085,0.198766114597674,3,0.289894881818327,1.74314042301557,0.840922958697774,1,-1.75
279,187,1,1,1068.54407024151,0.198221193903009,2,0.702262298829737,2.11688490321103,1.26502929022536,0,1.75
280,56,1,2,1071.47429083489,0.199524964948068,2,0.276727525895694,1.74661597519298,0.828374564793194,1,-1.75
281,162,1,2,1074.45948520505,0.198270359673188,2,0.305254797247471,2.04129778921197,0.856663908896735,1,-1.75
282,274,2,2,1077.71021339996,0.198329183025635,3,0.0173563971475232,1.4868058662978,0.568368085441762,1,3.31578234140435
283,381,2,5,1080.71126900089,0.198315720961546,3,0.26514430300449,1.84559692666517,0.827102107650717,1,-3.31578234140435
284,247,2,7,1083.80730907802,0.199087448068894,3,0.303783921088325,1.77335601202503,0.85516318208829,1,-3.31578234140435
285,175,1,1,1086.79153418003,0.198266847844934,2,0.693401923490455,2.29327034650487,1.27451009083597,0,1.75
286,65,1,1,1089.90651390939,0.199149197927909,1,0.969605307094753,2.50626146652212,1.52102875875426,1,1.75
287,38,1,2,1092.95809729616,0.198513554671081,2,0.517906439272338,2.0547016090859,1.06947387642867,1,-1.75
288,409,3,1,1096.00979218388,0.198448000315693,3,0.374970698074321,2.12302799141617,0.937845971231582,1,-1.75
289,188,1,2,1099.27343166294,0.198329475679202,2,0.585551817071973,2.09097249028855,1.13734313410532,1,-1.75
290,28,1,2,1102.2935676824,0.198354058564291,2,0.394033850054257,1.77484971514787,0.956395516433986,1,-1.75
291,174,1,2,1105.18882321421,0.198907173544285,2,0.686325856135227,2.3919045036746,1.25649697937479,1,-1.75
292,252,2,4,1108.40882865171,0.198293771958561,3,0.235284580587177,1.97157515735307,0.786877771242871,1,3.31578234140435
293,154,1,2,1111.66005757664,0.19827445683768,2,0.280496024148306,1.74451501619478,0.842880224852706,1,-1.75
294,341,2,5,1114.63958968819,0.198895174762583,3,0.59920878217963,2.25273316357925,1.15053419493779,1,-3.31578234140435
295,42,1,2,1117.8255627506,0.198311916465173,2,0.439702125629992,1.95472797717957,1.00239039324515,1,-1.75
296,209,2,1,1120.85614327845,0.198984434056911,3,0.195910695052589,1.90011299349135,0.74797183854389,1,3.31578234140435
297,378,2,2,1124.07509340766,0.198335328735993,3,0.328790571642458,1.97749934079184,0.891805440478493,1,3.31578234140435
298,76,1,2,1127.23953859089,0.198508579574991,2,0.33696613794018,1.8209089757147,0.899465351438266,1,-1.75
299,167,1,1,1130.23913853365,0.198994384263642,1,0.543069074119558,2.02900839359791,1.09414251227281,1,1.75
300,258,2,2,1133.24019325663,0.198533455113648,3,0.273310797070735,1.66002567741089,0.824913937947713,1,3.31578234140435
301,97,1,1,1136.14172532661,0.198324793222127,1,0.326305358699756,2.11064319078287,0.908987708840868,1,1.75
302,21,1,1,1139.44077001802,0.198366935306694,2,0.596825997927226,2.28357707949181,1.14832934398146,0,1.75
303,172,1,2,1142.64247759226,0.198334158136277,2,0.707136734417873,2.33777444672887,1.26960609726666,1,-1.75
304,131,1,1,1145.78836210947,0.19897419118206,1,0.757666568824789,2.49601069472556,1.32768521962862,1,1.75
305,232,2,8,1149.04094016671,0.198173784039682,3,0.320509064797079,1.92339942716353,0.871864035550971,1,-3.31578234140435
306,105,1,1,1152.15823741861,0.198217096753069,1,0.403239849096281,2.11785095219966,0.965909972204827,1,1.75
307,18,1,2,1155.38899845509,0.198377763488679,2,0.336398682935396,1.79115226728027,0.887912857171614,1,-1.75
308,262,2,6,1158.35877233055,0.198405565563007,3,0.0801323144696653,1.47736632981105,0.639211287285434,1,-3.31578234140435
309,376,2,8,1161.27146152002,0.19917787797749,3,0.32553129036387,1.9965194727265,0.877878356259316,1,-3.31578234140435
310,41,1,1,1164.45697160473,0.198312794425874,1,0.3166890595312,2.00316592483432,0.868132411633269,1,1.75
311,219,2,3,1167.6583754047,0.198385372481425,3,0.292683283725637,2.08976353895559,0.851877269349643,1,3.31578234140435
312,16,1,2,1170.97090059119,0.199037404323462,2,0.452640626564971,2.08905648827204,1.00394877276267,1,-1.75
313,267,2,3,1174.12217315075,0.198668075696332,3,0.120012783110724,1.69001270408626,0.671561490438762,1,3.31578234140435
314,176,1,2,1177.20637773773,0.19837249572447,1,0.436633069068193,2.17348349186068,0.988103637937456,0,-1.75
315,291,2,3,1180.45769211747,0.218119871424278,3,0.280496609469992,1.97812591180264,0.859496501463582,1,3.31578234140435
316,388,2,4,1183.6710168624,0.19881557302142,3,0.359232381757465,1.82880213145108,0.910157737263944,1,3.31578234140435
317,192,1,2,1186.65595750204,0.198285285005113,2,0.467802122962894,2.2039460803644,1.01853988763469,1,-1.75
318,155,1,1,1189.90724671358,0.198245191480964,1,0.503455212747212,1.98443025205052,1.06501149688847,1,1.75
319,342,2,6,1192.90373955484,0.198861226963345,3,0.292897213381366,1.76425127107359,0.844899240895757,1,-3.31578234140435
320,429,3,1,1195.89054088501,0.19838390921359,3,0.682041409876547,2.23341481780517,1.26491076557431,1,-1.75
321,350,2,6,1198.95742799775,0.198360496928217,3,0.376895479712402,1.9741206569015,0.938873477425659,1,-3.31578234140435
322,90,1,2,1202.070088156,0.199321863459772,2,0.677145025299978,2.3815515958122,1.22962524849572,1,-1.75
323,36,1,2,1205.28934147417,0.198343815703993,2,0.40186759714561,1.85016436880687,0.96479320670187,1,-1.75
324,265,2,1,1208.25323740544,0.198750311305048,3,0.327074744564015,1.99840620940086,0.878998926244094,1,3.31578234140435
325,307,2,3,1211.43930558024,0.198245191480964,3,0.328679948637728,1.8601789692766,0.891529175642063,1,3.31578234140435
326,206,2,6,1214.48709091074,0.198760846833466,3,0.292882873356575,2.0126212646137,0.84424486781063,1,-3.31578234140435
327,415,3,1,1217.72163683407,0.198351424682187,3,0.637886152559076,2.05802995657723,1.1895823572122,1,-1.75
328,446,3,1,1220.65607573403,0.198370739803067,3,0.47757704029209,2.07546449221263,1.04022492172953,1,-1.75
329,67,1,1,1223.76986670514,0.199353177391458,1,0.539786965862731,2.00944773078663,1.09146970848087,1,1.75
330,88,1,2,1226.75463789846,0.198227924935054,2,0.670520522166044,2.22507156107167,1.23989357950632,1,-1.75
331,447,3,1,1229.82401754048,0.198231729416875,3,0.396559449189226,2.05950756378297,0.957888634235132,1,-1.75
332,302,2,6,1233.00255896163,0.199070474161999,3,0.292277080763597,1.94505782978376,0.843585519629414,1,-3.31578234140435
333,92,1,2,1236.1709637458,0.198284699697979,2,0.495675313883112,1.92816411770764,1.07648731596419,1,-1.75
334,58,1,2,1239.11964286916,0.198658125475049,2,0.749922958988464,2.41980578933726,1.30133090002346,1,-1.75
335,367,2,7,1242.30513188281,0.19834703487868,3,0.164710327255307,1.94618805733626,0.727877083205385,1,-3.31578234140435
336,440,3,1,1245.60257605258,0.1988032815716,3,0.476591090875445,1.89685810201627,1.02786265540635,1,-1.75
337,25,1,1,1248.53753616831,0.198248995977337,1,1.29998059707577,2.70570887831855,1.87024829594884,1,1.75
338,333,2,5,1251.45863826602,0.198521163678379,3,0.21972536816611,1.88065066223498,0.778424184187315,1,-3.31578234140435
339,254,2,6,1266.75137217878,0.198315135654411,3,0.205642592321965,1.73993645323208,0.763972957647638,1,-3.31578234140435
340,24,1,2,1269.80187362581,0.198543697988498,2,1.16318706612219,2.61716541153146,1.71480747355963,1,-1.75
341,360,2,8,1272.77126002814,0.198283236444695,3,0.0185401803028071,1.54961163426924,0.581257713260129,1,-3.31578234140435
342,163,1,1,1275.81898565736,0.19836342347844,1,0.904195216236985,2.30408564677055,1.46700727623829,1,1.75
343,69,1,1,1278.7349039848,0.198364594078157,1,0.368120266517508,2.14010344128474,0.919750624161679,1,1.75
344,433,3,1,1282.02249305022,0.198331231586053,3,0.317753440074739,1.78050875458575,0.878521315840771,1,-1.75
345,218,2,2,1285.00150219008,0.198747092130361,3,0.0197775190172251,1.47354456862377,0.571228480097489,1,3.31578234140435
346,45,1,1,1287.98822450382,0.198317184229381,2,0.676003384243813,2.42277856290457,1.23719004708983,0,1.75
347,243,2,3,1291.25130091768,0.19827035968774,3,0.0581414575426606,1.69541537911573,0.609515743446536,1,3.31578234140435
348,194,1,2,1294.40364488146,0.198292308676173,1,1.12725829679403,2.77512041956652,1.68876980495406,0,-1.75
349,32,1,2,1297.56715591492,0.198879078830942,1,0.36252473287459,1.83583078895754,0.933623860153602,0,-1.75
350,136,1,2,1300.55581647235,0.198386835749261,1,0.369172940918361,1.81479017774109,0.929187819419894,0,-1.75
351,432,3,1,1303.51758159397,0.198898101298255,3,0.354954081209144,2.10900901402056,0.907000884690206,1,-1.75
352,102,1,2,1306.7868950378,0.19835113202862,2,0.476218250405509,2.19997652919847,1.04803379328223,1,-1.75
353,226,2,2,1310.02620887086,0.198379812063649,3,0.137648371630348,1.91254286275944,0.692966455186252,1,3.31578234140435
354,259,2,3,1313.31726470884,0.198803866893286,3,0.138086766470224,1.54140007158276,0.689612646849127,1,3.31578234140435
355,231,2,7,1316.23599631374,0.198432489691186,3,0.251323744640104,1.88653124032135,0.834262166550616,1,-3.31578234140435
356,153,1,1,1319.38636311093,0.198416686398559,1,1.06593423316372,2.48040787693753,1.62821249332046,1,1.75
357,1,1,1,1322.31697088479,0.198967460150016,1,0.398380046186503,1.88571239601879,0.950355734879849,1,1.75
358,215,2,7,1325.31987547012,0.198390054923948,3,0.102456796303159,1.78671915308223,0.684387319794041,1,-3.31578234140435
359,335,2,7,1328.51986780259,0.19852087101026,3,0.338660601322772,1.80258682223212,0.900551388331223,1,-3.31578234140435
360,113,1,1,1331.4999550777,0.198675684689078,2,0.756058438200853,2.35871614109783,1.30687024421059,0,1.75
361,318,2,6,1334.61806415023,0.198411125980783,3,0.0195234958227957,1.63927157389116,0.570740919472883,1,-3.31578234140435
362,363,2,3,1337.75327940121,0.198495702818036,3,0.0175264287972823,1.48848891619127,0.586365978917456,1,3.31578234140435
363,33,1,1,1340.73966691943,0.198424588030321,1,0.568192200720659,2.07869597141689,1.12697530092555,1,1.75
364,156,1,2,1343.76696153452,0.198293771958561,1,0.506797900277888,2.02729256650491,1.05825003197242,0,-1.75
365,268,2,4,1346.80314374171,0.21673737661331,3,0.769955379117164,2.18335469215526,1.34784669993678,1,3.31578234140435
366,407,3,1,1349.73253115077,0.198268311098218,3,0.549745669544791,2.05371009925148,1.10091509800986,1,-1.75
367,124,1,2,1352.75166132038,0.198234070645412,2,0.705118889003643,2.38661947533546,1.26731403556187,1,-1.75
368,119,1,1,1355.94926443024,0.198287040926516,2,0.847481322125532,2.28495811104949,1.39891413869918,0,1.75
369,235,2,3,1358.90214956873,0.198312501786859,3,0.213112571203965,1.84388139225484,0.774907953178626,1,3.31578234140435
370,396,2,4,1362.04853540126,0.198753530494287,3,0.175196977710584,1.92964113957714,0.726901376663591,1,3.31578234140435
371,7,1,1,1365.31833903959,0.198292016037158,1,1.00108662220009,2.7077595009323,1.57277544615499,1,1.75
372,22,1,2,1368.54055488847,0.198364008771023,2,0.492095577108557,2.11737246382108,1.04889273109438,1,-1.75
373,448,3,1,1371.68170280986,0.19897214260709,3,0.313757842741325,1.78448532942275,0.865544769971166,1,-1.75
374,338,2,2,1374.66778245666,0.19831630626868,3,0.400513197062537,1.79845309248776,0.963276383947232,1,3.31578234140435
375,13,1,1,1377.58190681857,0.219447932700859,2,0.719626890277141,2.22003323957324,1.30158521584235,0,1.75
376,80,1,2,1380.59852426581,0.198990579781821,2,0.669046719485777,2.13943385022867,1.22092436929233,1,-1.75
377,196,1,2,1383.5841985876,0.198382153277635,1,0.55029000491777,1.98593361274106,1.10077667294536,0,-1.75
378,348,2,4,1386.53513084975,0.198180222432711,3,0.260917216830421,1.89108434242371,0.822730158033664,1,3.31578234140435
379,145,1,1,1389.68133962694,0.198407614137977,2,0.46125166118145,2.04867997206748,1.01278397992428,0,1.75
380,275,2,3,1392.78431061533,0.198237875141785,3,0.229779476852855,1.79401236929698,0.792155190603808,1,3.31578234140435
381,37,1,1,1395.86507623183,0.198396493302425,1,0.816502200323157,2.33700681678602,1.40009909245418,1,1.75
382,244,2,4,1398.90111503885,0.198511798749678,3,0.184418780030683,1.56498179255868,0.746081297358614,1,3.31578234140435
383,397,2,5,1401.79782388761,0.199231433551176,3,0.301020980026806,1.98805535012798,0.85343711214955,1,-3.31578234140435
384,116,1,2,1405.00076587404,0.198373666338739,2,0.92583898617886,2.47298442995816,1.48797238287807,1,-1.75
385,128,1,2,1408.06414816927,0.19875938356563,2,0.563879952387651,2.29760922629794,1.14593573154707,1,-1.75
386,140,1,2,1411.31416199714,0.199257772357669,2,0.588459914230043,1.99170971354761,1.14045082090888,1,-1.75
387,266,2,2,1414.23285906894,0.198323622607859,3,0.208513522491558,1.7609211676463,0.759594862291124,1,3.31578234140435
388,435,3,1,1417.30057936601,0.19841141863435,3,0.48552462956286,1.94930071925046,1.06406710426381,1,-1.75
389,204,2,4,1420.28053084992,0.198933805018896,3,0.784100197502994,2.52135067753261,1.33604749882943,1,3.31578234140435
390,374,2,6,1423.53336673485,0.198369861842366,3,0.302059899724554,1.71624176802288,0.864010095363483,1,-3.31578234140435
391,391,2,7,1426.4635416743,0.218900085485075,3,0.36943691430497,2.16989995056065,0.950793837066158,1,-3.31578234140435
392,322,2,2,1429.78014937617,0.198295235211845,3,0.360451575950719,1.79765853841673,0.911786353623029,1,3.31578234140435
393,404,3,1,1432.7327684927,0.198236997181084,3,0.404970894145663,1.85277747130021,0.967746665133745,1,-1.75
394,427,3,1,1435.69660384471,0.198521748985513,3,0.430324631670373,1.80107907173806,0.981885630462784,1,-1.75
395,299,2,3,1438.58286584387,0.198320110765053,3,0.0190344719449058,1.56661275014631,0.578607151110191,1,3.31578234140435
396,311,2,7,1441.64709478548,0.198692658581422,3,0.0932944026280893,1.53034040569037,0.645334767730674,1,-3.31578234140435
397,349,2,5,1444.59973877756,0.198321574018337,3,0.196510341935209,1.59367529106385,0.757982341878233,1,-3.31578234140435
398,85,1,1,1447.51298986161,0.198460291765514,3,0.0868229572515702,1.64034561200242,0.637983020831598,0,1.75
399,278,2,6,1450.5821693287,0.198268896419904,3,0.0170719380112132,1.49821788691042,0.578119005178451,1,-3.31578234140435
400,95,1,1,1453.5794807216,0.198750018651481,3,0.495033232262358,2.19806550227804,1.04627026368689,0,1.75
401,309,2,5,1456.79831993517,0.19839824923838,3,0.203047634320683,1.93897005307372,0.754250132653397,1,-3.31578234140435
402,74,1,2,1460.05003320154,0.19835113202862,2,0.474765811406542,2.17539042163116,1.05717979837209,1,-1.75
403,225,2,1,1463.26627511589,0.198331231586053,3,0.181700907603954,1.8949233701569,0.742631498695118,1,3.31578234140435
404,199,1,1,1466.49560215053,0.198841619188897,1,0.714816253152094,2.28196572970774,1.29651382450538,1,1.75
405,426,3,1,1469.57840375697,0.199038574937731,3,0.421239205839811,2.00687413649575,0.972168951164349,1,-1.75
406,89,1,1,1472.67944089147,0.198497751393006,1,0.961320581060136,2.69775836249755,1.51264453055046,1,1.75
407,6,1,2,1475.93072746912,0.198374544313992,2,0.415773317668936,1.81430700691999,0.99557244621974,1,-1.75
408,438,3,1,1478.84475028029,0.198993506317493,3,0.368844583761529,1.95625270156597,0.920890801935457,1,-1.75
409,84,1,2,1481.94714444876,0.198346449571545,2,0.424109843370388,2.09377347629925,0.975360629512579,1,-1.75
410,365,2,5,1485.13164926891,0.198388299017097,3,0.162845539569389,1.89335796695377,0.724763835998601,1,-3.31578234140435
411,54,1,2,1488.37776729428,0.19824460617383,2,0.773344598535914,2.49525799010007,1.32402500313765,1,-1.75
412,14,1,2,1491.61461961931,0.198237875141785,2,0.317722711464739,2.09837515887921,0.880081451308797,1,-1.75
413,293,2,5,1494.91094936481,0.199006090406328,3,0.22833523216832,1.88230034963635,0.780215808495996,1,-3.31578234140435
414,189,1,1,1498.07959236889,0.198248410670203,2,0.385740344412625,1.80128685568343,0.946426277223509,0,1.75
415,59,1,1,1501.01077784064,0.198848642874509,2,0.282986212216201,1.68623191438382,0.834029214427574,0,1.75
416,130,1,2,1503.92936165555,0.198385372481425,2,0.341991875349777,1.89538020217151,0.893501659782487,1,-1.75
417,345,2,1,1506.99848317726,0.198309282583068,3,0.292266545235179,1.738612781759,0.851129247166682,1,3.31578234140435
418,306,2,2,1509.96081838777,0.198779576647212,3,0.240342217221041,1.95997232668742,0.791547642074875,1,3.31578234140435
419,93,1,1,1513.1954409863,0.198396493302425,1,0.858546841089264,2.44562191926525,1.41043239251303,1,1.75
420,290,2,2,1516.2994456266,0.198366642667679,3,0.30076081113657,1.82924198957335,0.855736197510851,1,3.31578234140435
421,212,2,4,1519.34394241049,0.198320110765053,3,0.362651744464529,1.81694381435227,0.914116460262449,1,3.31578234140435
422,9,1,1,1522.31340139087,0.198328597703949,1,0.825125526374904,2.4394085942331,1.38709415918856,1,1.75
423,320,2,8,1525.44393828408,0.198620373179438,3,0.431744000830804,2.00499793533527,1.00260578615416,1,-3.31578234140435
424,297,2,1,1528.53229737921,0.198346156917978,3,0.235287214469281,1.98046713926306,0.795271657014382,1,3.31578234140435
425,395,2,3,1531.79351719968,0.198632664629258,3,0.190306967109791,1.74318373572896,0.741262465933687,1,3.31578234140435
426,356,2,4,1534.86150322607,0.198370739817619,3,0.13790912584227,1.89123008382739,0.689344576298026,1,3.31578234140435
427,422,3,1,1538.13009674245,0.198325963836396,3,0.412812250229763,2.12665835725784,0.972964090542519,1,-1.75
428,420,3,1,1541.35958941895,0.199388588443981,3,0.601116589910816,2.30502974675619,1.15340658838977,1,-1.75
429,149,1,1,1544.5784903824,0.198332987522008,1,0.853300442977343,2.40623954677721,1.40448274822847,1,1.75
430,180,1,2,1547.66488840686,0.19835727775353,2,0.597461348515935,2.15940744703403,1.15750168787781,1,-1.75
431,202,2,2,1550.74244976092,0.199336203470011,3,0.297713703577756,1.83418549135968,0.84912486380199,1,3.31578234140435
432,127,1,1,1553.79421868996,0.198273871530546,1,0.405987572172307,2.12600339888013,0.957708652393194,1,1.75
433,23,1,1,1557.02953516977,0.198375714928261,1,0.601707164532854,2.29881847029901,1.18041557373363,1,1.75
434,331,2,3,1560.2426758357,0.199057012112462,3,0.28904940605571,1.92577548038389,0.840865598627715,1,3.31578234140435
435,354,2,2,1563.39491971199,0.198332694868441,3,0.15507763948699,1.8532749821461,0.717497836565599,1,3.31578234140435
436,414,3,1,1566.60900828239,0.218603627552511,3,0.573284370460897,2.2071474162658,1.15502788840968,1,-1.75
437,82,1,2,1569.75953808753,0.198735678641242,2,1.12486936681671,2.74467509762326,1.67633115609351,1,-1.75
438,123,1,1,1572.89476592263,0.198249873938039,2,0.451727547842893,1.93748483688978,1.00219694932457,0,1.75
439,238,2,6,1575.895966387,0.198348205492948,3,0.126383555689245,1.79231614999298,0.706869834495592,1,-3.31578234140435
440,332,2,4,1579.07676592203,0.198308404622367,3,0.13856291360571,1.87550610753533,0.690480949575431,1,3.31578234140435
441,390,2,6,1582.32871184788,0.198410833327216,3,0.285188429304981,2.01566983541125,0.847073948549223,1,-3.31578234140435
442,313,2,1,1585.57507745805,0.198998774081701,3,0.0951293396501569,1.6810870670306,0.646027771057561,1,3.31578234140435
443,361,2,1,1588.69480022161,0.198518237142707,3,0.0410841522098053,1.7052198544261,0.603074148733867,1,3.31578234140435
444,239,2,7,1591.87497757544,0.199070181522984,3,0.0192671314289328,1.63970323771355,0.571445336288889,1,-3.31578234140435
445,383,2,7,1595.01089373139,0.198307819315232,3,0.0198202464089263,1.73880300649034,0.570401734148618,1,-3.31578234140435
446,157,1,1,1598.24510720042,0.198408784752246,1,0.829551616887329,2.39494663610822,1.40991146941087,1,1.75
447,126,1,2,1601.32611776784,0.198340011193068,2,0.496092637695256,2.24979024066124,1.04735864180839,1,-1.75
448,49,1,1,1604.59555588203,0.19835815569968,3,0.581653673332767,2.04462028363196,1.14201388288348,0,1.75
449,159,1,1,1607.57453078144,0.218408135071513,1,0.558442158959224,2.02549479647132,1.14047569644754,1,1.75
450,324,2,4,1610.55766135959,0.198536966956453,3,0.402740289689973,2.10642137237301,0.953972053364851,1,3.31578234140435
