PresOrder,TrialNumber,Illusory_Fragmented,Fat_Thin,StimPresTime,StimPresLength,Response,RespScreenOnset_to_Resp,ExpStartOnset_to_Resp,StimOnset_to_Resp,Accuracy,StepLevel
1,55,1,1,188.842523231426,0.199360497461385,NaN,NaN,NaN,NaN,0,2.44102737688988
2,86,1,2,192.050236594283,0.200088907593454,1,0.565622904796328,2.29570232169317,1.12376124184993,0,-2.44102737688988
3,424,3,1,195.29522208022,0.200006379807746,3,0.721830150210735,2.29886852065465,1.27993483231512,1,-2.44102737688988
4,209,2,1,198.386113558818,0.20001867117935,3,0.491682399135243,1.91989976093282,1.04982219944759,1,2.19891757677921
5,175,1,1,201.334497989628,0.199436586906813,2,0.248714161503813,1.95518448618168,0.802407411580134,0,2.44102737688988
6,289,2,1,204.556869106542,0.199447415021496,3,0.324288834370236,1.74914099403941,0.880503279016921,1,2.19891757677921
7,333,2,5,207.495389711126,0.199992332525653,3,0.229419340941604,1.87435847084816,0.788507332828885,1,-2.19891757677921
8,438,3,1,210.653889590114,0.200067251365908,3,0.599767458943461,2.02846184304508,1.15853148537462,1,-2.44102737688988
9,114,1,2,213.595468405174,0.199374544743478,1,0.153647713468672,1.77432367455731,0.706503394319952,0,-2.44102737688988
10,249,2,1,216.72948621186,0.2000476437006,3,0.0163621576757578,1.44488241400177,0.57453824679942,1,2.19891757677921
11,392,2,8,219.67225611942,0.20003798619291,3,0.101018691373611,1.54539306198967,0.659233703176142,1,-2.19891757677921
12,46,1,2,222.631066560414,0.200043546576126,2,0.734784085951105,2.16237868488679,1.29294583514093,1,-2.44102737688988
13,50,1,2,225.571964082268,0.200134853912459,3,0.019439390511252,1.73144258861066,0.577697714770693,0,-2.44102737688988
14,59,1,1,228.797079979666,0.20033122321729,1,0.392636180356931,1.78822024149122,0.951272317986877,1,2.44102737688988
15,83,1,1,231.70546887049,0.199406736432138,1,0.241848844800188,1.68007518808008,0.793799939187011,1,2.44102737688988
16,9,1,1,234.656731823621,0.20000257533502,1,0.337795296560216,2.03297102074794,0.896477380509168,1,2.44102737688988
17,245,2,5,237.865551995284,0.200025402169558,3,0.255512168312634,1.98356965447419,0.813605729652409,1,-2.19891757677921
18,241,2,1,241.108056965242,0.200028036035292,3,0.320110645763634,1.98103880239978,0.878075440345128,1,2.19891757677921
19,306,2,2,244.282995384005,0.200041790665637,3,0.024213710676122,1.70214932202725,0.582285908440099,1,2.19891757677921
20,415,3,1,247.474182118922,0.200309859641493,3,0.518462958047166,2.03065702359709,1.07696740240317,1,-2.44102737688988
21,337,2,1,250.500138277937,0.200002282683272,3,0.275507304440907,1.83705386342626,0.833611986545293,1,2.19891757677921
22,398,2,6,253.574851384139,0.200021305045084,3,0.0824420381322852,1.77805147217077,0.640654416070902,1,-2.19891757677921
23,281,2,1,256.784376261146,0.199957214317692,3,0.158546995915458,1.73651570617767,0.716605146397342,1,2.19891757677921
24,342,2,6,259.875745932653,0.200028621338788,3,0.0420127882953238,1.63734628102611,0.600119811613695,1,-2.19891757677921
25,141,1,1,262.983846795654,0.200112319729669,1,0.947917358666018,2.57709046244963,1.50608086376633,1,2.44102737688988
26,97,1,1,266.126164790427,0.200023060955573,1,0.334517597293598,1.74670818028972,0.892554676853251,1,2.44102737688988
27,203,2,3,269.052138245161,0.19999467373782,3,0.466413679008838,2.04460656049014,1.02443524802584,1,2.19891757677921
28,316,2,4,272.143424218275,0.200046473093607,3,0.195759418043963,1.84140296064106,0.753861466284434,1,2.19891757677921
29,388,2,4,275.302039109391,0.200222942079563,3,0.016484193440192,1.49553574433412,0.574881819919028,1,2.19891757677921
30,174,1,2,278.294623900105,0.19999613699656,1,0.398407857581333,1.81022648024009,0.956555266839132,0,-2.44102737688988
31,21,1,1,281.219465377984,0.200085981074153,1,0.32575121501759,1.821310078838,0.883994614036055,1,2.44102737688988
32,329,2,1,284.228098018426,0.199991747220338,3,0.423477574537173,2.05244084703918,0.981523726299201,1,2.19891757677921
33,437,3,1,287.369930503995,0.2000526187785,3,0.596102581450396,2.15854494735322,1.15422131083869,1,-2.44102737688988
34,335,2,7,290.445425868245,0.200040034755148,3,0.233483102727405,1.77913018641084,0.791523401456288,1,-2.19891757677921
35,30,1,2,293.503838858938,0.200016622617113,2,0.280778839876803,1.77670907872925,0.838954929000465,1,-2.44102737688988
36,179,1,1,296.513228882031,0.200016037313617,1,0.767705648559058,2.46294312226019,1.32580740414596,1,2.44102737688988
37,368,2,8,299.721634366208,0.200023353607321,2,0.195460913289935,1.79093692740935,0.753606273985497,0,-2.19891757677921
38,327,2,7,302.830369112835,0.200018085877673,3,0.121371447903584,1.85005052632005,0.679406186247434,1,-2.19891757677921
39,418,3,1,306.073751159998,0.199922388765117,3,0.463788007775292,1.97444565179467,1.02182889180767,1,-2.44102737688988
40,371,2,3,309.098155679594,0.199974773422582,3,0.153767993326255,1.58211675574421,0.711874723992878,1,2.19891757677921
41,198,1,2,312.039689426289,0.200013696099631,1,0.407729400172684,2.13644974248018,0.965782282923101,0,-2.44102737688988
42,199,1,1,315.281905548998,0.199904537008479,1,0.543048629057012,2.03821241305741,1.1008053482692,1,2.44102737688988
43,318,2,6,318.290594671222,0.20005730120829,2,0.0228692686723662,1.51822122772683,0.581434291934784,0,-2.19891757677921
44,145,1,1,321.298251025524,0.200315127371141,1,0.946937853357667,2.7098185530067,1.50564510535514,1,2.44102737688988
45,358,2,6,324.574428209753,0.200033889070255,3,0.533973791867538,1.92934538785266,1.09208666822269,1,-2.19891757677921
46,229,2,5,327.483225642378,0.200012232840891,3,0.30892696027513,1.82076633194083,0.866958479451569,1,-2.19891757677921
47,384,2,8,330.50860966728,0.200028036035292,3,0.0905004958985955,1.61903916001938,0.648690339654422,1,-2.19891757677921
48,181,1,1,333.549947893362,0.200032425811514,1,1.02279991021533,2.40198874402813,1.58092507794026,1,2.44102737688988
49,125,1,1,336.441964383701,0.200024816866062,1,0.628102876444245,2.17390067576162,1.1861943892236,1,2.44102737688988
50,303,2,7,339.501421848383,0.200070177881571,3,0.4806225053253,2.04231743873424,1.03865519510873,1,-2.19891757677921
51,216,2,8,342.576040428079,0.20003798619291,3,0.193963999741754,1.8396941672454,0.752053463957054,1,-2.19891757677921
52,1,1,1,345.734848469328,0.200032718461443,2,0.858291598759024,2.3205762546495,1.41636877160272,0,2.44102737688988
53,43,1,1,348.710828201441,0.199950190677555,1,0.551919487999839,2.29690892473627,1.10994983656929,1,2.44102737688988
54,118,1,2,351.968719042934,0.200062568937938,1,0.605886513760197,2.33497881640687,1.16397012494053,0,-2.44102737688988
55,387,2,3,355.211799951478,0.200019549134595,3,0.182430595450569,1.64381534730092,0.740615756778425,1,2.19891757677921
56,69,1,1,358.186156344498,0.200006672459494,1,0.845000528237506,2.35736901421114,1.40309526018245,1,2.44102737688988
57,4,1,2,361.211415699769,0.200008721021732,1,0.624884292827119,2.00395167617899,1.18297053787319,0,-2.44102737688988
58,230,2,6,364.103824928718,0.200077201523527,3,0.329294349392512,1.99131497490089,0.887329965691606,1,-2.19891757677921
59,313,2,1,367.278591268267,0.200036815585918,3,0.370205596613232,1.8327603700418,0.928293304919862,1,2.19891757677921
60,433,3,1,370.254501349271,0.200021305045084,3,0.464094414126521,1.99277442902894,1.02218358569189,1,-2.44102737688988
61,22,1,2,373.296073404075,0.200019549136414,2,0.47533048427249,2.07109417502943,1.03343633698387,1,-2.44102737688988
62,35,1,1,376.404847366031,0.200029499294033,1,0.369397585212937,2.09832834410918,0.92741066733106,1,2.44102737688988
63,95,1,1,379.646579735449,0.200289081369192,1,0.159396271208607,1.6886709544051,0.718168784536829,1,2.44102737688988
64,345,2,1,382.688473121842,0.200006087155998,3,0.220635984864202,1.76670975475463,0.778740374318659,1,2.19891757677921
65,236,2,4,385.747331528451,0.200328296699809,3,0.0177668859323603,1.59699224268115,0.57625435648697,1,2.19891757677921
66,149,1,1,388.839577984512,0.200089492895131,1,0.374385541132142,1.90332630871671,0.932375796413908,1,2.44102737688988
67,47,1,1,391.881306315336,0.20002510951781,1,0.108182805483011,1.83740094836685,0.666222518906579,1,2.44102737688988
68,378,2,2,395.123465078308,0.199995259041316,3,0.244857597135706,1.70728038463858,0.802906090111719,1,2.19891757677921
69,431,3,1,398.098741275686,0.200019841786343,3,0.402834507500302,1.93200559198885,0.960971673946915,1,-2.44102737688988
70,297,2,1,401.141452623637,0.200019841786343,2,0.0756326179071038,1.53732231284994,0.633641310249004,0,2.19891757677921
71,201,2,1,404.116441144373,0.200012818146206,3,0.152137337941895,1.71427856522132,0.71031459767255,1,2.19891757677921
72,296,2,8,407.191415003259,0.200257474984028,3,0.126127916309997,1.85524860617261,0.684435406059492,1,-2.19891757677921
73,89,1,1,410.433676779638,0.200034181722003,1,0.366144468691346,2.04515469716171,0.92435538337304,1,2.44102737688988
74,257,2,1,413.625588705516,0.200084810468979,3,0.239383839361835,1.68504587754796,0.797386678668772,1,2.19891757677921
75,85,1,1,416.583858326132,0.200111149124496,1,0.564145598913456,2.32689665384896,1.12233105289488,1,2.44102737688988
76,275,2,3,419.859579266327,0.200262157411998,3,0.422033630949954,1.85103412875105,0.980522272113376,1,2.19891757677921
77,110,1,2,422.801574232133,0.200066080758916,2,0.339921996610428,2.06898532673586,0.898107743241781,1,-2.44102737688988
78,161,1,1,426.043819620016,0.200038864148155,2,0.714939372806839,2.41036736277601,1.27298786578103,0,2.44102737688988
79,48,1,2,429.252287439007,0.199412296817172,2,0.421165040645064,1.84204650177344,0.973895173910932,1,-2.44102737688988
80,430,3,1,432.1868031048,0.199977407286497,3,0.268160575657021,1.97964490225604,0.82610664053027,1,-2.44102737688988
81,106,1,2,435.411957632225,0.200131342091481,1,0.82999656719403,2.25835937689772,1.38822006589908,0,-2.44102737688988
82,307,2,3,438.353544056228,0.200055545295982,3,0.129412931868501,1.72478066485201,0.687469326441715,1,2.19891757677921
83,126,1,2,441.462749972125,0.199994088434323,3,0.62932674593867,2.00755831597598,1.1874530842706,0,-2.44102737688988
84,239,2,7,444.354071707279,0.19999145456859,3,0.487111179267231,2.11600977573835,1.04519303453708,1,-2.19891757677921
85,403,3,1,447.496029155134,0.200028036035292,3,0.457450049472754,2.06984923461459,1.01564603891529,1,-2.44102737688988
86,159,1,1,450.621878467007,0.199908341481205,1,0.545800140531355,2.02422336818199,1.10381322264948,1,2.44102737688988
87,420,3,1,453.613148373544,0.199483703836449,3,0.410272543620522,1.86472671743286,0.963053012981618,1,-2.44102737688988
88,410,3,1,456.580666959124,0.199991747222157,3,0.300152091098425,1.94547927718486,0.858249749564493,1,-2.44102737688988
89,140,1,2,459.739094553137,0.200026572776551,1,0.301959800774057,1.93098335953073,0.860152278397436,0,-2.44102737688988
90,212,2,4,462.881212666785,0.199492190735327,3,0.222441353325848,1.87662008334155,0.774527067504096,1,2.19891757677921
91,26,1,2,466.049192120294,0.199932631574484,1,0.410097537891488,2.00459229079206,0.968110912661359,0,-2.44102737688988
92,326,2,6,469.156656465802,0.199575011172783,3,0.371564671200758,2.00920184803726,0.924486198691739,1,-2.19891757677921
93,264,2,8,472.307598614118,0.200190750390902,3,0.197743889359117,1.82620760537429,0.755984069210172,1,-2.19891757677921
94,75,1,1,475.449524162936,0.200255133770042,1,0.494426301662315,2.15625202112642,1.05275983741376,1,2.44102737688988
95,401,3,1,478.624438876908,0.199401176050742,3,0.478905517686144,2.13327330070933,1.03124554620626,1,-2.44102737688988
96,72,1,2,481.791689334981,0.199374837395226,1,0.545399207674564,1.96610507777041,1.09777932948236,0,-2.44102737688988
97,311,2,7,484.725318851366,0.200265669231158,3,0.177247148183596,1.85607476197765,0.735808659623217,1,-2.19891757677921
98,191,1,1,487.917342277549,0.199457657832681,1,0.543891758665268,2.0480911645227,1.09602839424042,1,2.44102737688988
99,247,2,7,490.934755054899,0.200036815585918,3,0.285594423932707,2.03066609580128,0.843738906671206,1,-2.19891757677921
100,294,2,6,494.192862166015,0.19936927701383,3,0.14063466207881,1.62830978121019,0.69271013344769,1,-2.19891757677921
101,23,1,1,497.193484636224,0.200260694151439,3,0.360532579306891,1.75586466730783,0.918828070332893,0,2.44102737688988
102,222,2,6,500.10168857116,0.19940644378039,3,0.204759043743252,1.77578429929417,0.757342265844272,1,-2.19891757677921
103,302,2,6,503.18573112155,0.199456487225689,3,0.238977931427144,1.64365526680922,0.790945414308226,1,-2.19891757677921
104,204,2,4,506.10351413259,0.199987357445934,3,0.0194979208554287,1.74743541981297,0.577580361430591,1,2.19891757677921
105,260,2,4,509.344475072072,0.199452097449466,3,0.0391702621363947,1.47689646362596,0.591451175010661,1,2.19891757677921
106,68,1,2,512.29524051728,0.199720166423504,1,0.422246096099116,2.09379253509724,0.974444773839423,0,-2.44102737688988
107,171,1,1,515.479741623649,0.20002013443991,1,0.203063127024507,1.7974864729058,0.761172491558682,1,2.44102737688988
108,124,1,2,518.587173777469,0.199425466142202,1,0.443075874933129,1.91403121598887,0.995443120065829,0,-2.44102737688988
109,65,1,1,521.570946239586,0.199304308331193,1,0.120345410972732,1.65797588608257,0.672157495790088,1,2.44102737688988
110,421,3,1,524.621915926427,0.200199529943347,3,0.482762960007676,1.91093232692401,1.04105991429424,1,-2.44102737688988
111,208,2,8,527.563500887174,0.200044131879622,3,0.0707549916860444,1.84944649316822,0.628911473148037,1,-2.19891757677921
112,154,1,2,530.855269384445,0.199530820762448,2,0.371507311465393,1.92570245924071,0.92426846581111,1,-2.44102737688988
113,339,2,3,533.922762480059,0.200150364455112,3,0.388152170698959,2.04988102244351,0.946308944812699,1,2.19891757677921
114,360,2,8,551.762718863247,0.199398834836757,3,0.0940477273998113,1.61777607519434,0.650073996986976,1,-2.19891757677921
115,293,2,5,554.799633365925,0.199424588186957,3,0.215581011703762,1.65268796215241,0.768850209435186,1,-2.19891757677921
116,406,3,1,557.751220869814,0.200032425811514,3,0.41355843713427,2.14120386967443,0.971742720508701,1,-2.44102737688988
117,259,2,3,560.991681374853,0.19945151214597,3,0.0179246252082521,1.65529929345212,0.571196164155481,1,2.19891757677921
118,366,2,6,564.142007491299,0.199426051445698,3,0.018125969590983,1.73898071161784,0.5719713985618,1,-2.19891757677921
119,8,1,2,567.37575134671,0.199407029083886,2,0.613969554271534,2.08470891835532,1.16712549578733,1,-2.44102737688988
120,180,1,2,570.359534344288,0.199428392659684,2,0.510002982122387,1.98062265165208,1.06348318174423,1,-2.44102737688988
121,338,2,2,573.343102535506,0.199414638029339,3,0.361943745900135,1.94929487031186,0.915781565927318,1,2.19891757677921
122,235,2,3,576.443318190557,0.199484289138127,3,0.307543888246073,1.9450681015187,0.861520425187337,1,2.19891757677921
123,101,1,1,579.594353109467,0.199395323015779,1,0.725542437279728,2.34569133262266,1.27839548426709,1,2.44102737688988
124,344,2,8,582.72763665299,0.199437464863877,3,0.255978069850244,1.87661598621708,0.80975589627451,1,-2.19891757677921
125,113,1,1,585.8613694169,0.199458535787926,1,0.663497931391248,2.35059793136134,1.21712943195416,1,2.44102737688988
126,301,2,5,589.061278051033,0.199421076367798,3,0.0930339818387438,1.63065216557879,0.646811222959514,1,-2.19891757677921
127,90,1,2,592.111919382645,0.199320696827272,1,0.756781252495784,2.24404168414003,1.3102983262379,0,-2.44102737688988
128,323,2,3,595.111944258042,0.199416686589757,3,0.28287890861975,2.00385539376111,0.836643565715349,1,2.19891757677921
129,426,3,1,598.345780006093,0.199426051445698,3,0.662042574387669,2.06612992390183,1.21577211327531,1,-2.44102737688988
130,370,2,2,601.262939961622,0.199507701276161,3,0.134916832770614,1.78887958581618,0.688725094971232,1,2.19891757677921
131,261,2,5,604.429833384596,0.199380105124874,3,0.502629622031236,1.99006271818871,1.05642120308403,1,-2.19891757677921
132,364,2,4,607.430385911044,0.199398834834938,3,0.0461415187619423,1.73334687335227,0.599761020605001,1,2.19891757677921
133,219,2,3,610.630241282563,0.199452097449466,3,0.062795450203339,1.73373580748921,0.61662419802451,1,2.19891757677921
134,155,1,1,613.81410206697,0.199391225893123,3,0.234702582445607,1.6055546467087,0.788617369875283,0,2.44102737688988
135,274,2,2,616.698487663705,0.199411418860109,3,0.332155312609757,1.76893244456915,0.885319155722755,1,2.19891757677921
136,218,2,2,619.648334475163,0.199419613109058,3,0.45060404778269,2.171181063326,1.00428061671118,1,2.19891757677921
137,74,1,2,622.881677397718,0.199414052725842,2,0.467505855229319,1.92174522268033,1.02148414807925,1,-2.44102737688988
138,381,2,5,625.849259488719,0.199379519823196,3,0.156571596804497,1.6102265387708,0.709741292954277,1,-2.19891757677921
139,139,1,1,628.815951918492,0.199440976684855,1,1.34496145923185,2.71556974461237,1.89826109274509,1,2.44102737688988
140,353,2,1,631.699547062932,0.199460584348344,3,0.215160471179843,1.73588650498095,0.769087257329375,1,2.19891757677921
141,427,3,1,634.733316144922,0.19942253962472,3,0.446587402922887,2.13377461310665,1.00022504917251,1,-2.44102737688988
142,63,1,1,637.933585618626,0.199440976684855,3,0.0171643160392705,1.60452041553071,0.570959408913041,0,2.44102737688988
143,122,1,2,641.033891410409,0.199320404173704,2,0.970704684856173,2.64140916485667,1.52410733177385,1,-2.44102737688988
144,169,1,1,644.217777948166,0.19943687956038,2,0.581708506595533,2.18556138355234,1.135331227606,0,2.44102737688988
145,189,1,1,647.335065441313,0.199426051447517,1,0.349398937265505,2.01990207288145,0.902012595144697,1,2.44102737688988
146,40,1,2,650.518748586126,0.19937571535047,1,0.623367186308315,2.26029439007107,1.17654215018774,0,-2.44102737688988
147,170,1,2,653.668646260452,0.19939356710529,2,0.495683533452393,1.96635470968795,1.04915144170445,1,-2.44102737688988
148,153,1,1,656.652752638181,0.199394445060534,1,0.987662388781246,2.75836127913499,1.54001470867479,1,2.44102737688988
149,36,1,2,659.936925067404,0.199475509587501,2,0.33615439836467,1.70615484612244,0.888661531020261,1,-2.44102737688988
150,290,2,2,662.81989335186,0.199350839953695,3,0.5066784585797,2.12711678647429,1.05972641161134,1,2.19891757677921
151,136,1,2,665.953201478125,0.199411711513676,2,0.54898360594234,1.96976878465466,1.10255628351115,1,-2.44102737688988
152,91,1,1,668.887129499264,0.199347913436213,1,0.403712170011204,1.90755278485813,0.95689737669818,1,2.44102737688988
153,382,2,6,671.904264257479,0.199397956881512,3,0.432511733139108,1.98645929756094,0.98539755712045,1,-2.19891757677921
154,120,1,2,674.9713584688,0.199399420140253,1,0.501900333943922,2.03916528705668,1.05483649402049,0,-2.44102737688988
155,80,1,2,678.022920190071,0.200020427089839,3,0.484831715019027,1.99558447084564,1.0429589313062,0,-2.44102737688988
156,77,1,1,681.046846224104,0.19942575879395,1,0.889879547477904,2.64373516072919,1.44279229541644,1,2.44102737688988
157,328,2,8,684.313805464451,0.199368984362081,3,0.19832685158508,1.9689162901941,0.751153559918748,1,-2.19891757677921
158,168,1,2,687.59705691871,0.199531406065944,2,0.444563130975439,1.96555430723311,0.998395683269337,1,-2.44102737688988
159,20,1,2,690.631466322664,0.199398542185008,1,0.566245375006474,2.00310825391898,1.11938405007095,0,-2.44102737688988
160,400,2,8,693.581517405022,0.199508286579658,3,0.124853125418667,1.82881688811176,0.678419949950694,1,-2.19891757677921
161,93,1,1,696.798568991619,0.19951765143378,2,0.220698904986421,1.70777642930261,0.773905182597446,0,2.44102737688988
162,391,2,7,699.799170098251,0.199431611830732,3,0.321771444274418,1.87536168094448,0.874740381343145,1,-2.19891757677921
163,127,1,1,702.866629538918,0.199457365180933,1,0.31173231966568,1.83182885961651,0.864403629933804,1,2.44102737688988
164,220,2,4,705.900029587088,0.199443025247092,3,0.156072040319486,1.52617901330086,0.709059999748206,1,2.19891757677921
165,173,1,1,708.783445043373,0.199438635470869,1,0.388481403884725,2.05873110311222,0.94154077033636,1,2.44102737688988
166,380,2,4,711.96713082205,0.199393274453541,3,0.312886538049497,2.08316547318464,0.865888544763948,1,2.19891757677921
167,81,1,1,715.250723800866,0.199414052725842,1,0.295928541474495,1.99957945947972,0.848970348819421,1,2.44102737688988
168,312,2,8,718.467966489037,0.199473461025264,3,0.194018140309709,1.61423001430194,0.74707662880428,1,-2.19891757677921
169,44,1,2,721.401147955637,0.199443610548769,1,0.493086834740097,1.89696171910691,1.04667414489268,0,-2.44102737688988
170,341,2,5,724.318202556546,0.199434245694647,3,0.285925120375396,1.73983818115812,0.839660804949744,1,-2.19891757677921
171,24,1,2,727.28564212616,0.199413174770598,1,0.28983026493006,2.06006500965486,0.842532596279852,0,-2.44102737688988
172,111,1,1,730.569356848095,0.199371618225996,NaN,NaN,NaN,NaN,0,2.44102737688988
173,94,1,2,733.820164932657,0.199346157525724,1,0.55914974139705,2.24572940660983,1.1119170414313,0,-2.44102737688988
174,434,3,1,737.019484751529,0.199572669956979,3,0.342430899807368,2.04641163630004,0.895868957582934,1,-2.44102737688988
175,395,2,3,740.236780409659,0.199388884677319,3,0.249209328216239,1.65288374615193,0.802148414806652,1,2.19891757677921
176,310,2,6,743.153897930688,0.199390055284312,2,0.696502607088405,2.38370737637524,1.24935214225479,0,-2.19891757677921
177,156,1,2,746.354776412622,0.199395323015779,1,0.645354402697194,2.39861534765259,1.1982346662935,0,-2.44102737688988
178,322,2,2,749.621281164847,0.199429270614928,3,0.128225936492527,1.74845267719138,0.681547518883235,1,2.19891757677921
179,134,1,2,752.754814340286,0.19939181119662,1,0.638104541632856,2.15851597483197,1.19130174704333,0,-2.44102737688988
180,205,2,5,755.789025326372,0.199468485945545,3,0.203464059881298,1.9402390554842,0.756371540088367,1,-2.19891757677921
181,190,1,2,759.038728065387,0.199370447619003,2,0.753345813953274,2.49054661780974,1.30684152411777,1,-2.44102737688988
182,308,2,4,762.289013181326,0.19947404632876,3,0.259771421446203,1.68032247878364,0.813045301609236,1,2.19891757677921
183,165,1,1,765.222568071522,0.199461169653659,NaN,NaN,NaN,NaN,0,2.44102737688988
184,252,2,4,768.389980365995,0.19939034793606,3,0.164539332536151,1.65143160831758,0.717268002543278,1,2.19891757677921
185,152,1,2,771.390191953189,0.199376008002218,3,0.574717642302858,1.99509954694622,1.12787416912579,0,-2.44102737688988
186,144,1,2,774.324091587112,0.199397078926268,1,0.0237135688839771,1.47715458244238,0.576803078462035,0,-2.44102737688988
187,71,1,1,777.290608425852,0.199403517264727,2,0.3237933750097,1.89440130920775,0.877104714589223,0,2.44102737688988
188,243,2,3,780.374854661839,0.199424295535209,3,0.0166053512548388,1.57006360199921,0.56939167364726,1,2.19891757677921
189,51,1,1,783.441316452792,0.199397956881512,1,0.424492198051666,2.11180437051917,0.978019807254896,1,2.44102737688988
190,197,1,1,786.641899063836,0.199562427147612,1,0.161923904113792,1.798933928314,0.714910985589086,1,2.44102737688988
191,34,1,2,789.79191877393,0.199447415021496,2,0.330979145344827,1.78508740482539,0.884676785197371,1,-2.44102737688988
192,7,1,1,792.758844739776,0.199446244414503,1,0.419420251088013,1.89008820815434,0.973019559962268,1,2.44102737688988
193,233,2,1,795.742630956523,0.199488093610853,3,0.542550243178994,2.14646457699564,1.09586011950159,1,2.19891757677921
194,336,2,8,798.860690757561,0.199402054004167,3,0.117458694405286,1.60397110825033,0.670004749736108,1,-2.19891757677921
195,57,1,1,801.861121833545,0.200327711396312,2,0.667022043404359,2.41158508658555,1.22584577078851,0,2.44102737688988
196,332,2,4,805.1187765051,0.199439513424295,3,0.404067156545352,2.17453192552239,0.957456926787927,1,2.19891757677921
197,376,2,8,808.425424879084,0.201078070405856,NaN,NaN,NaN,NaN,0,-2.19891757677921
198,108,1,2,811.499752270318,0.201693224322298,1,0.519670439043693,2.25300385041919,1.0822117212283,0,-2.44102737688988
199,196,1,2,814.749251909039,0.201203325343158,1,0.488713447433838,2.13958404240475,1.05199074869415,0,-2.44102737688988
200,131,1,1,817.916143283452,0.201197179656447,1,0.3163810922415,1.76452423171031,0.877079546540699,1,2.44102737688988
201,178,1,2,820.879921194744,0.201093580948509,1,1.11726408100913,2.88089133519679,1.67615980071605,0,-2.44102737688988
202,158,1,2,824.15995465069,0.201083338137323,1,0.437199721043726,1.93668011791488,0.99979368053755,0,-2.44102737688988
203,250,2,2,827.175536013574,0.201201862082598,3,0.157601145556328,1.72123606721834,0.717313656210536,1,2.19891757677921
204,135,1,1,830.253962284802,0.202045869646099,1,0.407471281356266,1.92254474717993,0.968132568888905,1,2.44102737688988
205,372,2,4,833.284394259226,0.201109676792839,3,0.10421913058417,1.6678517110322,0.663868428468049,1,2.19891757677921
206,102,1,2,836.363435099067,0.201168207137016,2,0.335680887881608,1.91712776383974,0.894549390977772,1,-2.44102737688988
207,228,2,4,839.461287006176,0.200987348373019,3,0.132711116755672,1.89912002554229,0.695399017451564,1,2.19891757677921
208,38,1,2,842.743450673992,0.20117230426149,1,0.390854809336815,2.12113761917863,0.950609754492689,0,-2.44102737688988
209,224,2,8,845.989240659508,0.201647863306789,3,0.0173141537197807,1.66545284488166,0.577112118678997,1,-2.19891757677921
210,76,1,2,849.153586549259,0.201095336857179,2,0.479577153382706,2.12638252330726,1.03965021095792,1,-2.44102737688988
211,128,1,2,852.315552302569,0.201075436541942,2,0.463977938741664,2.02853149415387,1.02312358301788,1,-2.44102737688988
212,320,2,8,855.396410802243,0.201986168693111,3,0.290765872478005,1.72372360683949,0.852768090191603,1,-2.19891757677921
213,116,1,2,858.345486476417,0.201258929169853,2,0.46177895371693,2.06274891857902,1.02490905116247,1,-2.44102737688988
214,184,1,2,861.462107894251,0.201073973281382,2,0.375454597866337,2.08992689852676,0.935448346825069,1,-2.44102737688988
215,39,1,1,864.692345782054,0.201109091489343,1,0.390311940394895,1.9713221799866,0.949234876710761,1,2.44102737688988
216,31,1,1,867.789063371096,0.201432178988398,1,0.40014855001391,2.06683726310985,0.962309677612211,1,2.44102737688988
217,37,1,1,870.972985905015,0.201513828817042,1,0.637703316124316,2.17090011767505,1.20007515296129,1,2.44102737688988
218,207,2,7,874.023046615614,0.201100897240394,3,0.14286818000619,1.85692813439528,0.703300906547156,1,-2.19891757677921
219,354,2,2,877.252456884353,0.201039733032303,3,0.254697133272202,2.03542344216476,0.813736837624674,1,2.19891757677921
220,450,3,1,880.549431363075,0.201965390422629,3,0.371835666694096,1.7545202253059,0.933697704234874,1,-2.44102737688988
221,389,2,5,883.44818937844,0.201264782204817,3,0.0373201179609168,1.6717302242796,0.600398416052485,1,-2.19891757677921
222,304,2,8,886.599214932496,0.201147136212967,3,0.0162851902714465,1.53326586735602,0.579371389958396,1,-2.19891757677921
223,340,2,4,889.632381151941,0.200973593742674,3,0.0181888897113822,1.69853741449879,0.577552266866405,1,2.19891757677921
224,5,1,1,892.827895913148,0.201100897240394,3,0.544284789924859,2.27560826928493,1.10292385407047,0,2.44102737688988
225,315,2,3,896.075915026817,0.202040894564561,3,0.162418192870973,1.59566828629795,0.724424215055478,1,2.19891757677921
226,272,2,8,918.869290328357,0.201909786594115,3,0.445283054206811,2.34591199201896,1.00721357224938,1,-2.19891757677921
227,343,2,7,922.286320785501,0.201541630731299,3,0.314110114892173,1.8647360822888,0.876534043736683,1,-2.19891757677921
228,258,2,2,925.352589426317,0.20121912853574,3,0.0386455376028607,1.50248007700247,0.598336392031342,1,2.19891757677921
229,223,2,7,928.331136006667,0.201867059444339,3,0.0176401677363174,1.66611131125319,0.578222146652479,1,-2.19891757677921
230,82,1,2,931.495400246587,0.201048219931181,1,0.233039150069089,1.67986213762742,0.792711274787507,0,-2.44102737688988
231,246,2,6,934.457236413717,0.201157671675901,3,0.189964036029778,1.62169994945907,0.748928821541995,1,-2.19891757677921
232,54,1,2,937.404480088124,0.200886968834311,2,0.345242112231062,2.05842469676099,0.90447262550515,1,-2.44102737688988
233,385,2,1,940.63270072762,0.20183955018183,3,0.0790961510138004,1.4941889611182,0.639299145954283,1,2.19891757677921
234,112,1,2,943.563207064846,0.201185473588339,1,0.566706594116113,1.94770021108889,1.1268168184597,0,-2.44102737688988
235,45,1,1,946.459079826902,0.201051146448663,1,0.191901683068863,1.72358371931659,0.751177850010208,1,2.44102737688988
236,314,2,2,949.506567250926,0.201458224990347,3,0.0812137788616383,1.54799766229735,0.64394850383178,1,2.19891757677921
237,447,3,1,952.488870308756,0.201154452504852,3,0.38222041298468,1.84592618562783,0.942035937045148,1,-2.44102737688988
238,193,1,1,955.467918201502,0.201378916373869,1,0.286451015515922,1.83472845285905,0.846335605383501,1,2.44102737688988
239,225,2,1,958.531859383189,0.201095922160675,3,0.51460463777039,2.19445214281041,1.07406810181055,1,2.19891757677921
240,172,1,2,961.72657169338,0.202109960371672,1,0.410232450334661,2.19205737378434,0.970808283564111,0,-2.44102737688988
241,285,2,5,965.024060361173,0.201197179656447,3,0.0949151470958896,1.57465530748777,0.654553324216977,1,-2.19891757677921
242,325,2,5,968.018914958629,0.202074549513782,3,0.229484016972492,1.81133387434784,0.790140036773664,1,-2.19891757677921
243,147,1,1,971.116474214017,0.201197179658266,1,0.443243857020207,1.88990705674041,1.00299294914294,1,2.44102737688988
244,379,2,3,974.077627332032,0.201949587228228,3,0.251021135014525,1.83272730039607,0.8119876582914,1,2.19891757677921
245,188,1,2,977.174668593876,0.201193667837288,1,0.772729893289579,2.33581141054856,1.33223696244022,0,-2.44102737688988
246,84,1,2,980.252754218502,0.201894861358596,2,0.47728188594192,2.00949157323885,1.03921620845722,1,-2.44102737688988
247,107,1,1,983.300953956812,0.20109826337648,1,0.357316044250183,1.93724844755525,0.916615623329562,1,2.44102737688988
248,278,2,6,986.395877590809,0.201821113123515,3,0.154556689711171,1.58608686898151,0.716172314501819,1,-2.19891757677921
249,67,1,1,989.34312389908,0.201112895962069,1,0.52963727867791,2.14273619408232,1.08934510690779,1,2.44102737688988
250,221,2,5,992.471440264955,0.202001093932267,3,0.683524381252937,2.39886176039909,1.24376190909607,1,-2.19891757677921
251,417,3,1,995.70233339996,0.200972715787429,3,0.643658193324882,2.03992676683265,1.20324252252976,1,-2.44102737688988
252,309,2,5,998.613520919183,0.201743560417526,3,0.26863115962442,2.00026133798565,0.829754251570193,1,-2.19891757677921
253,78,1,2,1001.86085230131,0.20119659435295,1,0.47923650678058,1.99288475872891,1.03892180082585,0,-2.44102737688988
254,299,2,3,1004.88923454309,0.201879350817762,3,0.331757891572124,1.7968048870498,0.893185048658779,1,2.19891757677921
255,27,1,1,1007.86984344011,0.201161768798556,1,0.662759863751489,2.3597869027235,1.22221893801907,1,2.44102737688988
256,413,3,1,1011.0820276433,0.201981193615211,3,0.405650695003715,1.80375331684263,0.966491085389862,1,-2.44102737688988
257,133,1,1,1013.99597369763,0.201110554746265,2,0.584094203419227,2.31384233856807,1.14404405461937,0,2.44102737688988
258,12,1,2,1017.24067062897,0.20191037189943,1,0.607566041982864,1.98927343650212,1.16837160681462,0,-2.44102737688988
259,73,1,1,1020.1380692771,0.201058462742367,1,0.27910838385651,1.65941778110937,0.838820894514356,1,2.44102737688988
260,263,2,7,1023.0338296609,0.201802676067018,3,0.0704480000313197,1.85198290562766,0.630871069066416,1,-2.19891757677921
261,137,1,1,1026.33101982393,0.2012255668742,1,0.358249017934213,2.12276183622635,0.918876357867703,1,2.44102737688988
262,442,3,1,1029.61055079688,0.200988226328263,3,0.39942511495974,1.94695131533808,0.958307957989746,1,-2.44102737688988
263,435,3,1,1032.67393506234,0.201164110012542,3,0.485605778818353,2.23573417975967,1.04866563984979,1,-2.44102737688988
264,248,2,8,1035.93984807279,0.201197179658266,3,0.264171440059727,1.77780125494974,0.823730308564336,1,-2.19891757677921
265,53,1,1,1038.96843429281,0.201940807677602,1,0.565466921429106,2.19718053479846,1.12609806583532,1,2.44102737688988
266,288,2,8,1042.11616956358,0.201048219931181,3,0.250151374102643,1.88118486487292,0.810447432288129,1,-2.19891757677921
267,52,1,2,1045.26343161651,0.20110792088235,1,0.121760967344017,1.68612517709153,0.680641469158218,0,-2.44102737688988
268,41,1,1,1048.34285670806,0.201059925999289,1,0.196726924630639,1.64615070802756,0.759354831723613,1,2.44102737688988
269,361,2,1,1051.30808587923,0.201142453784996,3,0.387083113966582,2.01730478886384,0.946980287857514,1,2.19891757677921
270,414,3,1,1054.45287356187,0.202011044089886,3,0.472000692998336,2.10425190757633,1.03267895433237,1,-2.44102737688988
271,256,2,8,1057.60115813992,0.201054365617892,3,1.19983488589969,2.5801445758043,1.75974522911929,1,-2.19891757677921
272,17,1,1,1060.4964652062,0.201783068399891,1,0.42659929043657,1.92453507152823,0.986933100693932,1,2.44102737688988
273,162,1,2,1063.51036821147,0.201295803286484,1,0.741715249290792,2.35853025623692,1.3041868803648,0,-2.44102737688988
274,449,3,1,1066.64298099725,0.201214153456021,3,0.253277479778262,1.83388532325262,0.813141876675218,1,-2.44102737688988
275,98,1,2,1069.73853412509,0.201979145052974,1,0.421598165190517,2.17004059957435,0.982120443155509,0,-2.44102737688988
276,18,1,2,1073.00289403286,0.201310435872074,1,0.1183653294338,1.80215309723462,0.681614243476361,0,-2.44102737688988
277,251,2,3,1076.20266131621,0.201181376463865,3,0.1156726409572,1.73020467183414,0.675963138759471,1,2.19891757677921
278,356,2,4,1079.33189573053,0.20110967679102,3,0.0332060200798878,1.48110742922836,0.59277279017806,1,2.19891757677921
279,164,1,2,1082.29637220148,0.201514121470609,1,0.634512827071376,2.08434017718901,1.19712229710603,0,-2.44102737688988
280,100,1,2,1085.26331455582,0.201466126587547,1,0.202480750100221,1.88553220617541,0.764932773510736,0,-2.44102737688988
281,238,2,6,1088.46233352873,0.201217372625251,3,0.262928255553561,1.86228775799827,0.824590119316781,1,-2.19891757677921
282,405,3,1,1091.57681098006,0.200982080641552,3,0.49312985454344,2.13965018169438,1.05187690717321,1,-2.44102737688988
283,268,2,4,1094.73954845595,0.201931735475227,3,0.0922113378546783,1.82521024831112,0.654428947234919,1,2.19891757677921
284,390,2,6,1097.988362997,0.201155915763593,3,0.296549548424082,1.7443473588628,0.856701329310454,1,-2.19891757677921
285,292,2,4,1100.95095566882,0.20111435922081,3,0.185520704962983,1.93349753045914,0.744598161385511,1,2.19891757677921
286,25,1,1,1104.21476217219,0.201077192450612,3,0.225083413057291,1.80584372807971,0.78530484505427,0,2.44102737688988
287,429,3,1,1107.31075691148,0.201214153456021,3,0.416755657175599,1.79782887541842,0.975699664415515,1,-2.44102737688988
288,240,2,8,1110.20798494365,0.201500952141942,3,0.147796727627792,1.5805908696766,0.709903129352824,1,-2.19891757677921
289,210,2,2,1113.15693565554,0.201099433981653,3,0.24670188827622,1.92736237979625,0.806574479423944,1,2.19891757677921
290,446,3,1,1116.35334534571,0.2011368934036,3,0.282526263297768,1.74709301730036,0.841563626436255,1,-2.44102737688988
291,408,3,1,1119.33367388239,0.201156793718837,3,0.347733456324931,2.03068453285778,0.91009973277869,1,-2.44102737688988
292,105,1,1,1122.53213769498,0.201176986687642,1,0.338973219733816,1.73601175991644,0.898330743853876,1,2.44102737688988
293,287,2,7,1125.44411712975,0.201543386641788,3,0.153766237413947,1.93600526304908,0.71348079663403,1,-2.19891757677921
294,386,2,2,1128.7421249617,0.201200398825677,3,0.341353648826043,1.83816418405331,0.901203705789158,1,2.19891757677921
295,255,2,7,1131.75418162727,0.201695858188032,3,0.0763902932121709,1.85787047293343,0.636537099018824,1,-2.19891757677921
296,396,2,4,1135.05224213652,0.202009580832964,3,0.0793876321276912,1.49569758073631,0.64137346134703,1,2.19891757677921
297,409,3,1,1137.98446136427,0.20125132022622,3,0.485637092551769,1.88321820902456,1.04577833797885,1,-2.44102737688988
298,33,1,1,1140.89744078997,0.20104353750321,1,0.236197740085117,1.8504578975153,0.794907918598255,1,2.44102737688988
299,62,1,2,1144.0278329345,0.201812918876385,1,0.145872249915556,1.89603898823225,0.707782282339394,0,-2.44102737688988
300,121,1,1,1147.29377696603,0.201277073576421,1,0.490820539818742,2.23818455261426,1.0507923399,1,2.44102737688988
301,119,1,1,1150.55621356669,0.201066071686,1,0.500271727121799,2.03173076275925,1.05965354133332,1,2.44102737688988
302,148,1,2,1153.60367757858,0.201065193730756,2,0.299956892402406,1.83195704106947,0.861268159404062,1,-2.44102737688988
303,87,1,1,1156.6511401272,0.201153574551427,1,0.455430752603206,2.1526924982536,1.01453249912083,1,2.44102737688988
304,375,2,7,1159.86408698077,0.201821113125334,3,0.251157510716439,1.68350652949812,0.812616859489935,1,-2.19891757677921
305,402,3,1,1162.81209154965,0.201162061450304,3,0.351965492849558,1.81562853834293,0.911666297437478,1,-2.44102737688988
306,16,1,2,1165.79180785893,0.201222055053222,1,0.390076355759447,2.17148307990101,0.94892261732457,0,-2.44102737688988
307,15,1,1,1169.08932228007,0.20125951447335,1,0.232412582736288,1.88200487499125,0.794604731418076,1,2.44102737688988
308,298,2,2,1172.25487360226,0.201243711280767,3,0.553629744652426,2.30069203352286,1.11324860675813,1,2.19891757677921
309,217,2,1,1175.51795081754,0.20105641418013,3,0.188474146123554,1.86944221459999,0.74716998470285,1,2.19891757677921
310,227,2,3,1178.71518315169,0.202032115013935,3,0.16175006899357,1.72826146441184,0.723825449636934,1,2.19891757677921
311,117,1,1,1181.79754178408,0.200987348373019,1,0.246573414171507,1.90990453408267,0.805781685914553,1,2.44102737688988
312,109,1,1,1184.97614566564,0.201937295856624,1,0.285237388832684,1.86707027240845,0.845557737111449,1,2.44102737688988
313,138,1,2,1188.07411580404,0.201228493389863,1,0.275479795180217,2.00903445125186,0.83796957065897,0,-2.44102737688988
314,49,1,1,1191.32433770721,0.201208300422877,1,0.364367780099201,1.81475263174252,0.927372329955688,1,2.44102737688988
315,265,2,1,1194.29076411657,0.200940816750517,3,0.19364237550144,1.6405247713592,0.753208560296116,1,2.19891757677921
316,277,2,5,1197.25299360761,0.200994372014975,NaN,NaN,NaN,NaN,0,-2.19891757677921
317,262,2,6,1200.20114011257,0.201915932280826,3,0.0156077015399205,1.44839013752062,0.577645622764976,1,-2.19891757677921
318,185,1,1,1203.14951869035,0.200975934956659,1,0.229982695504077,1.69355648221972,0.789512884137366,1,2.44102737688988
319,399,2,7,1206.12857126552,0.201863840275109,3,0.272463726549176,1.95433345497804,0.833052729109113,1,-2.19891757677921
320,182,1,2,1209.32688992286,0.201899836436496,2,0.581753282307545,2.34810687992103,1.14358488407015,1,-2.44102737688988
321,129,1,1,1212.60931258745,0.201223518310144,1,0.64918696962377,2.31363162933121,1.2094338623192,1,2.44102737688988
322,374,2,6,1215.78914560623,0.201052609707403,3,0.660257691546576,2.15773576534593,1.21886310074478,1,-2.19891757677921
323,425,3,1,1218.8032449808,0.201908615987122,3,0.318048036438995,1.76759853802832,0.879896904651105,1,-2.44102737688988
324,280,2,8,1221.76836177371,0.201181961767361,3,0.170293450659301,1.81823694312334,0.730437329950291,1,-2.19891757677921
325,19,1,1,1224.9316242668,0.200953986077366,1,0.303138016599405,1.95078768673739,0.861978132477816,1,2.44102737688988
326,143,1,1,1228.09513141672,0.201134844839544,1,0.24055444624355,1.707566598021,0.803628647208825,1,2.44102737688988
327,186,1,2,1231.07853572297,0.201196009051273,1,0.884994312313211,2.49974056424981,1.44595790907442,0,-2.44102737688988
328,79,1,1,1234.20886816654,0.201283511913061,1,0.399263278561193,1.92963364979732,0.95834278354414,1,2.44102737688988
329,192,1,2,1237.25531784757,0.201045000761951,1,0.704547310222551,2.37078446171472,1.26713512402966,0,-2.44102737688988
330,440,3,1,1240.43843500395,0.201580260758419,3,0.360209784457766,2.04370226667561,0.922751359294125,1,-2.44102737688988
331,70,1,2,1243.63775423752,0.201276488272924,2,0.351682498636364,2.05273437671531,0.914834252309447,1,-2.44102737688988
332,352,2,8,1246.85437943056,0.201225859525948,3,0.0627427728941257,1.65991411842515,0.622479573641613,1,-2.19891757677921
333,96,1,2,1249.96646299082,0.201996704156045,2,0.622764909068792,2.38762012987354,1.18375250326972,1,-2.44102737688988
334,231,2,7,1253.24796760697,0.201327994976964,3,0.247536530981961,1.89789878991542,0.810177607403602,1,-2.19891757677921
335,92,1,2,1256.41543579792,0.20150592722166,2,0.738554025410849,2.1549473797586,1.30095542007075,1,-2.44102737688988
336,3,1,1,1259.3477123854,0.201200691477425,1,0.366848003426639,1.79815049965873,0.926973738312881,1,2.44102737688988
337,115,1,1,1262.29459434228,0.201055828874814,1,0.634765385504579,2.3155057709464,1.19368949242744,1,2.44102737688988
338,146,1,2,1265.49177253586,0.201756729744375,2,0.463380051278364,1.84641871847271,1.0250138204774,1,-2.44102737688988
339,150,1,2,1284.97428732722,0.201140697874507,2,0.413115947732877,2.11562171955666,0.975850087401341,1,-2.44102737688988
340,365,2,5,1288.19400233712,0.201798286288977,3,0.484506578957735,2.1676142241613,1.0463472529209,1,-2.19891757677921
341,194,1,2,1291.3936136371,0.201237272944127,2,0.556556847157481,2.02376244172228,1.11942004623415,1,-2.44102737688988
342,394,2,2,1294.37740746279,0.201180791160368,2,0.121039873503832,1.68803472956461,0.683909218265399,0,2.19891757677921
343,347,2,3,1297.46133031863,0.201528461402631,3,0.134424885229237,1.88440783826627,0.696722095877703,1,2.19891757677921
344,160,1,2,1300.7281397213,0.201211812243855,2,0.628386163311006,2.14536713304551,1.19158620451526,1,-2.44102737688988
345,270,2,6,1303.76179993684,0.201007248690075,3,0.497618839279312,1.87931452772864,1.05867110950931,1,-2.19891757677921
346,215,2,7,1306.65959863987,0.201052609707403,3,0.239959777947661,1.66999655548898,0.799042794753404,1,-2.19891757677921
347,305,2,1,1309.60581627735,0.201784531658632,3,0.297934376363628,1.96320782574185,0.859097268945334,1,2.19891757677921
348,351,2,7,1312.78803031052,0.201900714391741,3,0.157899650310355,1.5413032542001,0.720241344020906,1,-2.19891757677921
349,232,2,8,1315.68843390651,0.20099846913763,3,0.0835140213839622,1.61671053028113,0.646321031326806,1,-2.19891757677921
350,412,3,1,1318.73810685358,0.201194253138965,3,0.436528085347163,2.16719719546018,0.99641472377516,1,-2.44102737688988
351,269,2,5,1321.98480961981,0.201096507465991,3,0.122791394049273,1.73644664037238,0.68146762496508,1,-2.19891757677921
352,362,2,2,1325.11489272412,0.201247808405242,3,0.0182550290010113,1.68450066739388,0.580772606394021,1,2.19891757677921
353,282,2,2,1328.29806724024,0.200992323452738,3,0.0759729718574818,1.55923402509325,0.638573954991443,1,2.19891757677921
354,441,3,1,1331.29776727223,0.201089483824035,3,0.368713658142951,2.11936063793291,0.931460674486516,1,-2.44102737688988
355,286,2,6,1334.56505750167,0.200983836552041,3,0.117811632379016,1.74785157055885,0.67750687658372,1,-2.19891757677921
356,163,1,1,1337.71066812095,0.201176401384146,3,0.014812859468293,1.41247562576973,0.573714139554795,0,2.44102737688988
357,432,3,1,1340.62487522062,0.200999639744623,3,0.800035176736856,2.21620289660859,1.36260601674257,1,-2.44102737688988
358,444,3,1,1343.55748982084,0.201241955370278,3,0.453154214872484,2.08351899646186,1.01303002518944,1,-2.44102737688988
359,214,2,6,1346.70382387517,0.201068705551734,3,0.215120670547549,1.72910664258052,0.773788121910911,1,-2.19891757677921
360,428,3,1,1349.73422892564,0.202027432587784,3,0.365046732089468,1.91462676223819,0.927084945966271,1,-2.44102737688988
361,202,2,2,1352.80044430384,0.200920623781712,3,0.58589518210465,2.03224436652818,1.14535923145013,1,2.19891757677921
362,237,2,5,1355.76242738213,0.201052902359152,3,0.123836160690189,1.6381885326773,0.683157688648862,1,-2.19891757677921
363,279,2,7,1358.7934791929,0.201562116351852,3,0.0566374727077346,1.62280529500458,0.618917416903059,1,-2.19891757677921
364,448,3,1,1361.87582436331,0.2009645215403,3,0.284983074487172,1.96447237382381,0.844376887422186,1,-2.44102737688988
365,416,3,1,1365.07048048437,0.201772532938776,3,0.237523745028739,1.78601247691404,0.798654445919965,1,-2.44102737688988
366,422,3,1,1368.13509915479,0.201218543232244,3,0.18477356512085,1.66537265831175,0.74484633004613,1,-2.44102737688988
367,359,2,7,1371.1307190365,0.201294340027744,3,0.222121777649591,1.66994768265249,0.781932619282088,1,-2.19891757677921
368,13,1,1,1374.09446241489,0.201084508744316,1,0.388117345146384,1.78609705326016,0.948917056941355,1,2.44102737688988
369,324,2,4,1377.00743276839,0.201196301701202,3,0.113468388200999,1.76091642130268,0.672431710452656,1,2.19891757677921
370,99,1,1,1380.17075876689,0.201732439652915,1,0.630531593069463,2.41347707995737,1.19224086641407,1,2.44102737688988
371,254,2,6,1383.46997378719,0.201092117689768,2,0.532983458448143,1.94650121699124,1.09268045856152,0,-2.19891757677921
372,291,2,3,1386.39861066522,0.201284097218377,3,0.419892005662405,1.80149287495624,0.979471067134,1,2.19891757677921
373,56,1,2,1389.2961199357,0.200991738149241,2,0.48545008810288,2.21619177584398,1.04550909839418,1,-2.44102737688988
374,349,2,5,1392.54202464069,0.201118456343465,3,0.337643410317469,1.81826913481382,0.896455724281623,1,-2.19891757677921
375,66,1,2,1395.53882625004,0.201242540673775,2,1.23209242175471,2.9653740337726,1.79496147386453,1,-2.44102737688988
376,393,2,1,1398.78800806899,0.201006663386579,3,0.357631230152037,2.00386914839328,0.917010995803139,1,2.19891757677921
377,58,1,2,1401.94975784533,0.201911249854675,2,0.451357040659786,1.85022026431761,1.01198994097649,1,-2.44102737688988
378,363,2,3,1404.86483295001,0.201181961767361,3,0.235850655144532,1.71909912435694,0.798380523910964,1,2.19891757677921
379,267,2,3,1407.86423242868,0.201236394988882,3,0.0172272361596697,1.59782161765725,0.577295611306909,1,2.19891757677921
380,367,2,7,1410.96103547202,0.201098848678157,3,0.0160215110718127,1.49715381569513,0.574765929837667,1,-2.19891757677921
381,404,3,1,1413.95813324491,0.201627085032669,3,0.363044409019494,1.94584918895998,0.925481214539104,1,-2.44102737688988
382,397,2,5,1417.05677882349,0.201197764961762,3,0.096800994781006,1.52692615314299,0.656556817893943,1,-2.19891757677921
383,439,3,1,1420.00209626427,0.201905689471459,3,0.342254723473161,1.97381118286467,0.902721690263206,1,-2.44102737688988
384,6,1,2,1423.14978412546,0.201072217372712,1,0.846944028309736,2.36200608071704,1.40799395732756,0,-2.44102737688988
385,142,1,2,1426.18008616252,0.201230541953919,1,0.248738451597092,1.99566173089988,0.807666655644425,0,-2.44102737688988
386,334,2,6,1429.44291520914,0.201296973893477,3,0.147550314877662,1.58053263198417,0.709847525527948,1,-2.19891757677921
387,183,1,1,1432.39195342389,0.200982665946867,3,0.106270033838882,1.50349938294312,0.666090825632637,0,2.44102737688988
388,271,2,7,1435.30453191674,0.201209471028051,3,0.102217392817693,1.7669962607888,0.66114501156153,1,-2.19891757677921
389,355,2,3,1438.48555339416,0.201065193730756,3,0.455924456055072,1.90557709309724,1.0184426187534,1,2.19891757677921
390,407,3,1,1441.45130143683,0.201186058891835,3,0.300029470028676,1.97984741724576,0.859561121920706,1,-2.44102737688988
391,32,1,2,1444.64628854699,0.202056697758962,2,0.414558428061355,1.91305931962597,0.974875849824457,1,-2.44102737688988
392,195,1,1,1447.66085001863,0.20116440266429,1,0.358888754593863,1.84256273940809,0.922148204099358,1,2.44102737688988
393,88,1,2,1450.6607768557,0.200948718345899,1,0.221631586016883,1.83457188418834,0.780782790674493,0,-2.44102737688988
394,200,1,2,1453.78917574936,0.201512950861797,1,0.935734852859241,2.43408912591076,1.49553632963762,0,-2.44102737688988
395,64,1,2,1456.80364093858,0.201215324063014,1,0.579256670482209,1.97942980324115,1.14200163826354,0,-2.44102737688988
396,273,2,1,1459.71981143864,0.2010531950109,1,0.7213024991579,2.3514571568121,1.28099189032764,0,2.19891757677921
397,29,1,1,1462.86516598767,0.201933491383897,1,0.382466533081242,1.99764239774231,0.943102067261862,1,2.44102737688988
398,266,2,2,1465.9965042752,0.201189278059246,3,0.517903700609168,2.03462655152907,1.08043678854483,1,2.19891757677921
399,317,2,5,1469.02961254961,0.201215031411266,3,0.235764908189594,2.01739316968451,0.796681095371241,1,-2.19891757677921
400,276,2,4,1472.3262077517,0.201009004600564,3,0.245109277615484,1.80870059417066,0.803617233790646,1,2.19891757677921
401,177,1,1,1475.40648680097,0.201996411504297,2,0.425051748141414,2.02442968764444,0.986893300061638,0,2.44102737688988
402,130,1,2,1478.52207076845,0.201183425026102,1,0.380615803602268,1.82849936099592,0.941051164007149,0,-2.44102737688988
403,300,2,4,1481.48548666957,0.200975642304911,3,0.206396430116001,1.93703744566483,0.76523830190672,1,2.19891757677921
404,60,1,2,1484.73246394311,0.201416083144068,2,0.492084795250776,2.25839039797938,1.05466090298978,1,-2.44102737688988
405,244,2,4,1488.01489889907,0.201181961767361,3,0.281004474352812,1.91177311531646,0.841226784305036,1,2.19891757677921
406,423,3,1,1491.16103482819,0.201183717676031,3,0.233963636852422,1.98134754996317,0.792953297759595,1,-2.44102737688988
407,419,3,1,1494.42521153598,0.201784531658632,3,0.31193863912813,1.86150462199475,0.874434852947161,1,-2.44102737688988
408,346,2,2,1497.49075322992,0.201154745158419,3,0.391795391964479,1.95597698703932,0.951863767113537,1,2.19891757677921
409,10,1,2,1500.57017305374,0.201172011609742,2,0.509451918933337,1.9243711865638,1.06849016002525,1,-2.44102737688988
410,213,2,5,1503.50112070976,0.201622987908195,3,0.307943943149439,2.05745719017614,0.870140188952064,1,-2.19891757677921
411,436,3,1,1506.76720111699,0.201025100444895,3,0.297988224279834,1.86318473552092,0.858948894523564,1,-2.44102737688988
412,284,2,4,1509.84856853801,0.201159134932823,3,0.183099889934965,1.62996648260014,0.741980391749166,1,2.19891757677921
413,104,1,2,1512.81106785393,0.201598112513238,2,0.573587128708823,2.33922607082059,1.13556476367921,1,-2.44102737688988
414,226,2,2,1516.09339716262,0.201084216092568,3,0.7302924673495,2.14504024107555,1.29110154400223,1,2.19891757677921
415,151,1,1,1519.02433867296,0.20120947102987,1,0.401955381732478,1.98198377480367,0.960638636290241,1,2.44102737688988
416,295,2,7,1522.1199591107,0.201192204576728,3,0.511442243279816,1.89417772329216,1.07402947178343,1,-2.19891757677921
417,166,1,2,1525.01857343407,0.201102945802631,1,0.447917504990983,2.011552426653,1.00735170386179,0,-2.44102737688988
418,14,1,2,1528.09756510842,0.200983836552041,2,0.988389335654574,2.4365149160185,1.54744572115305,1,-2.44102737688988
419,330,2,2,1531.06220780555,0.201895446662093,3,0.440338118090949,2.02366411074399,1.00211148216113,1,2.19891757677921
420,445,3,1,1534.16227420822,0.200987641026586,3,0.324195185819917,1.9877294060243,0.884188056825224,1,-2.44102737688988
421,350,2,6,1537.34134779579,0.201045293413699,3,0.435257391578489,1.83263687101498,0.994128821188497,1,-2.19891757677921
422,443,3,1,1540.25531316514,0.201801798109955,3,0.34682477273418,2.06282295946403,0.908742414101653,1,-2.44102737688988
423,319,2,7,1543.48755600988,0.201185180936591,3,0.612334509110951,2.12603543836667,1.17202448558419,1,-2.19891757677921
424,369,2,1,1546.51686946943,0.201128406502903,3,0.151410098414999,1.64912317154813,0.710179392577629,1,2.19891757677921
425,167,1,1,1549.53096533218,0.201851841555253,1,0.787002810335252,2.18677266902159,1.34882270602793,1,2.44102737688988
426,211,2,3,1552.44720255684,0.20122234770497,3,0.613126424665097,2.03018848819374,1.17594309211745,1,2.19891757677921
427,321,2,1,1555.38036646434,0.201272976451946,3,0.113040824036943,1.54530672973124,0.674199326842427,1,2.19891757677921
428,123,1,1,1558.32812842494,0.201052024403907,3,0.147339312987242,1.67749048808764,0.705939161804054,0,2.44102737688988
429,283,2,3,1561.3744390964,0.201736244125641,3,0.191229754718734,1.80719724228402,0.75282430858897,1,2.19891757677921
430,357,2,5,1564.50675367007,0.201180791160368,3,1.02715427515977,2.67481623666936,1.58741755635128,1,-2.19891757677921
431,383,2,7,1567.67003723408,0.200994372014975,3,0.0751315981633525,1.45550186697074,0.63393366931632,1,-2.19891757677921
432,2,1,2,1570.56690910911,0.201918273494812,2,0.39704527117101,1.84660484496635,0.959262295249573,1,-2.44102737688988
433,242,2,2,1573.53240430069,0.201264196899501,3,0.224586197782628,1.80884282290572,0.787689078617404,1,2.19891757677921
434,187,1,1,1576.63337880165,0.20126273364076,1,1.02517507157609,2.69210639294761,1.58779624767703,1,2.44102737688988
435,176,1,2,1579.81688372157,0.201250149617408,1,0.150762460158148,1.68460309549482,0.713793641321899,0,-2.44102737688988
436,234,2,2,1582.86766874518,0.201174352823728,3,0.380923965863985,1.89762486790278,0.943713124053829,1,2.19891757677921
437,11,1,1,1585.90094734288,0.200952230166877,1,0.879549234408842,2.57621104403188,1.43889768632471,1,2.44102737688988
438,132,1,2,1589.11322490197,0.201095629508927,2,0.595203555367334,2.05961695987025,1.15394651087445,1,-2.44102737688988
439,411,3,1,1592.09416888521,0.201964512467384,3,0.422962800163077,2.03922059823162,0.984908243442987,1,-2.44102737688988
440,377,2,1,1595.22728152013,0.200985007159034,3,0.303730343683128,2.03372869605118,0.863501092029765,1,2.19891757677921
441,28,1,2,1598.47248678751,0.201081874878582,2,0.155860745775499,1.62039735665167,0.714906595812863,1,-2.44102737688988
442,373,2,5,1601.45380243843,0.201905689471459,3,0.0951334652818332,1.71099676883205,0.656949556501786,1,-2.19891757677921
443,331,2,3,1604.58596366261,0.201215031413085,3,0.337143561178891,2.05100187853168,0.897145504388391,1,2.19891757677921
444,103,1,1,1607.81528789174,0.201163232057297,1,0.517375171604726,2.18178910288043,1.0762305053704,1,2.44102737688988
445,348,2,4,1610.99648291163,0.201979145052974,3,0.461854457860682,2.14458721621122,1.02397080974697,1,2.19891757677921
446,61,1,1,1614.19509451334,0.201158549629326,1,0.514715552770213,1.91388957255549,1.07619802103,1,2.44102737688988
447,253,2,5,1617.10956792607,0.201021881275665,2,0.430560624121426,2.12720399668433,0.989251194969256,0,-2.19891757677921
448,42,1,2,1620.32241498541,0.201828722068967,2,0.859442012671934,2.64240593661634,1.42183053065673,1,-2.44102737688988
449,206,2,6,1623.62244738195,0.201870863915246,3,0.555231720169104,2.23841604012523,1.11758775381168,1,-2.19891757677921
450,157,1,1,1626.82146050182,0.201208007771129,1,0.679471740233566,2.14337476013498,1.2392252221307,1,2.44102737688988
