PresOrder,TrialNumber,Illusory_Fragmented,Fat_Thin,StimPresTime,StimPresLength,Response,RespScreenOnset_to_Resp,ExpStartOnset_to_Resp,StimOnset_to_Resp,Accuracy,StepLevel
1,206,2,6,209.610753113622,0.198214750302213,3,0.404690838544411,2.21189428975958,0.960483183938777,1,-4.0141778598385
2,286,2,6,212.938438999579,0.198366637880099,3,0.373609197071346,2.03622650388388,0.933031626271259,1,-4.0141778598385
3,93,1,1,216.117290864124,0.198891367021133,1,0.430109912171247,1.83301614485936,0.981494883964842,1,3
4,98,1,2,219.035283864418,0.198233480177805,1,0.351298112000222,1.97149459423781,0.902852823279318,0,-3
5,342,2,6,222.175869717334,0.198261282335807,3,0.309468449086125,1.93462454356995,0.864799571319963,1,-4.0141778598385
6,38,1,2,225.318480445279,0.198302253935253,2,0.207750890327588,1.72797081417411,0.759768873347639,1,-3
7,167,1,1,228.353222899263,0.198284694679387,1,0.203093882617395,1.91728331364175,0.764754239171452,1,3
8,57,1,1,231.583011828208,0.199076031878576,1,0.222608363299514,1.59140368996123,0.773293013377042,1,3
9,222,2,6,234.4666498488,0.198480773053234,1,0.564409843602334,2.06825575994844,1.1160066971006,0,-4.0141778598385
10,231,2,7,237.485560583682,0.198248698199677,3,0.292484842702834,1.74509723585106,0.843280116101596,1,-4.0141778598385
11,270,2,6,240.453327054924,0.198232309561718,3,0.294225257761354,1.84159033023388,0.856889418528226,1,-4.0141778598385
12,344,2,8,243.515834791971,0.199325080677227,3,0.382830733733499,1.77035037449423,0.935056208645619,1,-4.0141778598385
13,170,1,2,246.418174299628,0.198332689982635,2,0.322363967701676,2.09212991157983,0.87348203878355,1,-3
14,200,1,2,249.702655340165,0.198341469611478,1,0.111921243218603,1.55950612832748,0.674463074492451,0,-3
15,447,3,1,252.664662082336,0.199131343537374,3,0.494819872748849,1.99778782622525,1.04555720059761,1,-3
16,275,2,3,255.682708316444,0.199013989167725,3,0.247441250383417,1.88352212949394,0.79861902293851,1,4.0141778598385
17,165,1,1,258.833221002862,0.19880415604166,1,0.320438009821373,1.78916424080671,0.871242062848978,1,3
18,1,1,1,261.816675792603,0.198277378320199,1,0.100887005886761,1.82142235252468,0.65255058456205,1,3
19,274,2,2,265.052155969519,0.198424876083664,3,0.448199459115131,2.14583724148724,1.01097834036409,1,4.0141778598385
20,21,1,1,268.265328573214,0.19902335410552,1,0.253723952670043,1.77292895144092,0.804791687212855,1,3
21,333,2,5,271.299793298276,0.198693825375813,3,0.43221994959822,2.01831518340077,0.9834015266606,1,-4.0141778598385
22,214,2,6,274.4004815919,0.198160901914889,3,0.173246071628455,1.9418472514335,0.723829463322545,1,-4.0141778598385
23,226,2,2,277.68346453513,0.198298156776218,3,0.273395588703352,2.04264997288556,0.824640086439103,1,4.0141778598385
24,308,2,4,280.967441039673,0.198354346399356,3,0.234454130975791,1.87053501008631,0.786179167052978,1,4.0141778598385
25,209,2,1,284.118116734529,0.19832683689674,3,0.103769065330198,1.61588480658793,0.66427958317945,1,4.0141778598385
26,405,3,1,287.144488983176,0.198285572640089,3,0.430862619003165,2.08559757518378,0.982052390385434,1,-3
27,326,2,6,290.313803244424,0.199309862655355,3,0.68003901666998,2.30016087206241,1.23136136044377,1,-4.0141778598385
28,41,1,1,293.448628782959,0.198936143126048,1,0.325491271440114,2.04554373850078,0.876887364094728,1,3
29,157,1,1,296.682955024011,0.198340298993571,1,0.26886910480971,1.75534862295899,0.820327532828742,1,3
30,269,2,5,299.683657101652,0.198261867642941,3,0.150740371454958,1.58627902069566,0.701674948295476,1,-4.0141778598385
31,78,1,2,302.634141751789,0.198412584601101,2,0.107736579533594,1.65996117648137,0.658781194386393,1,-3
32,330,2,2,305.700971407383,0.198407902133113,3,0.155787194677032,1.84119466163611,0.706361221433326,1,4.0141778598385
33,53,1,1,308.90043081638,0.198339421031051,1,0.479037319566487,1.88152125211491,1.03005032775945,1,3
34,307,2,3,311.81767374373,0.198370442385567,3,0.210049104463906,1.92418000463113,0.772056549003537,1,4.0141778598385
35,334,2,6,315.045722842926,0.198916242636187,3,0.221493057801126,1.80814228617419,0.772127956650365,1,-4.0141778598385
36,82,1,2,318.147073998516,0.199040620707819,2,0.151564193280137,1.5709430579609,0.702669094916928,1,-3
37,10,1,2,321.081182885226,0.199236406428099,2,0.10900816242065,1.829353576426,0.661617892415961,1,-3
38,64,1,2,324.315887820929,0.198344688806174,2,0.151985030148353,1.9218250155609,0.703798447819281,1,-3
39,250,2,2,327.599653614383,0.198335323870197,3,0.269951340371335,1.80601059233049,0.821383136850272,1,4.0141778598385
40,146,1,2,330.649804024055,0.198282938752527,2,0.0246950469136209,1.55620674386773,0.588037580322634,1,-3
41,350,2,6,333.696889758008,0.198363418681765,3,0.627579857306046,2.36487990492242,1.17822646232707,1,-4.0141778598385
42,23,1,1,336.948505136523,0.198248112890724,2,0.152279147709123,1.72116865052158,0.70307500641502,0,3
43,389,2,5,340.031974822366,0.198334445907676,3,0.188218850389603,1.77397958033907,0.739443447631857,1,-4.0141778598385
44,154,1,2,343.13212960722,0.198360784792385,2,0.107240237857695,1.59350670368622,0.658527463117935,1,-3
45,425,3,1,346.132443625273,0.198321569119798,3,0.458478355727493,2.16125163557263,1.00971348852363,1,-3
46,303,2,7,349.349399663624,0.19836839380514,3,0.0352941073178954,1.50442127467795,0.586422421298266,1,-4.0141778598385
47,120,1,2,352.332758462757,0.198384197137784,2,0.178643202036255,1.66509111352389,0.730118896659405,1,-3
48,145,1,1,355.33325187789,0.198480773051415,2,0.0189563889507554,1.64955731648843,0.581324383574611,0,3
49,227,2,3,358.479521662417,0.199018671637532,3,0.141309001666741,1.51034430484469,0.692228945792522,1,4.0141778598385
50,16,1,2,361.363391172552,0.199253965685784,2,0.122687994531589,1.84228128701216,0.674362401416147,1,-3
51,402,3,1,364.5971713207,0.198682119204022,3,0.421573479199651,2.00822651207818,0.973218328001167,1,-3
52,36,1,2,367.698389025933,0.198349956584934,2,0.137917431104142,1.69096643518787,0.689088765264387,1,-3
53,278,2,6,370.766559916137,0.198283816716867,3,0.211483110480913,1.97517677050746,0.773259650788532,1,-4.0141778598385
54,322,2,2,374.046124364611,0.198875271034922,3,0.106617762183305,1.75945075813615,0.657682277529602,1,4.0141778598385
55,413,3,1,377.215279129272,0.198228212400863,3,0.577709810444503,2.14239152988193,1.14028705288729,1,-3
56,59,1,1,380.296172286751,0.199045595831194,2,0.0986505418059096,1.48550380874985,0.650595361254091,0,3
57,442,3,1,383.198462043178,0.198341762265045,2,0.256288774864515,1.67102760578746,0.818731396331714,0,-3
58,437,3,1,386.129068150698,0.199186362542605,3,0.506181882885357,2.07656158133977,1.05824873917118,1,-3
59,17,1,1,389.213859755968,0.198430143860605,1,0.180166760266729,1.78347855326865,0.731688986921654,1,3
60,39,1,1,392.331952200189,0.19836575991576,2,0.261615668243394,2.00935001189646,0.823674327282788,0,3
61,171,1,1,395.594628447578,0.198902780537537,2,0.187960436653157,1.89057539052556,0.738481785636395,0,3
62,347,2,3,398.8127287642,0.198181387713703,3,0.31426154104156,1.80087626547356,0.86523474824935,1,4.0141778598385
63,187,1,1,401.813597947441,0.198294644924317,2,0.233018954340878,1.73564420964431,0.784320812314036,0,3
64,158,1,2,404.830838504291,0.198454726820273,2,0.0308963913103071,1.66267408174645,0.594105181708073,1,-3
65,280,2,8,407.978145748275,0.199345273822473,3,0.0701357711041055,1.50709964673661,0.621957675750309,1,-4.0141778598385
66,412,3,1,410.929947928023,0.198313960107043,3,0.408323556241157,1.99536406339939,0.959703260255992,1,-3
67,190,1,2,414.030801278666,0.198360199485251,2,0.106142491616993,1.758663518096,0.657113357590788,1,-3
68,251,2,3,417.198701434387,0.198478724470988,3,0.0951015232367354,1.75860937705329,0.656270220581064,1,4.0141778598385
69,61,1,1,420.376823711787,0.199044425213287,2,0.0471199745043123,1.5006720805759,0.598131519422168,0,3
70,369,2,1,423.345581988417,0.198621247111078,3,0.163747098698877,1.68371270596617,0.715242986465455,1,4.0141778598385
71,216,2,8,426.380262984998,0.198362833372812,3,0.17436166978041,1.77714317320897,0.725425307162368,1,-4.0141778598385
72,211,2,3,429.497419520801,0.198323032391272,3,0.125889047150849,1.52377099099613,0.687682854058949,1,4.0141778598385
73,418,3,1,432.409519926978,0.198973895530798,3,0.439332912106693,1.87575010952605,0.990043315761795,1,-3
74,304,2,8,435.36168060823,0.198346737386601,3,0.178360205338322,1.73130326856699,0.729223959840965,1,-4.0141778598385
75,81,1,1,438.429221121094,0.198170852159819,2,0.278937290331669,2.04782146683647,0.829612575471401,0,3
76,128,1,2,441.712657093165,0.198403219666943,2,0.0380342294301954,1.72468752569876,0.589712148168474,1,-3
77,83,1,1,444.914107136639,0.198352297818928,1,0.524395515247306,1.95517882493914,1.08693529794073,1,3
78,215,2,7,447.859403318875,0.19953315787825,3,0.202991160962483,1.65776334276779,0.755149910697583,1,-4.0141778598385
79,100,1,2,450.829035461213,0.19833590917915,2,0.103492214371727,1.53594540943959,0.667027314302686,1,-3
80,22,1,2,453.777704191483,0.198279134247059,2,0.195102957242852,1.59527316497588,0.758386959792915,1,-3
81,247,2,7,456.691988383966,0.198809131165035,3,0.22837862792403,1.86493477760268,0.779034890536423,1,-4.0141778598385
82,141,1,1,459.843993314606,0.198883465354811,2,0.0526230457653583,1.67308145359129,0.60447041133375,0,3
83,271,2,7,462.979178232608,0.198354931708309,3,0.151051755619847,1.84968309930264,0.714715330783292,1,-4.0141778598385
84,354,2,2,466.193381272058,0.19927971926154,1,0.0197799181223672,1.75667698077814,0.571617626099396,0,4.0141778598385
85,117,1,1,469.44517458438,0.198320691155459,2,0.0615756331353623,1.6316348751443,0.612696338104797,0,3
86,111,1,1,472.530175730122,0.198499795580574,2,0.15530021793893,1.60258922956018,0.7173293188971,0,3
87,349,2,5,475.492787681362,0.198938484361861,3,0.118773743408383,1.50425651031401,0.669194419317137,1,-4.0141778598385
88,240,2,8,478.393429208831,0.198941118249422,3,0.0797942406225047,1.48370983795394,0.631722964084474,1,-4.0141778598385
89,68,1,2,481.311980300854,0.198287913875902,2,0.0779276915636729,1.7806512201787,0.629095221218449,1,-3
90,8,1,2,484.529617345737,0.198365467262192,2,0.0649007711726881,1.57915610794407,0.627486207935362,1,-3
91,198,1,2,487.559366824886,0.198932923929533,2,0.0412493294552405,1.44540314737969,0.593206147730598,1,-3
92,259,2,3,490.477811976058,0.198304009862113,3,0.202201579688335,1.59088335063461,0.755781458652564,1,4.0141778598385
93,220,2,4,493.381260350816,0.198401171086516,3,0.0483739981336839,1.52743209615801,0.608724141433413,1,4.0141778598385
94,197,1,1,496.375178702026,0.198967164482383,2,0.0724907601725135,1.74171971269425,0.623012401811138,0,3
95,71,1,1,499.559142944354,0.199246356673029,2,0.0380418384429504,1.55773937438062,0.589449344613968,0,3
96,351,2,7,502.594127716087,0.198396781270276,3,0.109986798364844,1.74670332259302,0.661499074773019,1,-4.0141778598385
97,262,2,6,505.745791119172,0.198299912701259,3,0.261709317615896,1.65912974564526,0.823882111828425,1,-4.0141778598385
98,87,1,1,508.657098724876,0.199294351976278,3,0.0312475764567353,1.65179934100161,0.582296288470388,0,3
99,19,1,1,511.79318765198,0.198297571467265,2,0.0196692947993142,1.75609020892807,0.570819557853611,0,3
100,159,1,1,515.044502767192,0.198522915270587,2,0.162583797897241,1.94426369790381,0.725710645096115,0,3
101,310,2,6,518.341258606597,0.19898647966329,3,0.167153594627962,1.70337936687793,0.718023494871886,1,-4.0141778598385
102,268,2,4,521.392855313768,0.198791279253783,3,0.225653723835421,1.79575071824729,0.777459239841846,1,4.0141778598385
103,300,2,4,524.477994592335,0.198348785968847,3,0.183213584075929,1.81465091757309,0.746323457324252,1,4.0141778598385
104,387,2,3,527.624886852536,0.199334738270409,3,0.109013430197592,1.7959216283507,0.660780901147518,1,4.0141778598385
105,439,3,1,530.82674690467,0.198304887824634,3,0.43041280936086,2.03391365703465,0.981762369985518,1,-3
106,431,3,1,533.945038646463,0.198443313303869,3,0.447399634942485,2.21135931771641,1.0093646446112,1,-3
107,287,2,7,537.224146554245,0.198951653803306,3,0.0393201523802418,1.508589549725,0.589960904313557,1,-4.0141778598385
108,409,3,1,540.208438627908,0.198471115460052,3,0.281903926865198,1.6524598617325,0.833385767225991,1,-3
109,338,2,2,543.093247265659,0.19833503121481,3,0.0193169390349794,1.65580665618654,0.570852920440302,1,4.0141778598385
110,219,2,3,546.244477247739,0.198447703116472,3,0.0186704657098744,1.63300303394681,0.581429446465336,1,4.0141778598385
111,13,1,1,549.374799129413,0.198961311394669,3,0.019182610714779,1.63982422012668,0.571101091278251,0,3
112,147,1,1,552.510454928168,0.198381563248404,2,0.0179247825799393,1.53276103811368,0.579685226899528,0,3
113,43,1,1,555.540716552323,0.198878782885004,2,0.045414677959343,1.44778652391324,0.596134739205809,0,3
114,273,2,1,578.964745693665,0.198222066661401,3,0.0840549944241502,1.94376384437783,0.64655790267534,1,4.0141778598385
115,67,1,1,582.341340257144,0.198273573814731,2,0.0183415222873009,1.60562668843158,0.569765124446349,0,3
116,74,1,2,585.443159659597,0.198426339355137,2,0.0963148679220467,1.86511710122431,0.647721203476976,1,-3
117,33,1,1,588.72669279289,0.19831074090871,1,0.335485122772297,1.83748204931726,0.886679869276122,1,3
118,223,2,7,591.743842626913,0.198421949540716,3,0.33556062757998,1.93258649909512,0.898177671004305,1,-4.0141778598385
119,110,1,2,594.856004431957,0.198900439303543,2,0.0172288506782934,1.58596675857007,0.567854677245123,1,-3
120,367,2,7,597.940093081623,0.198997015218993,3,0.158132526154077,1.55989740711266,0.708876877706643,1,-4.0141778598385
121,257,2,1,600.857286550399,0.19937892906637,3,0.0859115932362329,1.53867528865158,0.63797757156135,1,4.0141778598385
122,263,2,7,603.824882696845,0.198347322697373,3,0.210762888274985,1.96316916500837,0.762064746249962,1,-4.0141778598385
123,192,1,2,607.091915981295,0.19831776461433,3,0.0526929901388939,1.47229836924271,0.604365933753797,0,-3
124,414,3,1,610.026439266479,0.198352005165361,3,0.356262114059064,2.05782585372435,0.906885306734694,1,-3
125,103,1,1,613.242909791365,0.198411121331446,2,0.279028891123744,1.89730204937041,0.829707688117196,0,3
126,407,3,1,616.376207089199,0.198419315651336,3,1.37904876235007,2.96382471061588,1.92933569524939,1,-3
127,315,2,3,619.47559687574,0.198229968325904,3,0.449506160519377,1.98426983193713,1.00000409716085,1,4.0141778598385
128,434,3,1,622.525032038329,0.198338835722097,3,0.658523658610648,2.31104146589314,1.21033327177793,1,-3
129,446,3,1,625.692708020864,0.198397073925662,3,0.708631340758075,2.43919243804703,1.27136310466267,1,-3
130,396,2,4,628.938776722629,0.199292303397669,3,0.292380072467495,1.96121599027902,0.843370253624016,1,4.0141778598385
131,210,2,2,632.12321184571,0.198874100418834,3,0.531261770191122,2.00077846040949,1.08296602781229,1,4.0141778598385
132,261,2,5,635.107481970301,0.19827913424524,3,0.316804706817493,1.96832368500873,0.867390732399144,1,-4.0141778598385
133,108,1,2,638.273687365032,0.198724846730329,2,0.0697567837996758,1.72213558029398,0.621310909771637,1,-3
134,373,2,5,641.441003675445,0.198428973242699,3,0.257170249584306,1.65898195523005,0.808423819600648,1,-4.0141778598385
135,443,3,1,644.357814059756,0.198326251587787,3,0.417116647024159,1.88622128000497,0.968697697191601,1,-3
136,241,2,1,647.342279092105,0.198340591647138,3,0.149695595640878,1.51776572497329,0.700201726602245,1,4.0141778598385
137,296,2,8,650.225699377905,0.198349078622414,3,0.017872690115837,1.5700074421984,0.569413646646353,1,-4.0141778598385
138,15,1,1,653.292704040767,0.198305180478201,2,0.123165313676509,1.70298223500504,0.685283088883807,0,3
139,2,1,2,656.388081244342,0.198965701210909,2,0.175187832837764,1.54371567348244,0.7256181663397,1,-3
140,3,1,1,659.271874957016,0.199001405033414,2,0.0934401248341601,1.61192577936163,0.644383773958907,0,3
141,289,2,1,662.305646676721,0.199312789196483,3,0.200848346254134,1.78609605323436,0.752083186396703,1,4.0141778598385
142,379,2,3,665.406321215592,0.198800936845146,3,0.171770801354796,1.55760065624781,0.723411845650844,1,4.0141778598385
143,260,2,4,668.307194525258,0.198358736211958,3,0.0811468887477531,1.6003764704783,0.632786177116941,1,4.0141778598385
144,160,1,2,671.341459074785,0.198348785967028,2,0.0181975363775564,1.66535245380328,0.580896230349026,1,-3
145,384,2,8,674.504232220008,0.199327129257654,3,0.244039729575888,1.96359117249449,0.795274277063072,1,-4.0141778598385
146,7,1,1,677.738514270262,0.198763184442214,1,0.347978534393405,2.03335644326762,0.898817413280995,1,3
147,325,2,5,680.939141662528,0.198741820679061,3,0.10594787651462,1.60842768263865,0.657763050114227,1,-4.0141778598385
148,196,1,2,683.956613123613,0.198286157950861,2,0.277692046329321,1.84685927806277,0.829292411679489,1,-3
149,151,1,1,687.041088954906,0.198361955410292,3,0.117024841374587,1.61849381958018,0.667662374111387,0,3
150,27,1,1,690.05765435831,0.19836927176766,1,0.705527449363217,2.27371692311499,1.2561026467356,1,3
151,255,2,7,693.140721937161,0.198326251587787,3,0.367681777092002,1.90273371298281,0.918660252074915,1,-4.0141778598385
152,229,2,5,696.190413172253,0.198296986158311,3,0.214310150919118,1.74930033675628,0.765192635295534,1,-4.0141778598385
153,411,3,1,699.239936131129,0.198189582035411,3,0.594428564698319,1.97956892608454,1.14564438231173,1,-3
154,12,1,2,702.139745935105,0.198307521714014,2,0.136372509108696,1.87195672462622,0.687587448761406,1,-3
155,65,1,1,705.39183277968,0.198253965978438,1,0.33502565553863,1.94760083476831,0.89486687302815,1,3
156,429,3,1,708.519941024308,0.199274451486417,3,0.617179801820384,2.01932513335487,1.16815476495321,1,-3
157,298,2,2,711.437665660618,0.198816740175971,3,0.161980637407396,1.58174024532127,0.713803712669687,1,4.0141778598385
158,205,2,5,714.372357222021,0.19840000046861,3,0.16624431775017,1.750985440156,0.716943600544255,1,-4.0141778598385
159,254,2,6,717.471746130599,0.198806789931041,3,0.0555299808220298,1.50774436413667,0.607154929133685,1,-4.0141778598385
160,237,2,5,720.439023576522,0.198548083537389,3,0.0663824798411952,1.48467881630677,0.617859345080433,1,-4.0141778598385
161,388,2,4,723.372752305311,0.198369857076614,3,0.257799748960679,1.7265435392037,0.808628092294384,1,4.0141778598385
162,244,2,4,726.356103788088,0.198318935230418,3,0.0164372208273562,1.43427877252543,0.567575777706224,1,4.0141778598385
163,302,2,6,729.288874074078,0.198305765787154,3,0.12142109411252,1.89061314292849,0.673290116099452,1,-4.0141778598385
164,25,1,1,732.572949788426,0.198328007512828,2,0.877831466834323,2.24624868415231,1.42879852830083,0,3
165,106,1,2,735.456428312429,0.19832420300736,1,0.367448824277744,2.00280538401967,0.918559578998611,0,-3
166,142,1,2,738.606930755946,0.198247234930022,2,0.276150050876822,1.97260375399492,0.838321381819696,1,-3
167,316,2,4,741.819098384813,0.199307521419541,3,0.213483987859945,1.81600912613067,0.764905541438566,1,4.0141778598385
168,390,2,6,744.936788136733,0.199364589007018,3,1.08662508439556,2.72237731273708,1.63846454829763,1,-4.0141778598385
169,266,2,2,748.08746324628,0.198947263988885,3,0.314312755541323,1.88355929658792,0.86628859634402,1,4.0141778598385
170,114,1,2,751.171553359218,0.19829084041703,2,0.3973449232235,1.99989493711109,0.949193752065185,1,-3
171,394,2,2,754.288973283883,0.198277378322018,3,0.236978859531519,1.83429855595568,0.799989815632216,1,4.0141778598385
172,126,1,2,757.402320631454,0.198797717646812,2,0.41944061473805,2.12071843116246,0.970099511238004,1,-3
173,194,1,2,760.618962066445,0.199095932368436,2,0.231992323093436,1.78406766635453,0.783085811212004,1,-3
174,279,2,7,763.68626523668,0.19901808632676,3,0.0189262455587595,1.75394358971607,0.570173084526687,1,-4.0141778598385
175,84,1,2,766.936061768785,0.199359321230077,2,0.255508265874596,1.89095232924956,0.806973132288476,1,-3
176,432,3,1,770.086815894991,0.19899086947953,3,0.352478386748771,1.78841592378922,0.904439887492117,1,-3
177,317,2,5,773.038096564795,0.198327422203874,3,0.432157906889188,1.90089203954085,0.983576241271294,1,-4.0141778598385
178,99,1,1,776.021807134384,0.198466432992063,3,0.513327037364434,2.18138888458088,1.06385716597651,0,3
179,91,1,1,779.204761134106,0.198287035911562,1,0.412569092020931,1.81420754632563,0.96351713095828,1,3
180,293,2,5,782.121287351101,0.198251624744444,3,0.343173150959046,1.96162980344525,0.894287124880066,1,-4.0141778598385
181,88,1,2,785.254622693994,0.198419315651336,1,1.17406872283573,2.89249403204849,1.72534248599914,0,-3
182,352,2,8,788.488425669177,0.198339128375665,3,0.186591692539878,1.95476559708368,0.73741857260211,1,-4.0141778598385
183,238,2,6,791.771482653941,0.198331812020115,3,0.259109084252486,2.03966343586035,0.821839677542812,1,-4.0141778598385
184,327,2,7,795.067978616336,0.199382148262885,3,0.0746309409933019,1.72722571635131,0.626077370185158,1,-4.0141778598385
185,256,2,8,798.235979737789,0.198627100196973,3,0.109264527578489,1.49495888353522,0.660682276651642,1,-4.0141778598385
186,365,2,5,801.136728962034,0.198430729169559,3,0.229121091857451,1.91418995780259,0.780496991368636,1,-4.0141778598385
187,166,1,2,804.336663641598,0.198330641400389,1,0.571602408075705,2.2741064459733,1.12331251878459,0,-3
188,168,1,2,807.55411719224,0.198352883127882,2,0.242138647310639,1.67301004594447,0.805669942736131,1,-3
189,115,1,1,810.501032045353,0.199023939412655,1,0.263152981226085,1.78177003752717,0.814152527316764,1,3
190,118,1,2,813.534937508066,0.198961311394669,2,0.120856856641694,1.55612011819721,0.671940394515332,1,-3
191,288,2,8,816.485737639527,0.198189582033592,NaN,NaN,NaN,NaN,0,-4.0141778598385
192,339,2,3,819.636821001808,0.198235528758232,3,0.178477559707972,1.6301092683334,0.729227471692866,1,4.0141778598385
193,184,1,2,822.603167514437,0.198314252760611,2,0.152754418273616,1.67173817040202,0.704035497794393,1,-3
194,430,3,1,825.638596828037,0.198221481352448,3,0.514955658485633,2.04412699908426,1.07394642260988,1,-3
195,433,3,1,828.683108374858,0.199137489276836,3,0.418589283408437,2.10390719815405,0.969329537801968,1,-3
196,47,1,1,831.884347999898,0.199133684771368,3,0.547577832141542,2.13431222291183,1.10007898739241,0,3
197,282,2,2,834.985320168184,0.198404097629464,3,0.0572060119393427,1.82558828633591,0.607829789923926,1,4.0141778598385
198,72,1,2,838.268245458517,0.198319227883985,1,0.720307661602419,2.22246437738795,1.27127940553692,0,-3
199,77,1,1,841.285301935821,0.19824577165673,1,0.350169637058571,1.88544164897758,0.901265173759384,1,3
200,46,1,2,844.335433322964,0.198309862948008,1,0.979239104699445,2.53118304618692,1.53051345317181,0,-3
201,284,2,4,847.402608895929,0.198383611828831,3,0.207155046193293,1.5760454855008,0.758369693190616,1,4.0141778598385
202,381,2,5,850.286662485612,0.19835493170649,3,0.193135149800582,1.94018146321832,0.755082892863356,1,-4.0141778598385
203,374,2,6,853.549959745404,0.199012233240865,3,0.0188261577914091,1.73721195867256,0.569595677612597,1,-4.0141778598385
204,337,2,1,856.783507526045,0.199230845995771,3,0.0817052731326839,1.66728133822653,0.633204380097595,1,4.0141778598385
205,368,2,8,859.884213671579,0.198671876303706,3,0.176906298827816,1.67827226272493,0.727636895629985,1,-4.0141778598385
206,359,2,7,862.900810388994,0.198643781492137,3,0.118140146871156,1.63757136740605,0.669883327514981,1,-4.0141778598385
207,70,1,2,865.934971046248,0.198263916223368,2,0.220814392503598,1.92345217341062,0.772660587455903,1,-3
208,360,2,8,869.152541658606,0.198297571467265,3,0.2528003357329,1.65013472340252,0.815779977821876,1,-4.0141778598385
209,421,3,1,872.065482860555,0.199023061450134,3,0.503667397228128,1.87315338801636,1.05498769242331,1,-3
210,32,1,2,874.949857199339,0.198848639493008,2,0.253454418068941,1.98851419709899,0.804176527895834,1,-3
211,79,1,1,878.199538133,0.198714896485399,1,0.109569473348529,1.77914668447556,0.660812507810988,1,3
212,102,1,2,881.383996375769,0.198216506229073,1,1.22102364032071,2.90666435274761,1.7720662065949,0,-3
213,422,3,1,884.584507291629,0.198301083319166,3,0.472597461925034,2.24174824648799,1.02413724783946,1,-3
214,239,2,7,887.868876830882,0.198340006338185,3,0.264378617390321,1.86158154475197,0.827374355465508,1,-4.0141778598385
215,18,1,2,890.982171793336,0.198992040095618,1,0.767128836076154,2.25233501541334,1.31803824464623,0,-3
216,152,1,2,893.98254258632,0.198987064974062,2,0.317886649725551,1.81972525030142,0.868652657696657,1,-3
217,415,3,1,896.999104477874,0.198821129990392,3,0.460873731088213,1.99534855272213,1.0114152732167,1,-3
218,377,2,1,900.048535250649,0.19904588848658,3,0.064078705274369,1.4659088481385,0.615040206310368,1,4.0141778598385
219,11,1,1,902.965764715902,0.19890073195711,1,0.365918827650603,1.86863568374793,0.917527679974228,1,3
220,392,2,8,905.983856018773,0.198330934055775,3,0.0804805149309686,1.66646775930167,0.632181553357441,1,-4.0141778598385
221,448,3,1,909.084975977474,0.198310448255143,3,0.331036192263127,2.06152412598021,0.893605825693157,1,-3
222,376,2,8,912.330999317823,0.199107931195613,3,0.28579418033587,2.05514338450666,0.836989804804034,1,-4.0141778598385
223,169,1,1,915.616027329228,0.198531109590476,1,0.344956878852827,1.93022214509256,0.895836144034547,1,3
224,173,1,1,918.716530372687,0.198176997899282,1,0.260829013512193,1.64564686987251,0.811367336445983,1,3
225,63,1,1,921.616179216804,0.198820252027872,1,0.528206166751261,1.91390140067415,1.08001577991854,1,3
226,353,2,1,945.650588922859,0.198299912701259,3,0.386400823412259,2.18359110810889,0.94247967735464,1,4.0141778598385
227,450,3,1,948.964444552401,0.198297571467265,3,0.414721564320644,1.88550895946537,0.966439869347596,1,-3
228,375,2,7,951.951027816498,0.198413755219008,3,0.0182109984743875,1.64814496688814,0.580230734494762,1,-4.0141778598385
229,404,3,1,955.09706874537,0.199134270080322,3,0.351732703618836,1.92089261899673,0.902832630134071,1,-3
230,242,2,2,958.1814822413,0.198411999293967,3,0.0161518828936096,1.41849124422151,0.567275514405992,1,4.0141778598385
231,34,1,2,961.09912025194,0.198191045305066,2,0.858641539758537,2.51093458854848,1.4095017824111,1,-3
232,119,1,1,964.266385933162,0.198397366579229,1,0.277194241381949,1.79145426062132,0.840740462175745,1,3
233,401,3,1,967.296644630775,0.199003453613841,3,0.475718034616875,2.16116266866811,1.02678254996135,1,-3
234,445,3,1,970.497932251117,0.198394732689849,3,0.425615620248209,2.12793499328836,0.976732520710357,1,-3
235,156,1,2,973.715377900095,0.198296986158311,2,0.649197937022109,2.13465638435628,1.20010441905106,1,-3
236,301,2,5,976.715752497585,0.198450044352285,3,0.245640255885519,1.61426496509739,0.796782909925241,1,-4.0141778598385
237,427,3,1,979.599262628253,0.198196020428441,3,0.37734961154456,1.77852742799769,0.927849011457511,1,-3
238,285,2,5,982.515284016599,0.198268306037789,3,0.0203690312064282,1.42269229654812,0.571502612963741,1,-4.0141778598385
239,85,1,1,985.432283162925,0.198298156776218,1,0.31618603564857,1.80151015466618,0.867356491848113,1,3
240,444,3,1,988.432646639554,0.198337372450624,3,0.35470431527574,2.07294349635777,0.905405646648433,1,-3
241,253,2,5,991.665925178249,0.198340591647138,3,0.0164304897789407,1.48035338590671,0.579154644672599,1,-4.0141778598385
242,423,3,1,994.645979910454,0.199035645584445,3,0.435164344406076,1.8037246696731,0.986149550439222,1,-3
243,124,1,2,997.529609444071,0.198717530371141,2,1.02389346681412,2.57588540360484,1.5745787022006,1,-3
244,449,3,1,1000.59695592714,0.198630904702441,3,0.196608956215641,1.96472784175421,0.747402181033976,1,-3
245,40,1,2,1003.88029327472,0.198977992689834,2,0.372621488842924,2.02533186264736,0.924664932786982,1,-3
246,14,1,2,1007.04798271935,0.198374246889216,2,0.304491277585839,2.07373541886591,0.856301183404867,1,-3
247,343,2,7,1010.33219393263,0.198338250413144,3,0.154755002999082,1.7896108312525,0.705478283442062,1,-4.0141778598385
248,28,1,2,1013.48236655477,0.198387123678913,2,0.0949472944248555,1.77509751972502,0.65745517779942,1,-3
249,440,3,1,1016.67804487034,0.198957506889201,3,0.595612936607722,2.34751409203636,1.14649337240371,1,-3
250,267,2,3,1019.94519258262,0.199078373110751,3,0.0312373335564189,1.61656259392294,0.582364184265316,1,4.0141778598385
251,312,2,8,1023.04567426231,0.19945823837952,3,0.0182990874163806,1.68756637765182,0.57028926827843,1,-4.0141778598385
252,428,3,1,1026.23002071114,0.1986291487774,3,0.414303653995375,1.89996432544285,0.965911628354661,1,-3
253,319,2,7,1029.23058728985,0.198265086839456,3,0.0503786800181842,1.60288832224614,0.602200877317955,1,-4.0141778598385
254,138,1,2,1032.29815267833,0.198321276464412,2,0.315809096924568,1.7674048090721,0.866516281383156,1,-3
255,54,1,2,1035.2646519565,0.198284987331135,2,0.128841343623208,1.59271565914059,0.692109250187059,1,-3
256,249,2,1,1038.24448632002,0.198977700036266,3,0.0189133687690628,1.75393568804975,0.569513734411885,1,4.0141778598385
257,323,2,3,1041.49510491803,0.199089786628974,3,0.153672767435637,1.53844760361426,0.704698067107529,1,4.0141778598385
258,398,2,6,1044.39506836551,0.199078665766137,3,0.256168493951918,1.77455230478336,0.807442549768894,1,-4.0141778598385
259,258,2,2,1047.42915673715,0.198836055360516,3,0.0817041025147773,1.484384698746,0.63362609493015,1,4.0141778598385
260,408,3,1,1050.34704350394,0.198364003990719,3,0.31118223260637,2.04655339579949,0.862446338178415,1,-3
261,403,3,1,1053.59772472996,0.198373661582082,3,0.327371282595777,2.10779276915491,0.890417649863593,1,-3
262,233,2,1,1056.89346213244,0.198730699816224,3,0.15824870990582,1.66011862448977,0.708916971343569,1,4.0141778598385
263,283,2,3,1059.91071088361,0.199009599353303,3,0.0568322924100357,1.4587118938507,0.607760723511092,1,4.0141778598385
264,97,1,1,1062.82786894121,0.199371905364387,1,0.760058893747555,2.41338120767432,1.31262033578605,1,3
265,213,2,5,1065.99631021472,0.198330934055775,3,0.266696732016499,1.66896205181183,0.818203740647732,1,-4.0141778598385
266,204,2,4,1068.91363654854,0.19834849331346,3,0.215773422365601,1.96746650059504,0.76642002738663,1,4.0141778598385
267,362,2,2,1072.18198560668,0.198389464912907,3,0.118762915199113,1.53107681267829,0.679143201889019,1,4.0141778598385
268,332,2,4,1075.11044099782,0.199467018008363,3,0.988160963372138,2.69084849550745,1.53981400649354,1,4.0141778598385
269,161,1,1,1078.32821939473,0.198830787581755,1,0.58856669927809,2.27311668916627,1.13943864810062,1,3
270,336,2,8,1081.52805340121,0.199001405033414,3,0.217683869568646,1.75293159118155,0.769246775169449,1,-4.0141778598385
271,116,1,2,1084.57863079349,0.198535499403079,2,0.329225832827433,2.01445829252043,0.88058358777198,1,-3
272,391,2,7,1087.77903401257,0.198318935228599,3,0.0750093429887784,1.49405165523785,0.626736134991006,1,-4.0141778598385
273,150,1,2,1090.71334892791,0.198386831025346,1,0.574412474565179,2.1759636593597,1.12526276697099,0,-3
274,62,1,2,1093.83018764115,0.19833503121481,3,0.461575516073935,2.16274680633614,1.01209013400876,0,-3
275,69,1,1,1097.04641789686,0.198386538369959,2,0.902350335865776,2.38689511650773,1.45310610093475,0,3
276,162,1,2,1100.04602076499,0.198250454126537,2,0.207500963564598,1.85924645617706,0.758547626997824,1,-3
277,96,1,2,1103.21335580528,0.198229675672337,2,0.119581761900918,1.8038648510792,0.67029392148288,1,-3
278,324,2,4,1106.41270546892,0.198358736211958,3,0.0471249496276869,1.6444197704368,0.61054971888916,1,4.0141778598385
279,144,1,2,1109.52543121878,0.19925162445179,2,0.273904221859993,1.85962339490106,0.825011757386164,1,-3
280,294,2,6,1112.62657078532,0.198942581520896,3,0.13026305816129,1.5986875625731,0.681504044043322,1,-4.0141778598385
281,366,2,6,1115.61051986815,0.19855159538929,3,0.0179531700450752,1.63583475685118,0.568620260864918,1,-4.0141778598385
282,363,2,3,1118.74378087686,0.198769330181676,3,0.107883199332719,1.79330149449743,0.659199690020614,1,4.0141778598385
283,183,1,1,1121.9442803792,0.198569739955929,1,0.40623546788629,2.02486185985799,0.957649412452156,1,3
284,35,1,1,1125.07800729353,0.198325373625266,1,0.0899692449602298,1.8589022947308,0.641115410853672,1,3
285,140,1,2,1128.36214387997,0.198339713684618,2,0.654620528353917,2.2229033588228,1.20557412772177,1,-3
286,132,1,2,1131.4458512011,0.198352297818928,1,0.47769988946493,1.89117181996698,1.04009393031993,0,-3
287,340,2,4,1134.37545467502,0.199030085153936,3,0.229693816303552,1.88153471421356,0.780576885988921,1,4.0141778598385
288,73,1,1,1137.54232088314,0.199320690862805,1,0.272340569992593,1.87451627904011,0.823722907894989,1,3
289,55,1,1,1140.65976539076,0.198626514888019,1,0.250679762750224,1.65301649019057,0.80199157097195,1,3
290,178,1,2,1143.57760357694,0.19832508096988,2,0.135452989332407,1.67115403243952,0.686703340150416,1,-3
291,136,1,2,1146.62839548481,0.198385660407439,2,0.0811310854169278,1.73261874959826,0.632093757069015,1,-3
292,331,2,3,1149.79513965609,0.198310740910529,3,0.198726895308937,1.93350923807157,0.749555823951596,1,4.0141778598385
293,181,1,1,1153.04470791785,0.198396195963142,1,0.309392358973128,1.94004508631951,0.872668167203301,1,3
294,281,2,1,1156.19122909241,0.199321276171759,3,0.226675672614874,1.72946657024659,0.778161317482954,1,4.0141778598385
295,163,1,1,1159.20920801603,0.198560082364565,1,0.249324188082028,1.76735242395443,0.799976646187133,1,3
296,208,2,8,1162.24253138937,0.198683875129063,3,0.330773974019394,1.76619175704036,0.882197576178442,1,-4.0141778598385
297,202,2,2,1165.19317056097,0.198366345224713,3,0.176855084328054,1.69538024718167,0.728061244348282,1,4.0141778598385
298,90,1,2,1168.22701046912,0.198348785967028,2,0.204801227742792,1.57365537791884,0.756318771929728,1,-3
299,137,1,1,1171.11134383631,0.198335909177331,1,0.111865053595466,1.62535070958438,0.673921664054433,1,3
300,186,1,2,1174.14094289115,0.199072812680242,1,0.0674693978726282,1.43578272291961,0.618141463815846,0,-3
301,45,1,1,1177.02454228138,0.198826983076287,2,0.29847693928059,1.81617564642147,0.848805721741883,0,3
302,378,2,2,1180.05792184433,0.198961311396488,3,0.195830788459716,1.83066437498928,0.746882719671703,1,4.0141778598385
303,5,1,1,1183.20786444019,0.199579689910024,1,0.557675575746543,1.96076237613124,1.11023731043679,1,3
304,436,3,1,1186.12611995138,0.198343810843653,3,0.386804393676357,2.13851854301538,0.938068499248402,1,-3
305,179,1,1,1189.39301715159,0.198393854727328,1,0.254636741399736,2.02375094417584,0.806430551234371,1,3
306,52,1,2,1192.67811803391,0.198375710162509,2,0.0161852454821201,1.49571159036896,0.576340188370523,1,-3
307,125,1,1,1195.67362198606,0.199454141218666,1,0.193332691445903,1.66262111131982,0.744764195269454,1,3
308,207,2,7,1198.65818008248,0.198635879825815,3,0.0704573981674912,1.43832384011512,0.621106051768948,1,-4.0141778598385
309,346,2,2,1201.54139960743,0.198716945064007,3,0.0210819370549871,1.52315173451825,0.572525439705714,1,4.0141778598385
310,335,2,7,1204.55866533255,0.198299327392306,3,0.271917391888564,1.87396433305184,0.823160719004591,1,-4.0141778598385
311,26,1,2,1207.67603433537,0.198382441210924,2,0.267384469598255,1.8525335520826,0.818383137728233,1,-3
312,199,1,1,1210.77662254123,0.198330641400389,2,0.291316859433209,1.87179547211053,0.853899662304684,0,3
313,410,3,1,1213.87316216764,0.199092713171922,3,0.583480367726224,2.1352958339794,1.13433270871064,1,-3
314,386,2,2,1216.94017180563,0.199220603095455,3,0.196924437539565,1.93249841015677,0.748388425990925,1,4.0141778598385
315,180,1,2,1220.19146116726,0.198179631786843,1,0.685094619522715,2.32071720201384,1.23624371195547,0,-3
316,42,1,2,1223.34254218831,0.198275329739772,2,0.502440297794237,2.24995076091545,1.06581824237037,1,-3
317,232,2,8,1226.60617482992,0.198937899052908,3,0.202848345668826,1.73833575114622,0.753962319589846,1,-4.0141778598385
318,30,1,2,1229.65735304145,0.198272110543257,2,0.225610703655548,1.69481922890918,0.776633076782673,1,-3
319,265,2,1,1232.64188011651,0.198330934055775,3,0.342927028701524,2.0785048058242,0.893530320887294,1,4.0141778598385
320,295,2,7,1235.89219610998,0.198307814367581,3,0.589331697590751,2.2200868539403,1.15199995551666,1,-4.0141778598385
321,311,2,7,1239.03832981026,0.198709043397685,3,0.0758884764745744,1.77778993918946,0.62652015612548,1,-4.0141778598385
322,212,2,4,1242.25574121869,0.199011940587297,3,0.120468211744083,1.67268958949717,0.671710075588635,1,4.0141778598385
323,348,2,4,1245.32287025962,0.199126953722953,3,0.500470149116154,2.2533209677149,1.05234209764603,1,4.0141778598385
324,203,2,3,1248.59046309908,0.198253673323052,3,0.897395113433959,2.4498690518376,1.44868497258176,1,4.0141778598385
325,20,1,2,1251.65784499331,0.198280304864966,2,0.991368747037995,2.71005305529616,1.5424078014621,1,-3
326,94,1,2,1254.89114928559,0.198245186349595,2,0.28374794154297,1.65280373052155,0.835018192854477,1,-3
327,130,1,2,1257.77557132702,0.198485748174789,2,0.203850686611986,1.70474489179287,0.754015582670036,1,-3
328,182,1,2,1260.79155464104,0.198256014558865,2,0.243721614364404,1.92844690417041,0.794554347512531,1,-3
329,370,2,2,1263.99162277096,0.198209189871704,3,0.328432447049636,1.69667846161065,0.879082563920747,1,4.0141778598385
330,245,2,5,1266.8749537972,0.198293474306411,3,0.060162112917169,1.75734540317717,0.622983721690616,1,-4.0141778598385
331,66,1,2,1270.08827565459,0.19931483777691,2,0.156226176110067,1.57585262632347,0.707913752439708,1,-3
332,37,1,1,1273.02280976798,0.198857419123669,2,0.706444627905512,2.20905846969254,1.25822029317533,0,3
333,217,2,1,1276.03998242904,0.198419022997768,3,0.262399396429828,1.84810627799197,0.813694816009956,1,4.0141778598385
334,321,2,1,1279.14049425212,0.198229968325904,3,0.297752912567375,1.69967436357183,0.848513360106153,1,4.0141778598385
335,58,1,2,1282.05701900585,0.198256307210613,2,0.212272984410447,1.63116779889788,0.763345694074815,1,-3
336,121,1,1,1284.99074949056,0.198372490964175,1,0.186621835931874,1.70535010086314,0.737627527763834,1,3
337,107,1,1,1288.02472284907,0.19837834405007,1,0.367428923784246,1.83095819989467,0.929949683948507,1,3
338,164,1,2,1291.0043222112,0.198845712951879,2,0.284007525897323,1.78783090786419,0.835676957660326,1,-3
339,221,2,5,1318.42770604984,0.198417559724476,3,0.424934321061301,2.26787378757035,0.979105069034631,1,-4.0141778598385
340,299,2,3,1321.78675276946,0.198252502706964,3,0.0181372495935648,1.62291524058674,0.569094946124096,1,4.0141778598385
341,185,1,1,1324.90663859917,0.198320398501892,1,0.381049639729099,1.94927891446241,0.931696244748309,1,3
342,356,2,4,1327.98973749203,0.198414340527961,3,0.252580552361906,1.65000712613255,0.815383723913328,1,4.0141778598385
343,385,2,1,1330.902717617,0.199271232288083,3,0.0612346908892505,1.49690298598034,0.612417145912332,1,4.0141778598385
344,49,1,1,1333.85379196553,0.199076324532143,1,0.315102629469038,2.01783640098438,0.866881221281801,1,3
345,101,1,1,1337.07120717846,0.198178753826141,1,0.283284377148448,1.76857806011867,0.834053311660682,1,3
346,291,2,3,1340.07109216532,0.198561252982472,3,0.0154825825338776,1.40097178783435,0.566780050694433,1,4.0141778598385
347,297,2,1,1342.97112936168,0.198253965976619,3,0.0170122865056328,1.55272035331473,0.56820410646651,1,4.0141778598385
348,175,1,1,1346.02179016044,0.198309570292622,1,0.0188472289009951,1.68804018494666,0.570607968800687,1,3
349,50,1,2,1349.20573479493,0.198323617698406,2,0.284350809379248,1.68189151832303,0.847421466953165,1,-3
350,420,3,1,1352.11877081687,0.199196898100126,3,0.379494767486904,1.86499418642234,0.930479388212916,1,-3
351,139,1,1,1355.11986271002,0.199141001128737,3,0.0153666914357018,1.38389804392864,0.566454326468374,0,3
352,218,2,2,1358.00392917649,0.198196605737394,3,0.180819379333116,1.69965124388364,0.731809267834251,1,4.0141778598385
353,149,1,1,1361.03747408912,0.198261574989374,2,0.277683852009432,1.946142245788,0.828621940701851,0,3
354,153,1,1,1364.22044418483,0.198843079062499,2,0.206386243376983,1.67525616761668,0.757861352689361,0,3
355,320,2,8,1367.20443511723,0.198387123678913,3,0.23856211923885,1.89116128441128,0.790028156268818,1,-4.0141778598385
356,236,2,4,1370.37215968038,0.198336201834536,3,0.0489985223885014,1.77951513622611,0.611635466306325,1,4.0141778598385
357,383,2,7,1373.61816194962,0.199320105555671,3,0.0188419611222344,1.42138442452961,0.570149672183106,1,-4.0141778598385
358,357,2,5,1376.53588717124,0.198757038702752,3,0.246249854770213,1.83153238761224,0.797050103292349,1,-4.0141778598385
359,188,1,2,1379.63648357141,0.198827275731674,2,0.160573848235799,1.76285783937419,0.712079978906331,1,-3
360,397,2,5,1382.75347066038,0.198191630614019,3,0.0928100401488337,1.46175315722758,0.643895333949331,1,-4.0141778598385
361,129,1,1,1385.63726232448,0.198274744432638,2,0.210345855912237,1.74604806963725,0.761888275714227,0,3
362,86,1,2,1388.68784235065,0.198386538369959,2,0.0752542946283938,1.83956955236499,0.638491765146682,1,-3
363,75,1,1,1391.96801464208,0.198997015218993,2,0.317688522771277,1.70329098528236,0.868751282190715,0,3
364,234,2,2,1394.8687518675,0.199264501239668,3,0.100800087562675,1.80263394713802,0.652005954929336,1,4.0141778598385
365,4,1,2,1398.08610650099,0.198203044132242,2,0.701850833522258,2.12109975970088,1.2530283134256,1,-3
366,364,2,4,1401.02030903708,0.198167340307918,3,0.405193618613339,1.90698744308065,0.956213943161856,1,4.0141778598385
367,104,1,2,1404.03700847615,0.19836663787828,2,0.165982392163642,1.81816393966437,0.717401311852882,1,-3
368,6,1,2,1407.20396013932,0.198357272942303,2,0.198699971113456,1.66736445204515,0.749749561093267,1,-3
369,230,2,6,1410.18756008558,0.198299327392306,3,0.211057591144709,1.8917720539157,0.773553768349302,1,-4.0141778598385
370,31,1,1,1413.3842471805,0.19965226817294,2,0.214447698434014,1.73486574923299,0.767155760269816,0,3
371,148,1,2,1416.41938969289,0.198599590694357,2,0.129412897451402,1.54755324918005,0.680287772815063,1,-3
372,243,2,3,1419.35225626214,0.198794498450297,3,0.320649013565344,2.02282674192975,0.87222801515054,1,4.0141778598385
373,438,3,1,1422.56952953774,0.198164706418538,3,0.360420146203978,1.84555638116581,0.91167020436842,1,-3
374,248,2,8,1425.56974961377,0.198251917396192,3,0.0184647297428455,1.7207045008181,0.57010518872994,1,-4.0141778598385
375,372,2,4,1428.78693860494,0.198376295471462,3,0.0160956932704721,1.41793988354038,0.567330533411223,1,4.0141778598385
376,193,1,1,1431.70342414298,0.198350541892069,1,0.504587209661622,2.23972776127266,1.05539184799636,1,3
377,127,1,1,1434.95374042911,0.198344981463379,1,0.608043720210844,2.20520099350324,1.17045561297891,1,3
378,329,2,1,1438.06663094333,0.198940825594036,3,0.276142441865886,1.6445435632013,0.826652377332721,1,4.0141778598385
379,131,1,1,1440.95019316646,0.19900638015497,2,0.417568797902277,1.95306995813007,0.968847828840808,0,3
380,252,2,4,1444.00195405269,0.198336201832717,3,0.335793873047805,2.00498595113095,0.886892628946953,1,4.0141778598385
381,48,1,2,1447.18638829781,0.19830430251568,2,1.00329440933638,2.70074694154391,1.5664449615324,1,-3
382,393,2,1,1450.39999285923,0.198971554296804,3,0.232571193277181,1.73483765442325,0.783852858106911,1,4.0141778598385
383,225,2,1,1453.41784711213,0.19835668763335,3,0.16439737652945,1.7171499218166,0.715679626668134,1,4.0141778598385
384,290,2,2,1456.48572593335,0.198364296644286,3,0.354183390640173,1.78527398733604,0.917644741688491,1,4.0141778598385
385,134,1,2,1459.43209644949,0.198965408555523,2,0.573747856673435,2.34298146239962,1.12451649853028,1,-3
386,399,2,7,1462.71681278408,0.199039157436346,3,0.19071109431934,1.64221110851395,0.741767707999315,1,-4.0141778598385
387,24,1,2,1465.68345224365,0.198855663196809,2,0.58829423813404,2.09157942886122,1.14005966050354,1,-3
388,235,2,3,1468.70172440687,0.198214457648646,3,0.396965350610117,2.06520103447474,0.947851054184866,1,4.0141778598385
389,417,3,1,1471.88477000738,0.198311033564096,3,0.358835423225173,1.79406005441706,0.91002080479484,1,-3
390,143,1,1,1474.83474339048,0.198317471958944,2,0.808108045623158,2.24401602457874,1.35960012888609,0,3
391,424,3,1,1477.78547708941,0.198478431817421,3,0.490833336016294,2.10924550504933,1.04180478729722,1,-3
392,224,2,8,1480.91860728165,0.198245186349595,3,0.0166611013573856,1.51802794321702,0.567472178088792,1,-4.0141778598385
393,345,2,1,1483.93457830419,0.198388001643252,3,0.0538360977952834,1.7362157634725,0.619064788099422,1,4.0141778598385
394,272,2,8,1487.13246352576,0.198985894356156,3,0.0749408618848975,1.61021492238433,0.626055421113051,1,-4.0141778598385
395,56,1,2,1490.18276260382,0.199050570954569,2,0.706734063000113,2.17618549131294,1.2585536264105,1,-3
396,155,1,1,1493.16736050121,0.198409365406405,1,0.373373025058754,1.77552859949537,0.925003826454486,1,3
397,419,3,1,1496.08429233705,0.198374539544602,3,0.435669465710816,2.13813692182157,0.98711969940814,1,-3
398,195,1,1,1499.30173740072,0.198222066659582,1,0.377006035409067,2.14510823965247,0.927760337206564,1,3
399,341,2,5,1502.58472151457,0.198203336785809,3,0.188515309186187,1.77381598659304,0.739616991624644,1,-4.0141778598385
400,305,2,1,1505.68509432687,0.198349371275981,3,0.119661949178408,1.5376375365413,0.670458393193258,1,4.0141778598385
401,264,2,8,1508.61829657059,0.198395318000621,3,0.0312464058388287,1.42847221876582,0.59455294277177,1,-4.0141778598385
402,246,2,6,1511.53153862115,0.199007258119309,3,0.0174100036856544,1.60273789793973,0.568358627931957,1,-4.0141778598385
403,406,3,1,1514.63214380095,0.199292888706623,3,0.519750506364289,2.23828995075019,1.07098680978015,1,-3
404,380,2,4,1517.8661454884,0.198559789710998,3,0.0154793633373629,1.41741983686734,0.566526026770589,1,4.0141778598385
405,395,2,3,1520.78315224374,0.19830430251568,3,0.141990008196444,1.7272605422113,0.693217239328078,1,4.0141778598385
406,76,1,2,1523.88346155005,0.198383319173445,1,1.15588172201387,2.87501203540887,1.70777327838005,0,-3
407,313,2,1,1527.11763795211,0.198331226711161,3,0.434209998767983,1.86490053704983,0.997183495117497,1,4.0141778598385
408,112,1,2,1530.06438540697,0.199074568605283,2,0.349115788962081,1.91802636288412,0.900413257122636,1,-3
409,9,1,1,1533.14895927745,0.198965993864476,2,0.194117590250244,1.71368723626256,0.746319945472351,0,3
410,109,1,1,1536.18352321231,0.198257770482087,2,0.0165920349445514,1.5186065207472,0.568057194011999,0,3
411,371,2,3,1539.20066426671,0.198231431597378,3,0.0509581355108821,1.68587132400535,0.601648638674305,1,4.0141778598385
412,361,2,1,1542.35016115009,0.198215042955781,3,0.0171641740816995,1.58573673229876,0.568535976430212,1,4.0141778598385
413,416,3,1,1545.43381081832,0.198357272942303,3,0.33702858149627,1.78864536475157,0.887918382231874,1,-3
414,318,2,6,1548.40031360834,0.198400585775744,3,0.0414208248694194,1.42216786006247,0.604783551423679,1,-4.0141778598385
415,201,2,1,1551.29706019987,0.19953227991391,3,0.0172464099359786,1.45320179888768,0.56878882973615,1,4.0141778598385
416,89,1,1,1554.24832155449,0.198697922534848,2,0.289758767994499,1.75806123556868,0.840741632795471,0,3
417,277,2,5,1557.23166220905,0.199096225022004,3,0.0633555565254937,1.5987478493571,0.614822471517982,1,-4.0141778598385
418,51,1,1,1560.28204088907,0.198441264723442,2,0.180851278650152,1.73236179913329,0.731760979877436,0,3
419,358,2,6,1563.34830689251,0.198687094325578,3,0.142095363740737,1.77782008257964,0.693781769452471,1,-4.0141778598385
420,435,3,1,1566.50052136362,0.198171144813386,3,0.416846819769489,2.11353581693402,0.977839924542423,1,-3
421,306,2,2,1569.71273581717,0.199289669508289,3,0.0925434320906788,1.46150762027901,0.643710083782935,1,4.0141778598385
422,400,2,8,1572.59712859317,0.199341469317005,3,0.0219300491862668,1.42496973223024,0.574343408152345,1,-4.0141778598385
423,105,1,1,1575.51511135057,0.198301083317347,2,0.518390834535239,2.17084455052827,1.06990515952384,0,3
424,172,1,2,1578.68264305454,0.198265964803795,1,0.434953340662105,2.20355861762982,0.986024001749684,0,-3
425,292,2,4,1581.9705127391,0.198246064312116,3,0.123457967965805,1.49962086636697,0.682121544594338,1,4.0141778598385
426,29,1,1,1584.86230849801,0.199297863828178,1,0.424111377200461,2.1597017384538,0.975199890195654,1,3
427,60,1,2,1588.11342343769,0.199123149217485,1,0.325584042850096,1.84478699303872,0.877351221142817,0,-3
428,426,3,1,1591.14757941247,0.1984359969465,3,0.452219943745149,1.95449372124858,1.00360052572432,1,-3
429,382,2,6,1594.16481850605,0.198308399674715,3,0.0169841916940641,1.56969810661394,0.568787073811109,1,-4.0141778598385
430,191,1,1,1597.2324769586,0.198301668628119,1,0.621826859283829,2.08558733228347,1.18474445866377,1,3
431,228,2,4,1600.21246086846,0.198892537637221,3,0.795173603986768,2.31345791236163,1.34580616160201,1,4.0141778598385
432,122,1,2,1603.246094748,0.199549546516209,2,0.711336637008571,2.46398084167959,1.26335813188234,1,-3
433,355,2,3,1606.5136296419,0.198334153254109,NaN,NaN,NaN,NaN,0,4.0141778598385
434,177,1,1,1609.46520150272,0.198360784794204,1,0.617775353299294,2.05290399388105,1.1686557890971,1,3
435,176,1,2,1612.41614503478,0.198295230233271,2,0.0795138778121327,1.52598462804053,0.6412283754089,1,-3
436,441,3,1,1615.37869348004,0.199057009349417,3,0.410548314150219,1.77914141669862,0.961490500003492,1,-3
437,92,1,2,1618.26334876694,0.198246356965683,2,0.0856379614760954,1.67072353797994,0.636197355517652,1,-3
438,80,1,2,1621.36402330582,0.198205678019804,2,0.135944648538498,1.5540706602078,0.686698657682427,1,-3
439,95,1,1,1624.29702888586,0.198461457868689,3,0.606073278877375,2.3247766096647,1.15753609671083,0,3
440,133,1,1,1627.53138117314,0.198354053743969,1,0.594850572182622,2.34651936010596,1.14523847081,1,3
441,328,2,8,1630.79842031068,0.198372490964175,3,0.41306279980563,2.1433994312556,0.975431965047392,1,-4.0141778598385
442,314,2,2,1634.04494379721,0.199335030923976,3,0.661025560133567,2.29697854931874,1.21253666592384,1,4.0141778598385
443,276,2,4,1637.19665929275,0.198471993424391,3,0.402780976652139,2.10497099649547,0.953756525093922,1,4.0141778598385
444,174,1,2,1640.41415879012,0.198262160298327,2,0.383921456272219,1.93581681714386,0.934681318502044,1,-3
445,189,1,1,1643.48140694135,0.198244015731689,1,0.740206982671225,2.42053309320181,1.30282695264032,1,3
446,123,1,1,1646.67797990109,0.199043547250767,NaN,NaN,NaN,NaN,0,3
447,309,2,5,1649.59615961482,0.198277378322018,3,0.272092984461779,1.85747882426767,0.823126771108946,1,-4.0141778598385
448,135,1,1,1652.6971759739,0.198349956583115,2,0.251046751229296,1.63638670284308,0.801993034241605,0,3
449,44,1,2,1655.59772911978,0.198320105846506,2,0.232101483141378,1.89580951249263,0.794880657043905,1,-3
450,113,1,1,1658.77746245904,0.198952824421212,1,0.376368634366372,1.84442497968121,0.926833793726473,1,3
