PresOrder,TrialNumber,Illusory_Fragmented,Fat_Thin,StimPresTime,StimPresLength,Response,RespScreenOnset_to_Resp,ExpStartOnset_to_Resp,StimOnset_to_Resp,Accuracy,StepLevel
1,3,1,1,244.589034449013,0.198447640497761,2,0.265023154866867,2.05153450754369,0.866987689758389,0,5
2,32,1,2,247.896960543074,0.198370672216697,1,0.496362590254648,2.08748571843353,1.0482216522596,0,-5
3,83,1,1,251.004784617582,0.198249805676824,2,0.171735549864025,1.77190347533724,0.73427652157261,0,5
4,190,1,2,254.120975700265,0.198314189790835,2,0.214384171809797,1.95165835916487,0.765692164337452,1,-5
5,310,2,6,257.379550493533,0.198217906274294,3,0.108622730167554,1.71710147404519,0.663359762036634,1,-4.55226436195492
6,198,1,2,260.506518598815,0.198313897135449,2,0.441822807895733,2.189945718339,1.0028987483729,1,-5
7,170,1,2,263.770659398677,0.198293118624861,2,0.212036785571399,1.5826893946487,0.763499592623702,1,-5
8,159,1,1,266.656209320947,0.198424520749541,1,0.0206187196217797,1.71871663732418,0.583083015706507,1,5
9,338,2,2,269.870342687369,0.198762537342191,3,0.245474382147222,1.68246165048186,0.796943627612563,1,4.55226436195492
10,421,3,1,272.821900665849,0.198270584185593,3,1.13278608788096,2.60270846405183,1.68373616326971,1,-5
11,318,2,6,275.806929603581,0.198404620203291,3,0.323090016014248,1.75367516224833,0.884965197459678,1,-4.55226436195492
12,164,1,2,278.753552539778,0.198482466450514,2,0.813557362733263,2.35091975632349,1.36507226238791,1,-5
13,397,2,5,281.806555297759,0.198346381846932,3,0.459916499657993,2.074363065527,1.02253648823353,1,-4.55226436195492
14,353,2,1,284.937399034005,0.198417497027549,3,0.30665070330906,1.74319986701812,0.857479034191783,1,4.55226436195492
15,197,1,1,287.888706792408,0.198219954861997,3,0.711643164513589,2.24760256974514,1.26216011041288,0,5
16,273,2,1,290.939598629438,0.198231953718278,3,0.386693032936819,1.90096552757495,0.948550362423703,1,4.55226436195492
17,111,1,1,293.969967737707,0.198839212969688,1,0.543787928096208,2.03059474531983,1.09527034303937,1,5
18,279,2,7,296.97286531546,0.198291362694363,3,0.682282252928417,2.17975546913658,1.24406202882528,1,-4.55226436195492
19,264,2,8,299.985946704002,0.198996368735607,3,0.281080552720596,1.73457034725288,0.832484828761153,1,-4.55226436195492
20,161,1,1,302.954667731152,0.198358673360417,1,0.84337627948662,2.42991408817943,1.39396463322191,1,5
21,216,2,8,306.056403995093,0.198390280105741,3,0.26588356074717,1.89612618349747,0.826277029620542,1,-4.55226436195492
22,352,2,8,309.2022878602,0.198803509050776,3,0.342521726712221,2.06223953699555,0.893283917550434,1,-4.55226436195492
23,281,2,1,312.437291336943,0.198360721944482,3,0.270220123429681,1.90699656305878,0.82179472471762,1,4.55226436195492
24,15,1,1,315.589026839982,0.198313019169291,1,0.82873269823358,2.25989115572884,1.39183907951701,1,5
25,175,1,1,318.535252935915,0.198815507908876,1,0.103488975099026,1.84122321620998,0.655352134273926,1,5
26,321,2,1,321.788592130155,0.198345796537978,3,0.342820234873216,1.72401779108623,0.905284238300737,1,4.55226436195492
27,375,2,7,324.685941904459,0.19880877684227,3,0.177362721364261,1.93048944802831,0.72837308369526,1,-4.55226436195492
28,291,2,3,327.954134513631,0.198246293815828,3,0.391513354436029,1.89437522827029,0.942127754469766,1,4.55226436195492
29,225,2,1,330.972147725251,0.198307751377797,3,0.227343815848144,1.70809442925201,0.789609399143956,1,4.55226436195492
30,388,2,4,333.968934957998,0.198909157526941,3,0.283763321658626,1.88735209213337,0.835646381377956,1,4.55226436195492
31,91,1,1,337.087428358042,0.198391450727286,1,0.749594965394863,2.26474688849157,1.31253541126353,1,5
32,177,1,1,340.118051490903,0.19883189659231,1,0.314259734877851,2.00220925305075,0.866062021801554,1,5
33,334,2,6,343.321176344574,0.198338187505215,3,0.367856289976771,1.79921141167506,0.93029980754909,1,-4.55226436195492
34,245,2,5,346.267778502262,0.198807020911772,3,0.44350791573379,2.01238955197914,0.993783713862285,1,-4.55226436195492
35,243,2,3,349.351831962147,0.19815118092265,3,0.312882207508665,2.01650428212815,0.863758826477351,1,4.55226436195492
36,337,2,1,352.570033819218,0.198255366123703,3,0.180546808420331,1.95030687809776,0.731350263624336,1,4.55226436195492
37,235,2,3,355.855342944906,0.198379451869187,3,0.212150335733895,1.60903098397648,0.773470057874874,1,4.55226436195492
38,363,2,3,358.767434047257,0.19879443674472,3,0.403192339928864,2.05703934922713,0.954347859169502,1,4.55226436195492
39,423,3,1,361.936384106255,0.198303946863234,3,1.06153628688662,2.54391903756368,1.6249777582143,1,-5
40,124,1,2,364.934348690311,0.198864381303792,NaN,NaN,NaN,NaN,0,-5
41,449,3,1,367.835980886113,0.198203566178563,3,0.964349638512431,2.48404327548815,1.51522625748112,1,-5
42,146,1,2,370.871085153258,0.198228734512668,1,0.89120723724227,2.3053132696823,1.4520990976871,0,-5
43,22,1,2,373.800789115105,0.199207080378983,2,0.501033950329656,1.88743988865099,1.05224273279055,1,-5
44,10,1,2,376.702586661017,0.198337309539056,1,0.698501489030605,2.40175745216948,1.24987503628836,0,-5
45,169,1,1,379.920699843606,0.198306873413458,1,0.281080552720596,1.89540361815307,0.843224976821148,1,5
46,122,1,2,383.050548552645,0.199177229562338,1,0.240614552212719,1.67771566336705,0.792429130649907,0,-5
47,410,3,1,386.002828511158,0.198428032608717,3,0.678407499928653,2.18122401223081,1.22909623434862,1,-5
48,138,1,2,389.02053882479,0.198250683641163,2,1.21886179423382,2.89965648149155,1.78119849270843,1,-5
49,240,2,8,392.217567380902,0.198659230105477,3,1.18678533634375,2.59048192094087,1.73822882816239,1,-4.55226436195492
50,34,1,2,395.136030169226,0.198282875697259,2,1.36220190155473,2.84818635806005,1.91314407525533,1,-5
51,400,2,8,398.136793120968,0.198299849693285,3,1.23541319382639,2.98318433288659,1.79820350764749,1,-4.55226436195492
52,96,1,2,401.400556395802,0.19871073739705,2,0.685681734110403,2.25540972879026,1.23677755171775,1,-5
53,402,3,1,404.486733360804,0.198378866560233,3,0.819485383635765,2.21728496876858,1.38174979631367,1,-5
54,263,2,7,407.400428798195,0.198758732825809,3,0.426679079144378,1.89575158501975,0.977337084781539,1,-4.55226436195492
55,324,2,4,410.384891448386,0.198174593326257,3,0.36923440265673,2.03915139397395,0.920539761285909,1,4.55226436195492
56,246,2,6,413.57030569577,0.198246586471214,3,1.11135232391644,2.54189386454527,1.67320965340332,1,-4.55226436195492
57,178,1,2,416.516618710259,0.198795607364445,2,1.28685873423274,2.92326086803769,1.83785563443053,1,-5
58,118,1,2,419.668116284733,0.19820385883213,1,0.65373462975549,2.32382048304498,1.20544794954003,0,-5
59,443,3,1,422.853567991966,0.198329993163497,3,0.817892169487095,2.49825138601409,1.37909717084403,1,-5
60,87,1,1,426.049475386539,0.198840090934027,1,0.572009240875559,2.19043094043082,1.12216856229134,1,5
61,69,1,1,429.183311520777,0.198454956875139,1,0.19342333842178,1.69676106938459,0.744469989978825,1,5
62,56,1,2,432.201181624072,0.198212053173847,1,0.0413691340218065,1.69474350539895,0.592107034490255,0,-5
63,101,1,1,435.369192552982,0.198352820258151,1,0.117732204231288,1.79880725503608,0.680399017615855,1,5
64,103,1,1,438.56559863178,0.199363065526995,1,0.607012542024677,2.0102464389729,1.15827897753297,1,5
65,237,2,5,441.484250182617,0.198290192076456,1,0.642828546277087,2.17956436538407,1.19420297150282,0,-4.55226436195492
66,98,1,2,444.536517205777,0.198387646209085,2,0.979149497568869,2.75923707167021,1.54045985474841,1,-5
67,162,1,2,447.831418979033,0.199026512207638,2,0.763913699534896,2.41664686367403,1.31445259456268,1,-5
68,85,1,1,450.999376937378,0.198969151815618,1,0.170758374617435,1.62445653955183,0.722505642388569,1,5
69,186,1,2,453.967834282317,0.198395547897235,1,0.221764054465893,1.80793019123121,0.772485858908112,0,-5
70,376,2,8,457.06880261938,0.198343455296708,3,0.363354962493759,2.01092569136745,0.925929004224599,1,-4.55226436195492
71,151,1,1,460.232011956716,0.198919985765315,1,1.2270154568705,2.86400787593266,1.77850255429439,1,5
72,361,2,1,463.384386325752,0.198368916286199,3,0.560767189386752,2.0635719954862,1.11145299725467,1,4.55226436195492
73,16,1,2,466.401867197816,0.198290192076456,2,1.04329568228422,2.77418003905223,1.6054790295093,1,-5
74,121,1,1,469.648225983556,0.198934325862865,1,0.0740788974635507,1.55978299041999,0.62478080135952,1,5
75,387,2,3,472.649450452329,0.198367745666474,1,0.468954273232157,2.20631537914051,1.020720270928,0,4.55226436195492
76,407,3,1,475.902020256413,0.198398181792072,3,0.560423612347222,2.25767400099176,1.12201111386821,1,-5
77,355,2,3,479.11479014291,0.19885179713674,3,0.708515852538767,2.41294331388417,1.26030906715641,1,4.55226436195492
78,81,1,1,482.334110527623,0.198341699364391,2,1.38685311525296,2.80187545068839,1.94907187374156,0,5
79,196,1,2,485.265218648448,0.198398474447458,2,0.600245479065052,2.07050792041809,1.15104512975086,1,-5
80,405,3,1,488.250413814256,0.198270584185593,3,0.7806275226867,2.33322202685849,1.33072187467769,1,-5
81,203,2,3,491.31829135099,0.19826765763537,3,0.310943075079194,2.04160764789594,0.869058809619673,1,4.55226436195492
82,127,1,1,494.564475714313,0.19887257564551,1,0.829409609388676,2.26718353452452,1.38128915724701,1,5
83,36,1,2,497.517244992086,0.198377988592256,2,0.270844649328865,2.00234299641306,0.833135108305214,1,-5
84,74,1,2,500.764477060526,0.198940471618698,2,0.261159522762682,1.91524738717635,0.812943372417067,1,-5
85,261,2,5,503.933394634814,0.198349601052541,3,0.857666040776166,2.30619299079444,1.42047186531272,1,-4.55226436195492
86,204,2,4,506.896816556784,0.199165230706058,3,0.31327231670366,1.76704891319787,0.86456070134227,1,4.55226436195492
87,119,1,1,509.86578312153,0.198199176351409,1,1.10849191335546,2.66194418950909,1.65938140914477,1,5
88,63,1,1,512.934075935795,0.198248049746326,1,0.35485801546929,1.98577198892963,0.916669983424072,1,5
89,332,2,4,516.080310694319,0.198794729398287,3,0.460021562825204,1.84749276556613,1.01155958222807,1,4.55226436195492
90,432,3,1,518.982472888436,0.198323262096892,3,0.684561157884673,2.32117195474893,1.2357640872433,1,-5
91,404,3,1,522.134072306872,0.198333797679879,3,0.607589950457623,2.32165132373666,1.1695479532882,1,-5
92,208,2,8,525.364208051995,0.198603332990388,3,0.458169348947195,2.01127921868101,1.0088507669916,1,-4.55226436195492
93,154,1,2,528.431991646454,0.19828199773292,3,1.03982420795728,2.55973411702507,1.5907292144675,0,-5
94,383,2,7,531.466842474318,0.198223466721174,3,0.557116610163575,2.20486937048736,1.11926922860766,1,-4.55226436195492
95,126,1,2,534.630099807082,0.198267657637189,2,0.747154514849171,2.18569168438262,1.29873848109855,1,-5
96,289,2,1,537.583363379254,0.198355746808375,3,0.403154002116935,1.98417906743634,0.965192777741322,1,4.55226436195492
97,14,1,2,540.679739080455,0.198864381303792,1,0.721650211648011,2.19179266442552,1.27265501353395,0,-5
98,359,2,7,543.665075891311,0.198372135493628,1,0.220542804900106,1.79066910311667,0.771658230396497,0,-4.55226436195492
99,148,1,2,546.750300556747,0.198312141204951,2,1.0320556793813,2.52916278411067,1.59338769303577,1,-5
100,157,1,1,549.763074364822,0.198617087777166,1,0.378835537219857,1.94853982684072,0.92947013045341,1,5
101,4,1,2,552.847372191682,0.198386182935792,2,0.733468500951858,2.50421833004111,1.28488828771151,1,-5
102,440,3,1,556.133129372267,0.198358088049645,1,0.43112158295844,2.17860416412987,0.993200452328892,0,-5
103,31,1,1,559.39670066538,0.198285802249302,1,0.509551383203871,1.93094072213353,1.06126558095639,1,5
104,168,1,2,562.332694369785,0.198317408996445,2,0.261454226407295,1.84256152780108,0.822161128851803,1,-5
105,413,3,1,565.429016515111,0.198850333861628,3,0.728261874772215,2.2984306079743,1.27910249716842,1,-5
106,249,2,1,568.514336000788,0.198236636198999,1,0.285765374926996,1.98921888023142,0.83665896788807,0,4.55226436195492
107,303,2,7,571.732684770699,0.198211760518461,3,0.376311679980063,2.09061859085523,0.937331430684935,1,-4.55226436195492
108,182,1,2,574.962917091992,0.198846236691679,1,1.13686306552518,2.74068566739334,1.6885128791655,0,-5
109,311,2,7,578.081826940186,0.198370964872083,3,0.519858694429786,2.10146350942523,1.08216934660595,1,-4.55226436195492
110,223,2,7,581.179170159017,0.198482466448695,3,0.620992966914855,2.10840733604346,1.17229774023326,1,-4.55226436195492
111,72,1,2,584.181506717019,0.198365404425203,2,0.937564384114012,2.58601307816934,1.50023646528825,1,-5
112,258,2,2,587.345924134444,0.198834823142533,3,0.542728224121674,2.02967112594888,1.09427619379858,1,4.55226436195492
113,60,1,2,590.348124022532,0.198238977440269,1,1.03453300446745,2.69940432989097,1.5960567071852,0,-5
114,200,1,2,657.166877475862,0.198407546755334,2,0.617121725776087,2.92835862653556,1.16844552167458,1,-5
115,113,1,1,660.99466080108,0.198322091477166,1,0.17849705237677,1.82851467021283,0.741839606296708,1,5
116,86,1,2,664.160867511542,0.198516999747881,2,0.104775779398551,1.75825814049313,0.655985732480985,1,-5
117,412,3,1,667.330073936375,0.198419838267,3,0.695998410297761,2.18123074329742,1.24631722872073,1,-5
118,373,2,5,670.330137149867,0.198244537887149,3,0.0178101090077689,1.49869329515604,0.579717189855728,1,-4.55226436195492
119,222,2,6,673.327243961941,0.199418377333132,3,0.433345761417513,1.9196208243975,0.985141609929997,1,-4.55226436195492
120,51,1,1,676.328483356121,0.198334090333447,2,0.332702271472954,1.91858160627817,0.883888519492757,0,5
121,448,3,1,679.429640163044,0.19832501802739,3,0.585649307928179,2.32116639430387,1.13601465850661,1,-5
122,265,2,1,682.680328780401,0.198334382990652,3,0.266201384141823,1.84669586583732,0.828120463847881,1,4.55226436195492
123,257,2,1,685.776857247545,0.198524901434212,3,0.196209121941138,1.78201090315633,0.746728701735265,1,4.55226436195492
124,207,2,7,688.878026638635,0.198265023740532,3,0.331011603188017,1.80101650808683,0.881808327323597,1,-4.55226436195492
125,369,2,1,691.863209512929,0.198205322107242,3,0.394307039641717,1.99168362115051,0.95641546717161,1,4.55226436195492
126,346,2,2,694.976616275368,0.198722736255149,3,0.356285001545984,1.72660047199497,0.907753661700553,1,4.55226436195492
127,214,2,6,697.862419929575,0.198407839408901,3,0.18057402534032,1.63282325507316,0.73116589093479,1,-4.55226436195492
128,317,2,5,700.829704020378,0.198386768246564,3,0.315168721495866,1.72908745469795,0.876673108979958,1,-4.55226436195492
129,374,2,6,703.759328087393,0.199264148117436,3,0.447433005403582,1.98379832320461,0.99869768498138,1,-4.55226436195492
130,209,2,1,706.8111207167,0.198392914002397,3,0.52041708028446,1.93973178749002,1.07132384272518,1,4.55226436195492
131,305,2,1,709.745594956032,0.198292533315907,3,0.363130203408218,1.877544343095,0.925549137955386,1,4.55226436195492
132,150,1,2,712.776231258371,0.198866137232471,1,1.19024276322671,2.9108192234562,1.74242462376242,0,-5
133,210,2,2,716.011966080108,0.198363355841138,3,0.361103859770083,1.8591307793522,0.924072985830207,1,4.55226436195492
134,244,2,4,719.026134974856,0.198930814001869,NaN,NaN,NaN,NaN,0,4.55226436195492
135,425,3,1,722.245898731984,0.198352527602765,3,0.461522005320148,2.00880628342202,1.02397693643979,1,-5
136,193,1,1,725.309211727743,0.198952470476797,1,0.933213773985699,2.38570005431575,1.48403976362897,1,5
137,84,1,2,728.276998599938,0.198245415851488,2,0.225525257301342,1.76198012755049,0.776615807119015,1,-5
138,322,2,2,731.328922631368,0.198220247515565,3,0.494311370935975,2.15821195952412,1.05571332915133,1,4.55226436195492
139,58,1,2,734.508982754423,0.198882233262339,2,0.132900223354227,1.60214510306105,0.683754600537213,1,-5
140,350,2,6,737.493609291447,0.198284046318804,3,0.349460870846087,1.76906208735636,0.900793739054279,1,-4.55226436195492
141,18,1,2,740.428320288722,0.198309214652909,2,0.86097421357772,2.45864725466163,1.42338758767801,1,-5
142,274,2,2,743.5420849683,0.198906523632104,3,0.661119194894127,2.26467196879639,1.21271603796595,1,4.55226436195492
143,234,2,2,746.66066031176,0.19848041786463,3,0.252369335368712,1.7383066744078,0.803819850909349,1,4.55226436195492
144,179,1,1,749.661102513555,0.198190982009692,1,0.500208955712878,2.18587605707035,1.05116078703213,1,5
145,326,2,6,752.862229996441,0.198190982009692,3,0.437563506149672,2.18438673546916,0.999972783078192,1,-4.55226436195492
146,288,2,8,756.124838747062,0.19900251449144,3,0.335036488233527,1.75389494619776,0.885955834839478,1,-4.55226436195492
147,128,1,2,759.058955069255,0.198721272978219,2,0.227174661222307,1.96395513949028,0.778981923282117,1,-5
148,277,2,5,762.310768652664,0.198332919713721,3,0.41548092591438,2.1679567877236,0.96645938884285,1,-4.55226436195492
149,226,2,2,765.578186603891,0.198324432718437,3,0.246185241288913,1.67677711858778,0.808570520504873,1,4.55226436195492
150,102,1,2,768.524680186551,0.198720687669265,1,0.829382685122255,2.28217625326579,1.38037548814827,0,-5
151,2,1,2,771.492570658638,0.19864459735436,2,0.353625059700789,2.10602248995565,0.904988071381013,1,-5
152,365,2,5,774.760307603881,0.198388524175243,3,0.339875832311009,1.94224130463226,0.891222162650593,1,-4.55226436195492
153,330,2,2,777.878098339124,0.198334090335266,3,0.370095393844167,2.00041849673653,0.93230508002307,1,4.55226436195492
154,106,1,2,781.024603218269,0.198699323849723,2,0.238676005094021,1.75815278467235,0.789674953877693,1,-5
155,105,1,1,784.059228116426,0.198363941150092,1,0.113770240024678,1.88368980670566,0.66529128543516,1,5
156,307,2,3,787.344438617358,0.198294581901791,3,0.299278722337476,2.04622603740245,0.861351445950277,1,4.55226436195492
157,167,1,1,790.607485472603,0.199158499639452,1,0.76776299154335,2.48711527565865,1.3190727400015,1,5
158,339,2,3,793.842044991619,0.198857650239006,3,0.5120611930015,2.16464598102539,1.06370925070951,1,4.55226436195492
159,406,3,1,797.010195516994,0.198300727657625,NaN,NaN,NaN,NaN,0,-5
160,442,3,1,800.210698766636,0.198377695938689,3,0.484009620156939,2.14785431162818,1.04600683876379,1,-5
161,343,2,7,803.390518619886,0.198732393870159,3,0.283736982702976,1.92028602934988,0.834976201289464,1,-4.55226436195492
162,262,2,6,806.541942152631,0.198422472161838,3,0.350018086082855,1.76855081896429,0.90055698111064,1,-4.55226436195492
163,99,1,1,809.475594616551,0.198230490443166,1,1.04045546492307,2.64297341053316,1.59127267491385,1,5
164,380,2,4,812.59331511458,0.198231661062891,3,0.588979722515433,2.25324378868936,1.15173608834994,1,4.55226436195492
165,39,1,1,815.773479715494,0.198995198115881,1,0.254098926776351,1.65728980342828,0.80552778584206,1,5
166,377,2,1,818.691823100551,0.19832501802739,1,0.320626738370265,1.90702231670548,0.871909562561996,0,4.55226436195492
167,28,1,2,821.793496443655,0.198294289246405,2,0.461658382579117,1.90888038368394,1.02339630879942,1,-5
168,89,1,1,824.756811253876,0.19875463565586,1,0.179153770333869,1.68171830662686,0.730064044631945,1,5
169,130,1,2,827.774685161687,0.198146791095496,1,0.610634148397367,2.09593876719555,1.16113763216163,0,-5
170,219,2,3,830.775047761306,0.19826765763537,3,0.229847187234554,1.61571610352075,0.780732878507479,1,4.55226436195492
171,26,1,2,833.675877204278,0.198253024882433,1,0.992878824416039,2.49065640188928,1.55529219851815,0,-5
172,155,1,1,836.689783587437,0.199314484787465,2,0.6147655598852,2.08465720727327,1.16669310317411,0,5
173,135,1,1,839.675123617499,0.198297801107401,1,0.377655259362655,1.76356251346078,0.928909403359285,1,5
174,360,2,8,842.576171966455,0.19830189827735,3,0.305062171641111,1.90242031588059,0.867499836112984,1,-4.55226436195492
175,248,2,8,845.689517856641,0.199361602251884,3,0.359827591049907,1.82898672282499,0.911091977974138,1,-4.55226436195492
176,297,2,1,848.673999236757,0.198181324394682,3,0.372861862128048,2.10860165900158,0.923546499378062,1,4.55226436195492
177,284,2,4,851.925274920164,0.19819507918146,3,0.336257445143929,2.10502892602562,0.886747759432183,1,4.55226436195492
178,323,2,3,855.209364552215,0.198229612477007,3,0.39803195325112,2.04517686901272,0.960346117286463,1,4.55226436195492
179,335,2,7,858.372532332531,0.19900719697398,3,0.246539061256044,1.66582128375012,0.797562300409481,1,-4.55226436195492
180,40,1,2,861.307101977412,0.198233124338003,2,0.844136889989386,2.36319224627914,1.39498863327753,1,-5
181,396,2,4,864.341505335688,0.198359551324756,3,0.187093794776956,1.78506212481625,0.749606964252962,1,4.55226436195492
182,29,1,1,867.455084471956,0.199049339302292,1,0.087741206301871,1.63944750236624,0.638090168195049,1,5
183,212,2,4,870.522730811193,0.198704884296603,3,0.415363571233684,1.867469107332,0.966196584598947,1,4.55226436195492
184,417,3,1,873.490094211518,0.198644890009746,3,0.866029537090071,2.26847502130477,1.41739254876848,1,-5
185,82,1,2,876.407757173562,0.198315945719514,2,1.11383872130864,2.58285591537788,1.66486430170153,1,-5
186,259,2,3,879.392156317605,0.198303361552462,1,0.302639573050328,1.76634361449942,0.864186688175323,0,4.55226436195492
187,90,1,2,882.372030721757,0.198752879725362,2,1.22273449864588,2.84236193704965,1.7739069918789,1,-5
188,137,1,1,885.506802181568,0.198297508452015,1,0.185100521161075,1.78795706867459,0.73638305269742,1,5
189,301,2,5,888.625035118608,0.198442665361654,3,0.309701632311771,1.97353256899623,0.872466485141558,1,-4.55226436195492
190,88,1,2,891.805040515166,0.19921205551509,2,0.33621032767951,2.10544215497248,0.887499297628892,1,-5
191,435,3,1,895.089646976054,0.198227856546509,3,0.52264067343458,2.12488206001035,1.0735418754266,1,-5
192,255,2,7,898.207312454932,0.198383841694522,3,0.193457871719147,1.87915921371859,0.74385746293774,1,-4.55226436195492
193,61,1,1,901.408438474542,0.198318286962603,1,0.629649118289308,2.10988612206347,1.19141601736374,1,5
194,422,3,1,904.40608172334,0.198327651922227,3,0.560665052771583,2.17636184105868,1.12254784324796,1,-5
195,12,1,2,907.537852590816,0.198883989192836,2,0.36170672919252,1.94830599544912,0.912894147835686,1,-5
196,23,1,1,910.639641825324,0.198210882554122,1,0.149766227137661,1.5188326457901,0.700521101600316,1,5
197,65,1,1,913.523920161359,0.198280241802422,1,0.105963958943903,1.77037727919742,0.667866357311141,1,5
198,43,1,1,916.704440923479,0.198873453609849,1,0.353527312910956,1.77394035455836,0.90558450239223,1,5
199,221,2,5,919.640127047414,0.19837681797253,3,0.327773374945536,1.83006632734396,0.878234716381485,1,-4.55226436195492
200,153,1,1,922.657669669697,0.198320042891282,1,0.474632366713195,2.18845142160171,1.03664304745325,1,5
201,299,2,3,925.887475592568,0.199071581087992,3,0.403537965556097,1.8069348713725,0.954945753459469,1,4.55226436195492
202,438,3,1,928.806703966529,0.198209711932577,3,0.544051024995497,2.27938578726571,1.09445237214459,1,-5
203,50,1,2,932.057245963702,0.19819273794019,1,0.167214029181196,1.58103882010801,0.729059067156413,0,-5
204,267,2,3,934.986728385667,0.199266196701501,3,0.369436627303003,1.93930685234409,0.920861096543376,1,4.55226436195492
205,450,3,1,938.07200075388,0.198383256385569,3,0.370963701407163,1.77425232485075,0.922492355850409,1,-5
206,253,2,5,940.990646158962,0.198346674502318,3,0.1438086480739,1.60746527940319,0.70558579007411,1,-4.55226436195492
207,364,2,4,943.970436571113,0.198946032065578,3,0.176729415812588,1.76349842200398,0.728498925371241,1,4.55226436195492
208,47,1,1,947.072384132009,0.198495050617566,1,0.357281199370846,1.9099646706818,0.90844257171193,1,5
209,381,2,5,950.140361464119,0.198282583043692,3,0.40574634064069,1.78594184592839,0.968001973666105,1,-4.55226436195492
210,342,2,6,953.036287471554,0.199322971784568,3,0.321074793269872,1.84158727910471,0.873076670943192,1,-4.55226436195492
211,149,1,1,956.07224541351,0.198341992021597,1,0.196901251158124,1.8619481696187,0.760438128038004,1,5
212,215,2,7,959.253364655229,0.198434763675323,3,0.231153599423124,1.78492165038733,0.782460421329233,1,-4.55226436195492
213,7,1,1,962.32246402684,0.198376817974349,1,0.127254029275718,1.57949272342557,0.677971443890783,1,5
214,251,2,3,965.290149640387,0.198318872271557,3,0.335798562009586,1.71605903671843,0.897706228168317,1,4.55226436195492
215,292,2,4,968.186424492653,0.198395547897235,3,0.422873685392915,2.05963051713479,0.973816151750725,1,4.55226436195492
216,290,2,2,971.338455284649,0.198230783096733,3,0.373541699833368,2.05937122474825,0.92397319045449,1,4.55226436195492
217,295,2,7,974.539367373409,0.198248049746326,3,0.312536289227864,1.93085526685536,0.862889640946378,1,-4.55226436195492
218,80,1,2,977.672971432185,0.198342577332369,2,0.30134896423624,1.96509795750171,0.863761753027575,1,-5
219,117,1,1,980.852720755565,0.198934911173637,1,0.0689293390205421,1.50549547672381,0.620398291830497,1,5
220,13,1,1,983.804366237908,0.198374476733079,1,0.0276400998300232,1.69759572161638,0.578962139799842,1,5
221,444,3,1,986.989541971419,0.198399352411798,3,0.689582240755044,2.33639411505646,1.25093269167701,1,-5
222,110,1,2,990.152417974639,0.198825165525705,2,0.577151190285804,2.04539723827293,1.12750688324741,1,-5
223,27,1,1,993.136353845723,0.198683520475242,1,0.313138280687781,1.74974860930161,0.864767901124651,1,5
224,79,1,1,996.088239012559,0.198438860847091,1,0.0191689064540697,1.70052958859742,0.581917370600422,1,5
225,427,3,1,999.285671432652,0.198701079780221,3,0.728965417538348,2.43224450042726,1.28039047208767,1,-5
226,70,1,2,1044.94242743325,0.198720102358493,2,0.554760444274507,2.64748615156168,1.10547873685391,1,-5
227,66,1,2,1048.55113239949,0.198233416993389,2,0.124155690149564,1.87841733314053,0.675023236812194,1,-5
228,392,2,8,1051.8200671819,0.198208541314671,3,0.23351708168957,1.98583461711314,0.783881846959048,1,-4.55226436195492
229,112,1,2,1055.08773359727,0.198204444142903,2,0.544477130762971,1.95811579307156,1.10617232934783,1,-5
230,49,1,1,1058.01700472228,0.199224639682143,1,0.0200538953558862,1.68991001442191,0.571390275423255,1,5
231,403,3,1,1061.20207012483,0.198285216940349,3,0.509395690713063,2.17956582865918,1.06114061724475,1,-5
232,37,1,1,1064.38704743821,0.198229612478826,1,0.107807393169423,1.73859318371251,0.669401625757018,1,5
233,306,2,2,1067.53317391437,0.19852021895349,3,0.340805304782407,1.7606959571458,0.891315519615091,1,4.55226436195492
234,152,1,2,1070.46839676534,0.198199176351409,2,0.382326619435844,2.00140269570511,0.933099345857045,1,-5
235,439,3,1,1073.6024886801,0.198207370693126,3,0.349299325254833,1.83521969030153,0.900487036551567,1,-5
236,276,2,4,1076.60356330948,0.198424520747722,3,0.233357292026994,1.71407044558509,0.795997181146959,1,4.55226436195492
237,54,1,2,1079.59975411122,0.19903353592963,2,0.443285205232314,2.04588363098264,0.994347952819226,1,-5
238,78,1,2,1082.71742134603,0.19868761764701,2,0.0465614201020799,1.43219767561641,0.597463500060258,1,-5
239,8,1,2,1085.61814016538,0.198243367265604,2,0.452990525000132,2.13960495078754,1.00435851181464,1,-5
240,431,3,1,1088.81959220273,0.198345211227206,3,0.639051832724363,2.16994537885876,1.20084448544185,1,-5
241,395,2,3,1091.86611616299,0.198229612477007,3,0.241445985240716,1.97959843043282,0.792528926025625,1,4.55226436195492
242,401,3,1,1095.11903686049,0.19842539871388,3,0.38124613695436,2.15033514857532,0.932355124039532,1,-5
243,73,1,1,1098.40339953971,0.19834813777743,1,0.0252321339939954,1.72214889587121,0.586839243405848,1,5
244,282,2,2,1101.6163772113,0.198845944034474,3,0.334187495904189,2.03748004092631,0.885667569604266,1,4.55226436195492
245,275,2,3,1104.83490596408,0.198378281247642,3,0.0439676183013944,1.64263451597071,0.607529370861812,1,4.55226436195492
246,141,1,1,1107.94947222586,0.198705762260943,1,0.176363011678404,1.68004666092384,0.727835769002922,1,5
247,224,2,8,1110.96820068645,0.198200639626521,3,0.105734517377641,1.52529593279723,0.656404521872901,1,-4.55226436195492
248,176,1,2,1113.90262575973,0.198188640768421,2,0.340157659135002,2.07085939914396,0.902705361908374,1,-5
249,270,2,6,1117.14957395276,0.19900719697398,3,0.113081037356096,1.79985964263324,0.665094621233948,1,-4.55226436195492
250,123,1,1,1120.35163266405,0.198357795394259,1,0.385658497298209,1.83810848840221,0.936318258865867,1,5
251,304,2,8,1123.3189223153,0.198365111769817,1,0.163255869489149,1.9106802123024,0.725793036681353,0,-4.55226436195492
252,302,2,6,1126.58245175874,0.198895988050936,3,0.23696016847498,1.8229565653055,0.787924291307718,1,-4.55226436195492
253,238,2,6,1129.68354740075,0.198356039463761,3,0.333581407274323,1.98578252451262,0.88452182504443,1,-4.55226436195492
254,220,2,4,1132.85083108184,0.1981432792345,3,0.285889753327865,1.75450659527451,0.836682965602449,1,4.55226436195492
255,131,1,1,1135.83467301065,0.198378573903028,2,0.405909056855307,1.87480362845417,0.956622374298604,0,5
256,17,1,1,1138.81891324299,0.198356039463761,1,0.291365036851857,1.93841630299539,0.853813529560284,1,5
257,217,2,1,1141.9818290473,0.199493297030131,3,0.204205628810087,1.82366918037769,0.755685702513802,1,4.55226436195492
258,280,2,8,1145.11666518388,0.198509976025889,3,0.224766402730893,1.97683722993861,0.775782325506952,1,-4.55226436195492
259,336,2,8,1148.38402811596,0.19842861791949,3,0.18920325245017,1.94163024086629,0.739613086598183,1,-4.55226436195492
260,370,2,2,1151.65146333383,0.198208248657465,3,0.131925096693521,1.74602867083013,0.693879587659467,1,4.55226436195492
261,420,3,1,1154.78119702944,0.198953641098342,3,1.06607068439189,2.76844078066279,1.61681531592694,1,-5
262,278,2,6,1157.99897804853,0.19896183543824,3,0.169144967268949,1.82230482248633,0.720946961537265,1,-4.55226436195492
263,250,2,2,1161.1675069769,0.198263560465421,3,0.159679917307585,1.66188624380811,0.710510296776192,1,4.55226436195492
264,233,2,1,1164.18521114477,0.198331163783223,3,0.105404987778456,1.65225642904625,0.667406010899867,1,4.55226436195492
265,430,3,1,1167.2481524686,0.198726248116145,3,0.45628962549381,1.92539637201298,1.0070544502305,1,-5
266,351,2,7,1170.23327593392,0.198341699364391,3,0.127465326228048,1.67591495678062,0.689315046683987,1,-4.55226436195492
267,384,2,8,1173.29792665596,0.199315948060757,3,0.159623434879904,1.79558336689115,0.710990251074691,1,-4.55226436195492
268,340,2,4,1176.44917342505,0.198318872271557,3,0.182864636499289,1.85210676524912,0.734078686751673,1,4.55226436195492
269,356,2,4,1179.63349723968,0.198354576188649,3,0.0850493650559656,1.60385011144353,0.636018463022992,1,4.55226436195492
270,371,2,3,1182.66744025154,0.198334675644219,3,0.298452264447405,1.74587561223416,0.860691801442954,1,4.55226436195492
271,389,2,5,1185.63103015752,0.198598065198894,3,0.138515981307137,1.77443230771314,0.689290756314222,1,-4.55226436195492
272,38,1,2,1188.78238784288,0.198171374120648,2,0.542734369879327,2.31106394161907,1.09300694880221,1,-5
273,9,1,1,1192.06561063064,0.198225222653491,1,0.194800865790967,1.96345177278818,0.745661974040559,1,5
274,386,2,2,1195.34963382999,0.198385890280406,3,0.274671406898051,1.74370469699716,0.82577424822739,1,4.55226436195492
275,429,3,1,1198.334033852,0.198349015741769,3,0.38828858832494,2.13539335181486,0.95096710791222,1,-5
276,45,1,1,1201.5971734789,0.198608308126495,1,0.512046267594997,2.21584364259616,1.06345727470216,1,5
277,269,2,5,1204.81638177672,0.198340821401871,3,0.221972717525205,1.94085587557674,0.772425279310482,1,-4.55226436195492
278,391,2,7,1208.0503287687,0.198356917429919,3,0.364251072287516,2.09901896170595,0.91441214963379,1,-4.55226436195492
279,93,1,1,1211.30050465439,0.198217906276113,1,0.393967267118569,1.84078950140974,0.956067500304925,1,5
280,192,1,2,1214.26307407217,0.199000173251989,3,0.781508999727521,2.53407178009184,1.33254716428928,0,-5
281,133,1,1,1217.53070975876,0.198439446156044,1,0.196504118241137,1.66639986280279,0.747664905273268,1,5
282,189,1,1,1220.51616041243,0.198374476733079,1,0.169078241915486,1.6168483859492,0.731796855245193,1,5
283,114,1,2,1223.4797614393,0.198790339574771,2,0.54648093996002,1.94946725072805,1.09736809451169,1,-5
284,327,2,7,1226.39809019161,0.198397889138505,3,0.310702219965606,1.84702539543468,0.86223350830187,1,-4.55226436195492
285,24,1,2,1229.44930541248,0.198270876840979,2,0.300751655257045,2.0359096538723,0.851152124441796,1,-5
286,247,2,7,1232.699670646,0.19823019778778,3,0.347472279712747,1.86548666195267,0.897874797481563,1,-4.55226436195492
287,415,3,1,1235.73295898849,0.198231075752119,3,0.691347828733342,2.47197418080032,1.25385660838401,1,-5
288,92,1,2,1239.02958508536,0.198878428747776,2,0.437474246355123,2.00730496296092,0.988871206020121,1,-5
289,115,1,1,1242.11482935869,0.19838559762502,1,0.0702600415806955,1.7064341970945,0.621891125294496,1,5
290,142,1,2,1245.26628420552,0.198346967157704,2,0.261264585928075,1.87499092769394,0.823128061172611,1,-5
291,357,2,5,1248.39600385368,0.198573189518356,3,0.231675403396366,1.60104062286337,0.78238813552889,1,-4.55226436195492
292,409,3,1,1251.28049758384,0.198249805676824,3,0.507357933527601,2.07637623968549,1.05826528127727,1,-5
293,433,3,1,1254.36479892256,0.198254780812931,3,0.362387152208612,1.84810558526442,0.913691047564498,1,-5
294,143,1,1,1257.36565493861,0.198303654207848,1,0.402486455923281,2.18319065423748,0.965720142159626,1,5
295,166,1,2,1260.66235595518,0.198929058071371,2,0.522942108145799,1.9268889128216,1.07512865116405,1,-5
296,372,2,4,1263.5819290768,0.198387646210904,3,0.0927564360717952,1.71123725194411,0.643163636321333,1,4.55226436195492
297,314,2,2,1266.71567975576,0.198360721944482,3,0.132940317096654,1.91327781861946,0.695275259642585,1,4.55226436195492
298,116,1,2,1270.01201846536,0.198686154371899,2,0.17445929051064,1.57700486275644,0.725045303002844,1,-5
299,53,1,1,1272.92997115592,0.198357795394259,1,0.0734256913692661,1.45914389029895,0.624580917952699,1,5
300,254,2,6,1275.83095336483,0.19837681797253,3,0.356443035276243,1.94215233749492,0.907796974648591,1,-4.55226436195492
301,347,2,3,1278.93198228149,0.1983162383749,3,0.132328082710956,1.91278966997925,0.694602738314643,1,4.55226436195492
302,156,1,2,1282.22851004626,0.199304827170636,2,0.490628599658521,2.17656933349645,1.04204897172713,1,-5
303,379,2,3,1285.42978561261,0.19826443842976,3,0.298427096113301,1.95097296101449,0.849447994025468,1,4.55226436195492
304,97,1,1,1288.59752934745,0.198361014599868,1,0.706665979902027,2.17558162266687,1.25692451138275,1,5
305,48,1,2,1291.58274412115,0.19826677967103,2,0.0990397402165399,1.47833298995101,0.658737568013748,1,-5
306,424,3,1,1294.47822792679,0.199054899747352,3,0.4636379014064,2.15059297768312,1.01568104344369,1,-5
307,129,1,1,1297.6808868736,0.198368916286199,1,0.354189883968502,2.05196149127732,0.916903229506715,1,5
308,308,2,4,1300.8948452323,0.198897743981433,2,0.114032751613195,1.7179288098996,0.665970830485094,0,4.55226436195492
309,241,2,1,1304.01420518398,0.198386768246564,3,0.66427196785844,2.27857074292115,1.22672982553195,1,4.55226436195492
310,194,1,2,1307.14508403883,0.198957445612905,1,0.39575421891459,1.93186551212239,0.94695978216987,0,-5
311,139,1,1,1310.19605547803,0.198229905132393,1,0.109314274075587,1.52870770549089,0.660021738418436,1,5
312,30,1,2,1313.13047177166,0.198328529888386,2,0.14725261282365,1.77835359286837,0.709814363042824,1,-5
313,202,2,2,1316.27767521844,0.198811118081721,3,0.141547302422623,1.6952989647034,0.693248330695496,1,4.55226436195492
314,183,1,1,1319.34681819565,0.198384427005294,1,0.0186690516093222,1.6333011607876,0.581646372012983,1,5
315,252,2,4,1322.47757296476,0.198875794851119,3,0.289910541201607,1.959176667664,0.840848617732263,1,4.55226436195492
316,42,1,2,1325.66233429871,0.198356332119147,2,0.469731272416539,2.0062110183444,1.02093654301825,1,-5
317,95,1,1,1328.7140364976,0.198231368407505,1,0.0929130065269419,1.70663817767127,0.654827403752279,1,5
318,59,1,1,1331.84375673107,0.19914269626679,1,0.278927196784934,1.66506038059197,0.830204460531604,1,5
319,328,2,8,1334.74509071136,0.198259755949039,3,0.493059977898156,1.9798290426188,1.04444113419049,1,-4.55226436195492
320,188,1,2,1337.74714778378,0.198380622488912,2,0.412935997508612,1.99339038546168,0.975396489076957,1,-5
321,147,1,1,1340.84365693569,0.198785364436844,1,0.0655064454349485,1.76926782386363,0.617381018158994,1,5
322,160,1,2,1344.06273236812,0.198340528744666,1,0.34044563171301,1.92619297908823,0.891252306120805,0,-5
323,44,1,2,1347.16355613358,0.198399645069003,2,0.18007182925794,1.57731829632576,0.742420526592468,1,-5
324,68,1,2,1350.07678712739,0.198755220966632,2,0.241901063858677,1.92784004176792,0.792779731413248,1,-5
325,426,3,1,1353.27795821588,0.198158204642823,3,0.739651717065499,2.34262181474151,1.29073260926634,1,-5
326,62,1,2,1356.39656662936,0.198197713076297,2,0.624693590150855,2.07200982618633,1.18636742491617,1,-5
327,378,2,2,1359.3599314836,0.198998417321491,3,0.266719090943297,1.65298075032115,0.81805517835528,1,4.55226436195492
328,11,1,1,1362.26124439273,0.198308629343956,1,0.21322994025104,1.58334260074298,0.764034858730156,1,5
329,158,1,2,1365.14687801435,0.198316823685673,2,0.430488277408585,2.19393197291538,0.992098313368842,1,-5
330,201,2,1,1368.4263524761,0.198512317267159,3,0.543158719714484,2.14639864536002,1.09406753074109,1,4.55226436195492
331,312,2,8,1371.54488831112,0.198239270095655,3,0.282512221276193,1.851945804965,0.833438591604136,1,-4.55226436195492
332,125,1,1,1374.629505132,0.198216735656388,1,0.299271698615485,2.06316783884722,0.861441876364552,1,5
333,445,3,1,1377.90957661007,0.198687032336238,3,0.562379718770899,1.99896956153316,1.11382760041488,1,-5
334,260,2,4,1380.86139124704,0.198295167210745,3,0.21150122680956,1.64742088948333,0.762575387943798,1,4.55226436195492
335,283,2,3,1383.81292434984,0.198329993163497,3,0.0699577289033186,1.58357643213822,0.63197865256916,1,4.55226436195492
336,55,1,1,1386.84267478531,0.19827877852731,1,0.1088135412665,1.54572384132007,0.659887117089966,1,5
337,172,1,2,1389.79519237973,0.198448518462101,2,0.292302996320359,1.67332642277324,0.854621550181037,1,-5
338,331,2,3,1392.69224920632,0.198962713404399,3,0.246432242160154,1.64855112332589,0.797408949158125,1,4.55226436195492
339,399,2,7,1424.25714019816,0.199159962914564,3,0.367818244818409,2.2195676782394,0.918539756603423,1,-4.55226436195492
340,333,2,5,1427.62618203379,0.198309799963681,3,0.0583024484694761,1.57825859703553,0.609480209493995,1,-4.55226436195492
341,341,2,5,1430.66189531611,0.198484222379193,3,0.0666846747080854,1.64659179769842,0.628426698101975,1,-4.55226436195492
342,411,3,1,1433.75810361862,0.198711615363209,3,0.401366757663709,1.870488136934,0.952080953073164,1,-5
343,300,2,4,1436.74303510222,0.198346089191546,3,0.0520765047149325,1.8215913294498,0.603118181135869,1,4.55226436195492
344,20,1,2,1440.02828540424,0.198332041749381,2,0.383539089350961,1.88030934810376,0.944920854366501,1,-5
345,313,2,1,1443.04134484365,0.198805264981274,3,0.172271693934817,1.65913762748096,0.723908045438293,1,4.55226436195492
346,309,2,5,1446.04426027336,0.198289606763865,2,0.179115432520121,1.7763377848114,0.740833165544245,0,-4.55226436195492
347,408,3,1,1449.15758626301,0.198632891149828,3,0.482597266836819,2.10257706193079,1.03367142796924,1,-5
348,109,1,1,1452.29338699066,0.198228149203715,1,0.341697317406215,2.02294298611196,0.903546745208587,1,5
349,206,2,6,1455.49088086832,0.198959786854175,3,0.290701880483539,1.77757981288778,0.842253654676824,1,-4.55226436195492
350,21,1,1,1458.49340238432,0.198285802251121,1,0.0672050154043973,1.61506992114664,0.629849587006902,1,5
351,385,2,1,1461.55739521778,0.198750245830524,2,0.0934143246449821,1.46308361272168,0.644639495791125,0,4.55226436195492
352,315,2,3,1464.44278739898,0.198384427005294,3,0.362661662655228,1.77772789634946,0.925667663253989,1,4.55226436195492
353,286,2,6,1467.37450599826,0.198415155786279,1,0.433747576817041,2.06988895496215,0.984504207210193,0,-4.55226436195492
354,368,2,8,1470.52646772366,0.198313604480063,3,0.350104126669976,1.99777699216065,0.911549690488755,1,-4.55226436195492
355,5,1,1,1473.69028783211,0.1986334764606,1,0.262824144743718,1.66595414914627,0.814002198423623,1,5
356,57,1,1,1476.60901459529,0.198409010030446,1,0.0654224534318928,1.65139368192831,0.616129039810403,1,5
357,239,2,7,1479.71071310673,0.1983097999655,3,0.297627562487833,2.07758988022215,0.859282374673057,1,-4.55226436195492
358,294,2,6,1483.00746797183,0.198262389843876,3,0.277939778612563,1.78098982965093,0.828982918308611,1,-4.55226436195492
359,41,1,1,1486.02597372192,0.198305702793732,1,0.356986203069027,2.13818030595394,0.919150527715829,1,5
360,195,1,1,1489.32324161134,0.198765463892414,1,0.016837908897287,1.43700570560395,0.568201798540031,1,5
361,298,2,2,1492.25890637145,0.198187470148696,3,0.371088079808032,1.96918078825001,0.933401365879035,1,4.55226436195492
362,293,2,5,1495.37332659836,0.198659815418068,3,0.340243114411351,1.72710676524912,0.891602614230578,1,-4.55226436195492
363,104,1,2,1498.27568633465,0.198416033750618,1,0.201836293441374,1.61642257283711,0.764465354322965,0,-5
364,181,1,1,1501.20646258464,0.198934033207479,1,0.105321288432606,1.72575938135014,0.657250587652015,1,5
365,231,2,7,1504.34260279216,0.198358380705031,3,0.353869719332579,1.90136412376705,0.916203198603398,1,-4.55226436195492
366,436,3,1,1507.40635711175,0.198833945178194,3,0.453843321845852,2.18999546969826,1.00500527949771,1,-5
367,434,3,1,1510.65855290267,0.19823019778778,3,0.591963633511114,1.97748604620574,1.14252740421944,1,-5
368,213,2,5,1513.55978679494,0.198211175209508,3,0.36378926260295,2.06047160777598,0.924948317117014,1,-4.55226436195492
369,6,1,2,1516.77272993323,0.198901841153202,2,0.33069407244875,1.76745687435141,0.882251699740664,1,-5
370,76,1,2,1519.72531483832,0.198368916286199,2,0.10104267144925,1.59872191682007,0.663550573135581,1,-5
371,285,2,5,1522.73912552327,0.198657474176798,3,0.437549751359256,1.84114566261815,0.988883204878221,1,-4.55226436195492
372,447,3,1,1525.65844637623,0.198301605621964,3,0.476995848979641,2.04150404800566,1.03883678978491,1,-5
373,345,2,1,1528.73959347871,0.198274388701975,3,0.156493781663812,1.59236281501398,0.707079208847063,1,4.55226436195492
374,46,1,2,1531.69107448891,0.198248342401712,2,0.267011453348459,1.8652335153256,0.8292460152079,1,-5
375,218,2,2,1534.80558221968,0.198895402740163,3,0.280408031392653,1.95058548571433,0.832234316030735,1,4.55226436195492
376,19,1,1,1537.99152295352,0.198427154644378,1,0.244297908802764,1.90872381322515,0.806798786768923,1,5
377,390,2,6,1541.17212829296,0.198783901163551,3,0.370857467620226,2.00791836796816,0.922611759115171,1,-4.55226436195492
378,134,1,2,1544.32477980633,0.198290192076456,2,0.295985474944246,1.92705718948127,0.858721354923546,1,-5
379,171,1,1,1547.47203183385,0.19826443842976,1,0.126730176716592,1.58015178262031,0.677617038611061,1,5
380,272,2,8,1550.4421438505,0.198346674502318,3,0.268370836103713,1.68173089079573,0.827767521843271,1,-4.55226436195492
381,316,2,4,1553.37162158998,0.199262684840505,3,0.32136832629476,2.0242414966142,0.872941756961154,1,4.55226436195492
382,394,2,2,1556.58954718068,0.198432715089439,3,0.242640310541901,1.87841908907103,0.793855238758624,1,4.55226436195492
383,75,1,1,1559.74083697006,0.198303654207848,1,0.177533924575982,1.77530676103379,0.739710248079064,1,5
384,358,2,6,1562.854911864,0.198895695395549,3,0.348058467798182,1.88495817373951,0.899705940195417,1,-4.55226436195492
385,25,1,1,1565.90758158052,0.198308629343956,1,0.113681272885515,1.63233130191838,0.664185341962366,1,5
386,236,2,4,1568.94200425404,0.198363941150092,3,0.280417103696891,1.71009531189884,0.841085083020516,1,4.55226436195492
387,173,1,1,1571.88787945655,0.198622062915092,1,0.0202707527550956,1.78944697558472,0.570914418296525,1,5
388,393,2,1,1575.17251723153,0.198261804534923,3,0.267679292197499,1.70357290856919,0.818702824004504,1,4.55226436195492
389,242,2,2,1578.12399004739,0.198375354699238,3,0.405143471216434,2.13604333870353,0.967655470074533,1,4.55226436195492
390,428,3,1,1581.37110007867,0.198795314710878,3,0.345611286184067,2.04898401869286,0.897304412770609,1,-5
391,446,3,1,1584.5900373779,0.19839671851696,3,0.387789026137398,1.99008045672963,0.938249782264393,1,-5
392,132,1,2,1587.70800399884,0.198352527604584,2,0.342334134817065,1.85574095578704,0.90354967175881,1,-5
393,108,1,2,1590.73749836113,0.198916181248933,2,0.196425979340347,1.66622544038728,0.747702950431631,1,-5
394,271,2,7,1593.72286238891,0.198201517592679,3,0.321977926783802,1.9369421994561,0.88492832292286,1,-4.55226436195492
395,349,2,5,1596.85408013832,0.198749953175138,3,0.152567228720727,1.78969661035262,0.704384148397367,1,-4.55226436195492
396,185,1,1,1600.00713258913,0.198277022598631,1,0.169716522601448,1.71689398160743,0.731759688052989,1,5
397,165,1,1,1603.07045641313,0.198863503337634,1,0.109837541322122,1.81345112894633,0.661401314371687,1,5
398,52,1,2,1606.29019734316,0.198320335546669,1,0.0190977912734525,1.64962604536413,0.581054916137873,0,-5
399,100,1,2,1609.43755267791,0.198271462151752,1,0.588316566148933,1.97414070621198,1.13888472668259,0,-5
400,418,3,1,1612.33883017578,0.198215565034843,1,0.394101595789834,1.9129752132867,0.944741749468449,0,-5
401,416,3,1,1615.3735686241,0.198238099474111,3,0.602682417751566,2.36642140221556,1.16436415420321,1,-5
402,199,1,1,1618.65403167464,0.198262975154648,1,0.242654065330498,1.64587830466007,0.793678475103661,1,5
403,366,2,6,1621.57272361188,0.198361014599868,3,0.271077602756122,1.71883633324433,0.833724515598078,1,-4.55226436195492
404,320,2,8,1624.53669396943,0.19871395660266,3,0.15978322454248,1.76290433223221,0.711129262228496,1,-4.55226436195492
405,348,2,4,1627.65563952154,0.198259463293653,3,0.0841175513432972,1.7322191564981,0.647401866905057,1,4.55226436195492
406,367,2,7,1630.81975023647,0.198974712262498,3,0.510417349529234,1.89616481396479,1.06142537061896,1,-4.55226436195492
407,33,1,1,1633.72115240539,0.198218491586886,1,0.138891750404582,1.85849952238641,0.689927281071505,1,5
408,145,1,1,1636.9564634626,0.198208248659284,1,0.0171141752744006,1.41410456916492,0.579100565644694,1,5
409,227,2,3,1639.87014075538,0.198574945448854,3,0.37277874809115,1.92579350492997,0.924112786919068,1,4.55226436195492
410,325,2,5,1642.93874144277,0.198325310682776,3,0.599911559640532,2.28110864760674,1.16215841301346,1,-4.55226436195492
411,414,3,1,1646.13614518266,0.198844773414748,3,0.421193552690966,1.8914647736965,0.972882582107559,1,-5
412,344,2,8,1649.12241000272,0.198353698224309,3,0.338216770773215,1.78547593907206,0.89976710510382,1,-4.55226436195492
413,191,1,1,1652.08577339368,0.198689080923941,1,0.221326535151093,1.7581229338557,0.772578923217225,1,5
414,71,1,1,1655.13805797614,0.19818951873458,1,0.0169219008985237,1.41525060638014,0.579072763413933,1,5
415,180,1,2,1658.05298753992,0.198493879996022,2,0.740966323597604,2.51081506775517,1.29230065507909,1,-5
416,362,2,2,1661.33820389395,0.198327651924046,3,0.297705701388622,1.94562937226692,0.860474944045563,1,4.55226436195492
417,232,2,8,1664.50282178009,0.198569385003793,3,0.165829770747223,1.65265502523835,0.717565917626416,1,-4.55226436195492
418,77,1,1,1667.50537958532,0.198349015743588,1,0.183537450482618,1.7141380489029,0.745164753094286,1,5
419,296,2,8,1670.55245344443,0.198435641639662,3,0.230546047518146,1.85135112988246,0.78080135979144,1,-4.55226436195492
420,163,1,1,1673.68895420299,0.198250683642982,1,0.0960531953260215,1.84285359755086,0.658187669154358,1,5
421,144,1,2,1676.95203003109,0.198339943435712,1,0.134954076567738,1.75569097030348,0.686625839334738,0,-5
422,441,3,1,1680.08887495201,0.198374184077693,3,0.481095361064945,1.99455339667111,1.04226641443711,1,-5
423,174,1,2,1683.11855602823,0.198443543325993,1,0.0885746879121143,1.50888178842615,0.63987624202673,0,-5
424,107,1,1,1686.05404841451,0.198362185219594,1,0.0700446474547789,1.70156119768399,0.63221131334285,1,5
425,229,2,5,1689.20152637173,0.19861269795183,3,0.327999597306189,2.09798237748328,0.879037469212562,1,-4.55226436195492
426,187,1,1,1692.48703830738,0.198204444142903,1,0.0192950407854369,1.71750738661285,0.581556234254094,1,5
427,184,1,2,1695.70156295362,0.198701957744561,1,0.0276512207237829,1.39795820417385,0.57915353620956,0,-5
428,398,2,6,1698.5874865964,0.198313311826496,3,0.308398731984198,1.85615359942312,0.870265426434344,1,-4.55226436195492
429,94,1,2,1701.65138548759,0.198320920857441,2,0.285750156863287,1.65608318661543,0.836951622948618,1,-5
430,228,2,4,1704.53725381856,0.198335553610377,3,0.367477594329102,1.98619341221638,0.918034926626206,1,4.55226436195492
431,67,1,1,1707.67165331379,0.198287850835186,1,0.0181674408377148,1.56476807671788,0.579074519344431,1,5
432,1,1,1,1710.73433183338,0.198797070641376,1,0.123272457180065,1.89336059317611,0.67458279094717,1,5
433,419,3,1,1714.0203512329,0.198202102901632,1,0.400486743896181,2.01487858326982,0.962519959075507,0,-5
434,382,2,6,1717.15154586256,0.198458176080749,3,0.573626160083222,2.05983830222613,1.12472783079284,1,-4.55226436195492
435,437,3,1,1720.15358040054,0.1982875581798,3,0.411012668451804,1.84205874640611,0.973303420085358,1,-5
436,287,2,7,1723.10092034163,0.198241903990493,3,0.111568596004872,1.59849013401254,0.662565203549093,1,-4.55226436195492
437,266,2,2,1726.10401077907,0.198396133208007,3,0.100162657681722,1.74740590554393,0.660960868506663,1,4.55226436195492
438,136,1,2,1729.26782357114,0.198228734512668,2,0.425890666410851,2.07935459023611,0.977015456870504,1,-5
439,140,1,2,1732.43698053727,0.198222003447881,2,0.139989206882092,1.87059085886176,0.701918529513932,1,-5
440,205,2,5,1735.68384649423,0.198985540499052,3,0.400971673330787,1.87125986832871,0.952725672170345,1,-4.55226436195492
441,120,1,2,1738.67028807794,0.198378573903028,2,0.533952376827074,2.18118713769218,1.09600432192929,1,-5
442,268,2,4,1741.83375729296,0.198310092619067,3,1.31315145016561,3.01775655313213,1.86475385368249,1,4.55226436195492
443,35,1,1,1745.05449120162,0.198345796536159,1,0.138768835278825,1.68501243198625,0.698874916884961,1,5
444,256,2,8,1748.11741964863,0.198333212370926,3,0.322657179180169,1.7420280761562,0.873287382588387,1,-4.55226436195492
445,354,2,2,1751.05267410635,0.198420423577772,3,0.128218035042664,1.74267542914822,0.690477472584462,1,4.55226436195492
446,319,2,7,1754.18332703149,0.1987028357089,3,0.559074179862364,2.19594075725036,1.11055864339141,1,-4.55226436195492
447,329,2,1,1757.33591181952,0.198312141204951,3,0.258795455183645,2.02749318698989,0.809093202442455,1,4.55226436195492
448,230,2,6,1760.62027127953,0.198336431574717,3,0.370988284432315,2.15096260102473,0.932624952003607,1,-4.55226436195492
449,64,1,2,1763.91650551128,0.198490953445798,2,0.292048093760968,1.67894422931022,0.843284385799052,1,-5
450,211,2,3,1766.81910990719,0.198271462151752,3,0.343874963709823,1.80829747333337,0.905758924807742,1,4.55226436195492
