PresOrder,TrialNumber,Illusory_Fragmented,Fat_Thin,StimPresTime,StimPresLength,Response,RespScreenOnset_to_Resp,ExpStartOnset_to_Resp,StimOnset_to_Resp,Accuracy,StepLevel
1,166,1,2,217.820983484889,0.200403746921438,2,0.463095026269002,2.2748827038522,1.02108960161604,1,-5.83710343289226
2,210,2,2,221.157796974649,0.201306880437187,3,0.365002317828839,1.88195377689044,0.925080597204214,1,2.25979049988359
3,48,1,2,224.191998108277,0.200438572872372,2,0.455370688605399,1.99993590854137,1.01195525186995,1,-5.83710343289226
4,373,2,5,227.252546684334,0.20030717075133,3,0.763223033593022,2.41135156301243,1.32168614968941,1,-2.25979049988359
5,46,1,2,230.422113952856,0.200362482557466,2,0.365313117501501,1.96159458377406,0.922825689964156,1,-5.83710343289226
6,300,2,4,233.535860780476,0.200431841807585,3,0.39523534149339,2.05599837517912,0.951984962212009,1,2.25979049988359
7,343,2,7,236.711169063317,0.200495347955439,3,0.493923310326863,1.90454089444756,1.05043909965207,1,-2.25979049988359
8,277,2,5,239.63765557543,0.201255958456386,2,0.457320649271423,2.12183932534754,1.01740712298852,0,-2.25979049988359
9,159,1,1,242.816425674981,0.200429500566315,1,0.931288688998393,2.35906698054896,1.48825341118754,1,5.83710343289226
10,303,2,7,245.759942955676,0.200444425974638,3,0.385879451869187,1.89650780569536,0.942462551858625,1,-2.25979049988359
11,26,1,2,248.78651106002,0.200493592024941,2,0.509787848493943,2.0217972415503,1.06705049353332,1,-5.83710343289226
12,249,2,1,251.813108722527,0.200416623743877,2,1.0723311614438,2.66642356786178,1.62912585104095,0,2.25979049988359
13,22,1,2,254.922568738821,0.201024760959626,2,0.808215529916197,2.37299063035607,1.36882468557269,1,-5.83710343289226
14,224,2,8,258.003346510615,0.200477203341507,3,0.30681254155752,1.70030717075133,0.862934709826732,1,-2.25979049988359
15,422,3,1,260.911657094895,0.200382383101896,3,0.866908672891441,2.34383662589789,1.42292958250982,1,-5.83710343289226
16,208,2,8,263.903715899833,0.200406088160889,3,0.437829236943799,1.83165749290674,0.993689771588834,1,-2.25979049988359
17,305,2,1,266.812320602448,0.200463155899342,3,0.544405137618014,2.1710592240197,1.1003142530044,1,2.25979049988359
18,212,2,4,269.954195678538,0.200452912971741,3,0.534465401147827,2.24505530009992,1.09069087665557,1,2.25979049988359
19,49,1,1,273.179871653198,0.200394089304609,2,0.732677161666288,2.25978375132217,1.28862929734714,0,5.83710343289226
20,286,2,6,276.222620948483,0.200440036149303,3,0.257641516280273,1.78495530571854,0.813631697117671,1,-2.25979049988359
21,404,3,1,279.2651232429,0.200518467705479,3,0.630327200062311,2.15830180462763,1.18690708084796,1,-5.83710343289226
22,103,1,1,282.307938970884,0.200459644038347,2,0.851723094463523,2.57940814611356,1.40837526104951,0,5.83710343289226
23,349,2,5,285.551137959937,0.201216157369345,3,0.443308032328787,2.20817198284203,1.00336524054001,1,-2.25979049988359
24,89,1,1,288.830735922122,0.200441499424414,1,0.607148626628259,2.18469694983105,1.16355496296092,1,5.83710343289226
25,211,2,3,291.922879831151,0.200395259924335,3,0.181112510652383,1.90853241681543,0.737522944156808,1,2.25979049988359
26,88,1,2,295.165908494957,0.200443548008479,2,1.07793609115834,2.72153871006958,1.63401377585797,1,-5.83710343289226
27,402,3,1,298.324545682284,0.200438280216986,3,0.422484746819464,2.09882346812628,0.978361670146114,1,-5.83710343289226
28,416,3,1,301.514781129134,0.200360141318015,3,0.699535146703056,2.44447631132971,1.25721687378973,1,-5.83710343289226
29,96,1,2,304.774108045907,0.200475154755622,1,0.955707827235528,2.43335776027561,1.5128586780429,0,-5.83710343289226
30,116,1,2,307.765921020593,0.200431549152199,2,0.605127258126231,2.24959350212157,1.16230708178409,1,-5.83710343289226
31,196,1,2,310.924468362817,0.200344337943534,2,0.572943688484884,2.25093825212389,1.13068423923687,1,-5.83710343289226
32,119,1,1,314.117612800967,0.200453790936081,1,0.36092475487203,2.13797983723634,0.917166911716777,1,5.83710343289226
33,170,1,2,317.409671722966,0.200389699477455,2,0.582587258031708,2.10957766362844,1.13838604245939,1,-5.83710343289226
34,388,2,4,320.451990815314,0.200429207912748,3,0.351743580318725,1.79508497532333,0.907747223289334,1,2.25979049988359
35,236,2,4,323.409296831833,0.200442377388754,3,0.468819651903686,2.23013545246977,1.02581949270098,1,2.25979049988359
36,390,2,6,326.684805232204,0.200335558291044,3,0.504050053381434,1.89864506560116,1.06087078927885,1,-2.25979049988359
37,12,1,2,329.594234344126,0.200405795505503,2,0.477821721560758,2.00508195512157,1.03423830082102,1,-5.83710343289226
38,339,2,3,332.63566844757,0.200406088162708,3,1.40594739466906,2.88375975126655,1.96294811342887,1,2.25979049988359
39,41,1,1,335.627806562028,0.200557976137134,1,0.575295464550436,2.0199453203295,1.1323866137227,1,5.83710343289226
40,232,2,8,338.587877876214,0.200361019282354,3,0.612896372012983,2.12318583128035,1.16899981035931,1,-2.25979049988359
41,361,2,1,341.614520022289,0.201229619502556,3,0.494206015115196,1.96091181951851,1.05428692838723,1,2.25979049988359
42,175,1,1,344.596290538579,0.200382968412669,1,0.720082165835265,2.33109939970564,1.2765566907965,1,5.83710343289226
43,120,1,2,347.723044420356,0.200334095015933,2,0.459868211572029,2.03636122062926,1.01572464904712,1,-5.83710343289226
44,279,2,7,350.815601850985,0.200439158183144,3,0.569931975258442,2.06340430413547,1.12586069853205,1,-2.25979049988359
45,418,3,1,353.82536833566,0.200353410249591,3,0.531010315504318,2.14191165797274,1.08769613742152,1,-5.83710343289226
46,86,1,2,356.951717182832,0.201194500894417,2,0.614069333494626,2.09542369429073,1.17401035764851,1,-5.83710343289226
47,393,2,1,359.948292240661,0.200448523144587,3,0.650019666420121,2.22686210561915,1.20603091842167,1,2.25979049988359
48,32,1,2,363.040487949635,0.20049212874801,2,0.783276050982749,2.52684085886176,1.33940963279929,1,-5.83710343289226
49,320,2,8,366.299583083601,0.200356336801633,3,0.498635056797866,2.09164317622162,1.05434633736331,1,-2.25979049988359
50,335,2,7,369.407987785749,0.20042189153537,3,0.433782402767974,2.11111790721043,0.990046216087649,1,-2.25979049988359
51,291,2,3,372.601046475966,0.200356629457019,3,1.04220232297848,2.50222564173419,1.59794403967135,1,2.25979049988359
52,314,2,2,375.576877557805,0.200555634897682,3,0.793811633155201,2.45442892462052,1.34992004663764,1,2.25979049988359
53,153,1,1,378.752342411104,0.200437109599079,2,0.505747160073952,2.18267411805391,1.061838599564,0,5.83710343289226
54,137,1,1,381.944208239294,0.200495933266211,1,0.709977079255623,2.08688255635207,1.26615631526329,1,5.83710343289226
55,316,2,4,384.83591533138,0.200370676899183,3,0.383230923573137,2.04294888603727,0.939082971221069,1,2.25979049988359
56,14,1,2,388.010663472434,0.200432427118358,2,0.526003572733316,2.23639124703914,1.08204584617124,1,-5.83710343289226
57,264,2,8,391.235855688277,0.200469301653357,1,0.546608830221885,2.3232146870705,1.10254340659776,0,-2.25979049988359
58,378,2,2,394.528315840365,0.200406380816275,3,0.433900928068397,1.91079815229205,0.990004073759337,1,2.25979049988359
59,380,2,4,397.520175347207,0.200409014712932,3,0.328869660801502,2.03896438739139,0.884621327764762,1,2.25979049988359
60,83,1,1,400.745088662778,0.200313023851777,2,0.435841231117593,2.04589153266897,0.991672207601368,0,5.83710343289226
61,6,1,2,403.870374001461,0.200442084733368,2,0.551926080015619,2.32874528240063,1.10796659752123,1,-5.83710343289226
62,275,2,3,407.161553202348,0.200471935550013,3,0.39046916118059,1.90133368764145,0.947385009973004,1,2.25979049988359
63,357,2,5,410.186591306037,0.200349898390414,3,0.331889275712456,2.0765509547582,0.889319319448987,1,-2.25979049988359
64,263,2,7,413.445528406271,0.200444133321071,3,0.392875956396892,1.93728811773508,0.949447350185437,1,-2.25979049988359
65,436,3,1,416.504130826177,0.200368920970504,3,0.489174396661838,2.16690469278183,1.04643440780819,1,-5.83710343289226
66,79,1,1,419.696017432876,0.20044267004414,1,0.64667315580482,2.17473380095726,1.20362587913587,1,5.83710343289226
67,398,2,6,422.739075479252,0.200406966127048,3,0.201035589196181,1.82805081194238,0.757083423080985,1,-2.25979049988359
68,105,1,1,425.881456555942,0.20028492896563,1,0.834574678547142,2.26132926269565,1.39058563789331,1,5.83710343289226
69,415,3,1,428.82345466422,0.200413697191834,3,0.662580714266369,2.43954536621641,1.21858377192439,1,-5.83710343289226
70,179,1,1,432.115916279581,0.200395259924335,1,0.901319054888518,2.41114260729955,1.45705638175241,1,5.83710343289226
71,414,3,1,435.141252891432,0.200489202199606,3,0.494563054289756,2.12156247366147,1.05093632060016,1,-5.83710343289226
72,10,1,2,438.284069146197,0.200435646322148,2,0.085395868647538,1.57873942929837,0.641337761398972,1,-5.83710343289226
73,440,3,1,441.292629014057,0.200389406823888,3,0.355565948062576,1.88243782835889,0.911370878246089,1,-5.83710343289226
74,246,2,6,444.333944592203,0.200329997845984,3,0.15419292758088,1.88079778940119,0.71051293067103,1,-2.25979049988359
75,401,3,1,447.574617675429,0.200449693766132,3,0.433691679698313,1.92819795890682,0.991098311029418,1,-5.83710343289226
76,156,1,2,450.583534582463,0.200432719771925,2,0.298475091543878,1.75937579016863,0.855169693109929,1,-5.83710343289226
77,58,1,2,453.558826301027,0.20040433223221,2,0.387782587726178,2.03217947247322,0.944806718893233,1,-5.83710343289226
78,59,1,1,456.717691173992,0.200426574016092,1,0.339749990635028,1.81721028319589,0.896595309557597,1,5.83710343289226
79,328,2,8,459.70956092376,0.200337606878747,3,0.264272494638135,1.82531214588744,0.8212064880463,1,-2.25979049988359
80,257,2,1,462.787130903438,0.200902431144641,3,0.288746359370634,1.75583085942162,0.849174361543191,1,2.25979049988359
81,171,1,1,465.768457754657,0.200402576301713,1,0.858720476957387,2.48656157228288,1.41622544038728,1,5.83710343289226
82,354,2,2,468.910691333196,0.200430671186041,3,0.526422947434185,2.1040151688976,1.08328260645612,1,2.25979049988359
83,369,2,1,472.002437231342,0.200375652035291,3,0.599694409585936,2.24439477763008,1.15698836871707,1,2.25979049988359
84,17,1,1,475.161369707626,0.200452620316355,1,0.668213153558099,2.22933591884248,1.22509827356953,1,5.83710343289226
85,322,2,2,478.238167955909,0.20050003043616,3,0.474745916877509,1.96857323634322,1.03091666588625,1,2.25979049988359
86,149,1,1,481.246735725457,0.200351654319093,1,0.657583336454991,2.16804692548249,1.21382285940308,1,5.83710343289226
87,61,1,1,484.272240613967,0.200474276791283,2,0.741621285622386,2.11847905994546,1.29770482342428,0,5.83710343289226
88,267,2,3,487.164973754694,0.200327363951146,3,0.416813384403213,1.79358716672505,0.972555979060417,1,2.25979049988359
89,292,2,4,490.057066858804,0.200465204483407,3,0.406468613329707,1.94950353995591,0.962513813317855,1,2.25979049988359
90,368,2,8,493.114942908851,0.200361019282354,3,0.498032772684383,1.90770098378925,1.05375429617561,1,-2.25979049988359
91,259,2,3,496.039581596913,0.200344337943534,3,0.668585996103502,2.2790808406935,1.22532595920711,1,2.25979049988359
92,282,2,2,499.164366202789,0.200419257638714,3,0.938138865996734,2.68256144585575,1.494544909674,1,2.25979049988359
93,207,2,7,502.423764527397,0.200452327660969,3,0.92656582163545,2.68717134836697,1.48265579784675,1,-2.25979049988359
94,342,2,6,505.699068069225,0.200363067868238,3,0.479216515577718,1.93977041795915,1.03552012998625,1,-2.25979049988359
95,265,2,1,508.674748141055,0.200383553721622,3,0.563032632209797,2.13991311656537,1.1191310954182,1,2.25979049988359
96,261,2,5,511.765978380985,0.200401698335554,3,0.399814222568239,1.96076841853937,0.956442098782645,1,-2.25979049988359
97,334,2,6,514.841746190801,0.200429207912748,3,0.302978760266342,1.99686683492473,0.859698530170135,1,-2.25979049988359
98,365,2,5,518.05059918197,0.200383553721622,3,0.632183511112089,2.27598016032971,1.1880616050621,1,-2.25979049988359
99,7,1,1,521.208707541604,0.200348142459916,1,0.769286553788334,2.21366219177617,1.32672449920938,1,5.83710343289226
100,443,3,1,524.167365624502,0.200441206769028,3,0.759497534674665,2.48722706989065,1.31623954636052,1,-5.83710343289226
101,449,3,1,527.410170699844,0.20041398984722,3,0.702850635881987,2.39660525982981,1.25926721514043,1,-5.83710343289226
102,112,1,2,530.618190502055,0.200401113026601,2,0.476757920416276,2.00452064271849,1.03332609499921,1,-5.83710343289226
103,382,2,6,533.660076464914,0.200436231632921,3,0.393719973590123,2.13838487184148,0.950624994147802,1,-2.25979049988359
104,299,2,3,536.919981668087,0.200453498280694,3,0.405923396952858,1.98237572695507,0.961904212826994,1,2.25979049988359
105,311,2,7,540.010673715362,0.200354580871135,3,0.521818898025231,2.29982686526637,1.07931420383829,1,-2.25979049988359
106,391,2,7,543.302962078928,0.200454376246853,3,0.593241950815354,2.287637782003,1.15029856669207,1,-2.25979049988359
107,272,2,8,546.51311299529,0.200341118737924,3,0.520303237468397,2.21340933780266,1.07614123767235,1,-2.25979049988359
108,182,1,2,549.72075849168,0.200465497138794,2,0.510211613021966,2.23774331341701,1.06694425974638,1,-5.83710343289226
109,113,1,1,552.963397631602,0.200420428260259,1,1.03917217248272,2.69935223728862,1.59536223672694,1,5.83710343289226
110,68,1,2,556.138806587782,0.200546855247012,2,0.405031091673663,2.13189466056792,0.961095606897288,1,-5.83710343289226
111,201,2,1,559.379925677322,0.200435938977535,3,0.318067762522332,1.96253751837867,0.875234124048802,1,2.25979049988359
112,158,1,2,562.539392249089,0.200417794363602,2,0.164020284506478,1.87502341240543,0.720182839175322,1,-5.83710343289226
113,255,2,7,565.765364098013,0.200432134462972,3,0.187103452393785,1.68113504509347,0.743436917617146,1,-2.25979049988359
114,313,2,1,584.386294144089,0.200381212482171,2,0.83008915443861,2.37202603927653,1.38718674202391,0,2.25979049988359
115,425,3,1,587.444876663452,0.200410770641611,3,0.566298955338425,2.02531115085912,1.12212173748048,1,-5.83710343289226
116,306,2,2,590.419425330818,0.200519930978771,3,0.434537452823861,2.19516580665004,0.990784584802896,1,2.25979049988359
117,352,2,8,593.695671514595,0.200385602307506,3,0.0169652138483798,1.52642177681446,0.572861452412326,1,-2.25979049988359
118,417,3,1,596.720042364746,0.200357214765972,3,0.596654894128733,2.02228714612102,1.15241417012476,1,-5.83710343289226
119,411,3,1,599.659700988472,0.200412819229314,3,0.508269261385067,2.20280088452091,1.0657669084394,1,-5.83710343289226
120,56,1,2,602.86961339096,0.200484227063498,2,0.245282693082117,1.68860769940329,0.801428859067528,1,-5.83710343289226
121,288,2,8,605.827617682453,0.200281124451067,3,0.489517095738847,1.8669262321946,1.04721140699075,1,-2.25979049988359
122,308,2,4,608.719523779981,0.20042832994659,3,0.143322255364183,1.87080888687888,0.700616799804266,1,2.25979049988359
123,173,1,1,611.961291100477,0.200400820371215,1,0.29452980867427,1.78894507215773,0.852053502028866,1,5.83710343289226
124,233,2,1,614.971083046141,0.200368920968685,3,0.121294986935027,1.73131953484335,0.677437641059441,1,2.25979049988359
125,376,2,8,618.095548072692,0.200406966127048,3,0.49984460016276,1.91071972073587,1.05712890167706,1,-2.25979049988359
126,147,1,1,621.020834699057,0.200431841807585,1,0.229905718244481,1.65754090147129,0.78719733613616,1,5.83710343289226
127,355,2,3,623.962602195148,0.200359556007243,3,0.225647587118146,2.00359029227911,0.783661185041638,1,2.25979049988359
128,327,2,7,627.254903142881,0.200417501710035,3,0.345670695160152,2.02326549198915,0.902551132692679,1,-2.25979049988359
129,122,1,2,630.446715707851,0.200353995560363,2,0.209139207818225,1.70377484056189,0.766815667113406,1,-5.83710343289226
130,242,2,2,633.455532819509,0.200458766072188,3,0.260322821943191,1.85482787199908,0.81726530234846,1,2.25979049988359
131,127,1,1,636.564367724595,0.200446767215908,1,0.41432932825046,1.8420183600083,0.971879360560706,1,5.83710343289226
132,448,3,1,639.506235894027,0.200478373961232,3,0.732018395126943,2.25984901340053,1.28993863608594,1,-5.83710343289226
133,218,2,2,642.549027331641,0.20045701014169,3,0.774003860706216,2.20107012249355,1.330655734635,1,2.25979049988359
134,434,3,1,645.490559533064,0.200403746921438,3,0.589240185519884,2.08345937011109,1.14621105346487,1,-5.83710343289226
135,11,1,1,648.499097451793,0.200436816943693,1,0.573897158670661,2.03496232944053,1.13140651192589,1,5.83710343289226
136,350,2,6,651.474283521882,0.200443255354912,3,0.773520979855675,2.46802421544999,1.33091736825918,1,-2.25979049988359
137,37,1,1,654.682950969742,0.200287855517672,2,0.793074142404294,2.57115293216884,1.35122382493319,0,5.83710343289226
138,407,3,1,657.975224700556,0.200473398825125,3,0.493390970772452,2.07115029827401,1.0506948801758,1,-5.83710343289226
139,447,3,1,661.067308029988,0.200397015854833,3,0.325775418848934,1.78689238956213,0.88299475094027,1,-5.83710343289226
140,176,1,2,664.042923425048,0.200493592024941,2,0.289086424550987,1.88321073037332,0.847157382868318,1,-5.83710343289226
141,385,2,1,667.151612880569,0.200377700621175,3,0.35182932825046,1.86267336885794,0.909867801856308,1,2.25979049988359
142,371,2,3,670.177251805097,0.200407844091387,3,0.62632865397245,2.03690029125028,1.18346340875178,1,2.25979049988359
143,100,1,2,673.102056721233,0.20037974920524,3,0.493133726975429,1.90418414793021,1.05105367527904,0,-5.83710343289226
144,419,3,1,676.027522452496,0.200417209054649,3,0.189818706043297,1.65067199455007,0.747643834109113,1,-5.83710343289226
145,421,3,1,679.002759151908,0.200380334516012,3,0.331484533766343,1.85928822777532,0.889092511775743,1,-5.83710343289226
146,251,2,3,682.045005373147,0.200419842949486,3,0.355513562806664,2.03308377660687,0.913414781189203,1,2.25979049988359
147,75,1,1,685.2373722268,0.200406673471662,1,0.504606390650224,2.04853479317535,1.06217310429747,1,5.83710343289226
148,420,3,1,688.296286909655,0.200423940119435,3,0.884003532932184,2.47775265496784,1.44088836028823,1,-5.83710343289226
149,180,1,2,691.404430856144,0.200385894962892,2,0.234617172061917,1.74555691087517,0.792511952033237,1,-5.83710343289226
150,340,2,4,694.430335804123,0.200435646322148,3,0.235249599647432,1.89565032636892,0.792446104644114,1,2.25979049988359
151,341,2,5,697.605514440771,0.200399064440717,2,0.748511263707769,2.39240917157622,1.30580112566895,0,-2.25979049988359
152,216,2,8,700.765050957099,0.200415745777718,3,0.144589159119278,1.72097125190703,0.701162308836501,1,-2.25979049988359
153,205,2,5,703.855867675429,0.200449108455359,3,0.117655821260996,1.86208308360074,0.676131814179826,1,-2.25979049988359
154,93,1,1,707.115724883171,0.200381797791124,1,0.593555969695444,2.17023013223479,1.14984963382994,1,5.83710343289226
155,262,2,6,710.208793874846,0.200404917542983,3,0.460577900093995,2.23729379524411,1.01639219524077,1,-2.25979049988359
156,52,1,2,713.50060491801,0.200332924396207,2,0.547407778536581,2.25723531105723,1.10363266873355,1,-5.83710343289226
157,442,3,1,716.725706996094,0.200437402252646,3,0.534789662955518,2.14439688474522,1.09115063775425,1,-5.83710343289226
158,21,1,1,719.84997623641,0.200484519717065,2,0.205919124189677,1.89986368127211,0.762691864656517,0,5.83710343289226
159,223,2,7,723.058968238731,0.200366579729234,3,0.281857551904977,1.85882934464098,0.839935241288913,1,-2.25979049988359
160,109,1,1,726.151121805378,0.200457302797076,1,0.569781257901923,2.24655047480337,1.12695610642368,1,5.83710343289226
161,231,2,7,729.342077476331,0.200330875812142,3,0.788106030098788,2.21601016332352,1.34611699412744,1,-2.25979049988359
162,410,3,1,732.28471298733,0.200477203341507,3,0.648541758366264,2.20919217838309,1.20510964029199,1,-5.83710343289226
163,445,3,1,735.35965112005,0.200381212482171,3,0.480461177548932,1.95813979078594,1.03840980605128,1,-5.83710343289226
164,164,1,2,738.352336206815,0.200434183047037,2,0.214884611961679,1.72531454565978,0.771435227241454,1,-5.83710343289226
165,307,2,3,741.378380458602,0.20042745198225,3,0.164197340818646,1.70746346494343,0.720974763769846,1,2.25979049988359
166,360,2,8,744.437112232044,0.200390870099,3,0.295808711287464,1.88891457750105,0.852055257959364,1,-2.25979049988359
167,408,3,1,747.544323779512,0.200370676899183,3,0.538861958119014,1.93347277371504,1.09692852661101,1,-5.83710343289226
168,64,1,2,750.456413711241,0.200477203341507,1,0.835232859777534,2.59740818825412,1.39257481433924,0,-5.83710343289226
169,67,1,1,753.733038883322,0.200352824940637,1,0.984623903128522,2.37661545593437,1.54043995420579,1,5.83710343289226
170,40,1,2,756.639552272876,0.20042189153537,1,0.14841620934385,1.7744823517296,0.704362491922438,0,-5.83710343289226
171,403,3,1,759.78066703112,0.200412819227495,3,1.10264671383447,2.72905028750392,1.65912884782847,1,-5.83710343289226
172,283,2,3,762.921302127719,0.200377993276561,2,0.234787497307479,1.81254389825881,0.792280169223886,0,2.25979049988359
173,238,2,6,766.014779958514,0.200411355952383,3,0.0200609190760588,1.7799099324784,0.576640507206321,1,-2.25979049988359
174,234,2,2,769.290181539787,0.200360141318015,3,0.0165089646106935,1.39275772375186,0.572223464379931,1,2.25979049988359
175,450,3,1,772.181668555268,0.200375066726338,3,0.301926665324572,1.91217158249128,0.859478746218883,1,-5.83710343289226
176,209,2,1,775.307431214354,0.200438280216986,3,0.654006798962655,2.33041751341625,1.20975466140953,1,2.25979049988359
177,309,2,5,778.498217730683,0.20037974920524,3,0.17123862157132,1.91567056639178,0.729195151758177,1,-2.25979049988359
178,226,2,2,781.757206338207,0.200470764930287,3,0.132835839240215,1.76035267275984,0.689896259635134,1,2.25979049988359
179,169,1,1,784.900391923657,0.200374188760179,1,0.900419140578379,2.39350428681246,1.45717929687999,1,5.83710343289226
180,4,1,2,787.907830629982,0.200204741478956,1,1.49362392420153,2.93788630467861,2.05172414802109,0,-5.83710343289226
181,139,1,1,790.867760006462,0.2003788712409,1,0.145959370112905,1.90582477219687,0.702562077991388,1,5.83710343289226
182,133,1,1,794.143214850958,0.200464033863682,1,0.110702044370555,1.87043955619447,0.666752512152016,1,5.83710343289226
183,102,1,2,797.418432352197,0.20039964974967,1,0.0160969062835647,1.4426021483232,0.572928177765789,0,-5.83710343289226
184,269,2,5,800.360455336155,0.200421598879984,3,0.260565432989097,2.03714173167646,0.816611803598789,1,-2.25979049988359
185,413,3,1,803.651396315825,0.20046257058857,3,0.597440087654832,2.25845041486718,1.15540042235989,1,-5.83710343289226
186,148,1,2,806.828121634468,0.200477788652279,2,0.734937044042454,2.36142958485107,1.29098721916853,1,-5.83710343289226
187,110,1,2,809.969382427586,0.200427744635817,2,0.619942042590992,2.38026691312189,1.17684003942668,1,-5.83710343289226
188,379,2,3,813.245528815987,0.200526662045377,3,0.116590556841402,1.76025199941978,0.67278647418425,1,2.25979049988359
189,191,1,1,816.405079379758,0.200421306224598,1,0.526816275836609,1.93630538204525,1.08311432979644,1,5.83710343289226
190,409,3,1,819.329439167548,0.200526662045377,3,0.357013419990835,2.1002803050178,0.913061839184593,1,-5.83710343289226
191,161,1,1,822.587370119685,0.200393503993837,3,0.46098234938836,1.93820763993426,1.01790434393661,0,5.83710343289226
192,50,1,2,825.580282014122,0.200469886965948,2,0.661114805066973,2.13747647053424,1.21701543345807,1,-5.83710343289226
193,271,2,7,828.571697563237,0.200413404538267,3,0.449538951217619,2.00990578848359,1.0067149703591,1,-2.25979049988359
194,189,1,1,831.647613749168,0.200418379674375,1,0.361502748615749,2.00584168765999,0.917302703664973,1,5.83710343289226
195,243,2,3,834.807376195204,0.200375652035291,3,0.483180528370212,1.92597231717264,1.03944492700066,1,2.25979049988359
196,260,2,4,837.765876537025,0.200504420261495,3,0.524558149390941,2.16746629784211,1.08065105215246,1,2.25979049988359
197,358,2,6,840.923803743175,0.200437694908032,3,0.888662016182934,2.46576579635075,1.44475550425705,1,-2.25979049988359
198,162,1,2,844.015907558462,0.20049446998928,2,0.366441302759995,1.90970157378069,0.922456066620725,1,-5.83710343289226
199,31,1,1,847.074096456767,0.200390577443613,1,0.552206443560863,2.17916196467559,1.1087711062828,1,5.83710343289226
200,35,1,1,850.215239309897,0.200434768357809,NaN,NaN,NaN,NaN,0,5.83710343289226
201,165,1,1,853.175241557487,0.200344337945353,1,0.298902367931078,1.74205324449213,0.85566603609368,1,5.83710343289226
202,221,2,5,856.133733119656,0.200457888107849,3,0.224831079500291,1.75151331931738,0.781783802829523,1,-2.25979049988359
203,184,1,2,859.176016215431,0.200418672329761,2,0.477074573193022,1.85335932890666,1.03372644711999,1,-5.83710343289226
204,111,1,1,862.068109904852,0.200515833810641,1,0.324812291044509,1.80130623659534,0.881411779717382,1,5.83710343289226
205,25,1,1,865.060115153914,0.200412819229314,1,0.624910447551883,2.20140404191625,1.18097701135957,1,5.83710343289226
206,304,2,8,868.15145104232,0.20053836824809,3,0.256210433037268,1.94999168859613,0.812488001141901,1,-2.25979049988359
207,258,2,2,871.360876466788,0.200320925539927,3,1.24610944362757,2.97260748635017,1.80249266021201,1,2.25979049988359
208,108,1,2,874.60272338946,0.200437402254465,2,0.879422310616064,2.32267268989926,1.43592551577603,1,-5.83710343289226
209,142,1,2,877.560339913,0.200432719771925,1,0.513507201656466,2.14125113550108,1.07147602335499,0,-5.83710343289226
210,219,2,3,880.702373315478,0.20037418875836,3,0.30599954580066,1.76697135960421,0.863224438335237,1,2.25979049988359
211,132,1,2,883.679076216742,0.200420428260259,2,0.921729404108191,2.59820245408991,1.47793673500018,1,-5.83710343289226
212,16,1,2,886.871008184977,0.200335558291044,2,0.272269879473242,1.98213809104709,0.828939605360574,1,-5.83710343289226
213,252,2,4,890.095455008382,0.200441499424414,3,0.204644904055385,1.98203449115317,0.761559874885279,1,2.25979049988359
214,256,2,8,893.387285952089,0.200391748063339,2,0.444546841197734,2.1221217374823,1.00203307470474,0,-2.25979049988359
215,192,1,2,896.580590765212,0.200451742350197,3,0.0863291456334991,1.49677669716402,0.642348884632156,0,-5.83710343289226
216,321,2,1,899.505919826561,0.200409307366499,2,0.0166026142287592,1.49310065695317,0.572565285490782,0,2.25979049988359
217,18,1,2,902.497457998146,0.200463741208296,2,0.220185765725546,1.76373254605096,0.777412121538873,1,-5.83710343289226
218,248,2,8,905.555976133395,0.20048334909734,3,0.112241995298973,1.68938265000179,0.668864018412933,1,-2.25979049988359
219,386,2,2,908.648333680618,0.200396430545879,3,0.36820864667061,2.04487865350529,0.924900906997209,1,2.25979049988359
220,213,2,5,911.839964214139,0.20033350970516,3,0.312104623013511,1.78926787068849,0.869569492699156,1,-2.25979049988359
221,150,1,2,914.831433026475,0.200472228205399,2,0.838915338401421,2.5499910447561,1.39624617207119,1,-5.83710343289226
222,381,2,5,918.056928140306,0.200413404538267,3,0.259261654695365,1.82025711503047,0.815816074489703,1,-2.25979049988359
223,424,3,1,921.132720825803,0.200552123036687,3,0.462771057116697,1.85667101356921,1.02002404453924,1,-5.83710343289226
224,245,2,5,924.042322604209,0.20038999213466,2,0.101632956704634,1.59465957192697,0.657611431341138,0,-2.25979049988359
225,273,2,1,927.050578403461,0.200421013569212,3,0.105322751705899,1.49871143976998,0.661844686788754,1,2.25979049988359
226,397,2,5,969.856927964713,0.200486568304768,NaN,NaN,NaN,NaN,0,-2.25979049988359
227,431,3,1,973.517614615428,0.200490665472898,3,0.318878124384355,1.96754133460126,0.879928018561259,1,-5.83710343289226
228,70,1,2,976.681889802492,0.200446474560522,2,0.882504846367738,2.25898421769853,1.43872242018733,1,-5.83710343289226
229,427,3,1,979.573967688541,0.200444133319252,3,0.335273538832553,1.87894030773168,0.891613735122519,1,-5.83710343289226
230,53,1,1,982.632677512853,0.200423062155096,1,0.365189031756017,2.10830958925362,0.921524838220648,1,5.83710343289226
231,38,1,2,985.89017943267,0.200433890393469,2,0.0850256599951535,1.76270386351462,0.642626906941587,1,-5.83710343289226
232,375,2,7,989.082924104008,0.200500908402319,3,0.269880936215486,1.93017396587311,0.82657524512797,1,-2.25979049988359
233,446,3,1,992.257690974986,0.200429500566315,3,0.450923209653411,2.19519068233058,1.00777467433363,1,-5.83710343289226
234,134,1,2,995.516608467331,0.20034697184019,2,0.560551209953701,2.3044938355124,1.11829556522207,1,-5.83710343289226
235,117,1,1,998.775074978226,0.200321803506085,1,0.159619630365341,1.65388359118151,0.716503287101659,1,5.83710343289226
236,348,2,4,1001.7838815543,0.200478666616618,3,0.232316317977165,1.89316012446034,0.789387273953253,1,2.25979049988359
237,237,2,5,1004.95968852137,0.200435061013195,3,0.110010500464341,1.63722742107711,0.66697931982344,1,-2.25979049988359
238,432,3,1,1008.00249576236,0.200419257638714,3,0.476308987554148,2.00261984809913,1.03201090315633,1,-5.83710343289226
239,194,1,2,1011.04453507647,0.20037331079584,2,0.190551514315302,1.60040614669197,0.746943217895023,1,-5.83710343289226
240,344,2,8,1013.96977751192,0.200449986419699,3,0.0735442166678695,1.68333142131996,0.629472354630707,1,-2.25979049988359
241,276,2,4,1017.09528175659,0.200438280218805,3,0.154396908157651,1.59746467067998,0.711034441988886,1,2.25979049988359
242,55,1,1,1020.05381780233,0.200421306224598,1,0.446324428034131,2.2228852160024,1.00251156572813,1,5.83710343289226
243,101,1,1,1023.34489545191,0.200384139032394,1,0.320346374823202,1.94783686938717,0.877990642062286,1,5.83710343289226
244,290,2,2,1026.48798533915,0.200479251927391,3,0.0752676623178559,1.48504122924533,0.632137271612009,1,2.25979049988359
245,270,2,6,1029.4134498998,0.200381797791124,3,0.359819689365395,2.11937487708383,0.916001266610692,1,-2.25979049988359
246,76,1,2,1032.68806365365,0.200544221350356,2,0.296373828208743,1.75692831589913,0.852626520636477,1,-5.83710343289226
247,317,2,5,1035.6634791653,0.200433305080878,3,0.0824772197302082,1.70955536331348,0.639220109382222,1,-2.25979049988359
248,294,2,6,1038.8062398156,0.200489202197787,3,0.732200719228786,2.1585011027255,1.28824533390798,1,-2.25979049988359
249,439,3,1,1041.74751126137,0.200353702906796,3,0.391351516187569,1.98520248218301,0.948158497298209,1,-5.83710343289226
250,332,2,4,1044.85660428822,0.200451449696629,3,0.214867345313905,1.70825304829486,0.771128817392309,1,2.25979049988359
251,44,1,2,1047.86508338328,0.200324144743718,2,0.334037363856623,2.02776184433606,0.890120609003134,1,-5.83710343289226
252,84,1,2,1051.07439291634,0.200469301655176,2,0.202417799046088,1.76230702325302,0.758507775261023,1,-5.83710343289226
253,20,1,2,1054.14949698448,0.200406380816275,2,0.0449927889803803,1.47143715876337,0.601797721503317,1,-5.83710343289226
254,227,2,3,1057.09048835935,0.200396137890493,3,0.111187851773138,1.52204277914643,0.668721788051698,1,2.25979049988359
255,98,1,2,1060.01646243246,0.200431841807585,1,0.440835975034133,1.88444983189947,0.998104180518567,0,-5.83710343289226
256,106,1,2,1062.97456154419,0.200472520860785,2,0.364102988827653,1.75835852117962,0.921537422387701,1,-5.83710343289226
257,62,1,2,1065.88364707907,0.200418087018988,2,0.163134710295708,1.65701763422294,0.719978273287779,1,-5.83710343289226
258,254,2,6,1068.89296463088,0.200446474560522,3,0.347458817579536,1.82392613152115,0.903275161312195,1,-2.25979049988359
259,138,1,2,1071.88394617254,0.20036775034896,2,0.157735517086621,1.76870914535357,0.715711947817908,1,-5.83710343289226
260,331,2,3,1075.00953587249,0.200484812372451,3,0.335896894110192,1.96330573791238,0.892981897528443,1,2.25979049988359
261,181,1,1,1078.15267551109,0.200377993276561,1,0.535768008821833,2.01216537820255,1.09238330086737,1,5.83710343289226
262,174,1,2,1081.14451131287,0.200523735495153,2,0.0975735383635765,1.72413192655949,0.654201414576164,1,-5.83710343289226
263,374,2,6,1084.28572381791,0.200456132177351,3,0.112337693502923,1.62304184499044,0.67028368811043,1,-2.25979049988359
264,372,2,4,1087.31126909282,0.200373896104793,3,0.0998717585534905,1.49357680673529,0.657678449348168,1,2.25979049988359
265,297,2,1,1090.21989340332,0.200423354810482,3,0.65898456888317,2.15294475374867,1.21569877834008,1,2.25979049988359
266,370,2,2,1093.22922763647,0.200478373961232,3,0.0794494104757177,1.63940067755539,0.635976906003634,1,2.25979049988359
267,155,1,1,1096.30499222708,0.200345215909692,1,0.262707082720226,1.93965540451973,0.81874057650748,1,5.83710343289226
268,135,1,1,1099.49751448057,0.200462863243956,NaN,NaN,NaN,NaN,0,5.83710343289226
269,293,2,5,1102.38895906107,0.200374774070951,2,0.234769645348933,1.9277741943788,0.791030824771951,0,-2.25979049988359
270,36,1,2,1105.59687818994,0.200535734353252,2,0.111476117006532,1.67193016547753,0.668290121839163,1,-5.83710343289226
271,69,1,1,1108.67305747277,0.200396137888674,1,0.165225730699603,1.69153571328206,0.722446818721437,1,5.83710343289226
272,34,1,2,1111.71496011697,0.200490372819331,2,0.0566114875309722,1.64981685646489,0.613116741275007,1,-5.83710343289226
273,33,1,1,1114.82386379599,0.200392333374111,1,0.276257304671162,2.05262962277993,0.832604232025915,1,5.83710343289226
274,362,2,2,1118.11553699862,0.200449693766132,3,0.332372741873769,1.80899106582729,0.889120021352937,1,2.25979049988359
275,274,2,2,1121.1074535732,0.200368920968685,3,0.794917283974428,2.30498812991209,1.35254223597804,1,2.25979049988359
276,193,1,1,1124.13274482352,0.200452620316355,1,0.160880095709217,1.68783743128552,0.717151810715222,1,5.83710343289226
277,82,1,2,1127.17504723453,0.20046257058857,2,0.0921017666987609,1.48531076455583,0.649645067942402,1,-5.83710343289226
278,136,1,2,1130.08361125809,0.20035897069647,2,0.0195268235911499,1.74625781974282,0.576658359164867,1,-5.83710343289226
279,80,1,2,1133.3256975726,0.200379456551673,2,0.0422052495305252,1.51896258463603,0.598486914806927,1,-5.83710343289226
280,63,1,1,1136.31749591454,0.200499152470002,1,0.165911128853622,1.94290416834338,0.72239472612091,1,5.83710343289226
281,280,2,8,1139.60966165563,0.200335850946431,3,0.425794090240743,2.20264050954756,0.98252234713982,1,-2.25979049988359
282,151,1,1,1142.90148703889,0.200467545724678,1,0.210456448245168,1.87083405521662,0.766894683980354,1,5.83710343289226
283,287,2,7,1146.07675932516,0.200380919826785,3,0.275299444658231,1.73584632331585,0.8325129236473,1,-2.25979049988359
284,323,2,3,1149.05290735243,0.20038443168778,2,0.898357093021332,2.5914348058177,1.45434932244643,0,2.25979049988359
285,143,1,1,1152.26149870998,0.20039643054406,1,0.159858436894865,1.70293023805789,0.716302233075112,1,5.83710343289226
286,51,1,1,1155.32025916361,0.200542465419858,2,0.215629419091783,1.89227630617825,0.771752465325335,0,5.83710343289226
287,336,2,8,1158.51244018131,0.200413989849039,2,0.13281857259426,1.87581972682347,0.688865821166473,0,-2.25979049988359
288,366,2,6,1161.77084464933,0.200482471133,3,0.647007367882907,2.07363142787653,1.20332824893921,1,-2.25979049988359
289,426,3,1,1164.71283309999,0.200431256496813,3,0.417086431574717,1.84367303171894,0.974276790813747,1,-5.83710343289226
290,160,1,2,1167.65518649151,0.200460522002686,2,0.256735456214301,1.73300405736882,0.812779485580904,1,-5.83710343289226
291,235,2,3,1170.64685460194,0.200331753776481,3,0.324006611661389,1.71738739803914,0.880677215514879,1,2.25979049988359
292,438,3,1,1173.55588131316,0.200467545724678,3,0.265386632452646,1.99235438654796,0.821807016229286,1,-5.83710343289226
293,77,1,1,1176.79799133273,0.200424818085594,1,0.406541191783617,2.16613120545844,0.963052298629918,1,5.83710343289226
294,319,2,7,1180.07282779708,0.200342582013036,3,0.282654451633789,1.65940745544685,0.839460262124703,1,-2.25979049988359
295,214,2,6,1182.96539939221,0.200401113026601,3,0.0771204615048191,1.48677462516753,0.633844328580381,1,-2.25979049988359
296,266,2,2,1185.890675483,0.200513492569371,NaN,NaN,NaN,NaN,0,2.25979049988359
297,215,2,7,1188.9835320071,0.200429793221701,3,0.524271054775454,1.90052713029581,1.08065866118523,1,-2.25979049988359
298,140,1,2,1191.87471056415,0.200475447411009,2,0.270251437523257,1.71341519090493,0.826445891590993,1,-5.83710343289226
299,154,1,2,1194.83306165189,0.200293708618119,2,0.932222843952331,2.45902243845012,1.48852821428954,1,-5.83710343289226
300,141,1,1,1197.87554814293,0.200470764928468,1,0.278409197329893,1.7049056597134,0.834497124955305,1,5.83710343289226
301,145,1,1,1200.81760566018,0.200392333374111,NaN,NaN,NaN,NaN,0,5.83710343289226
302,144,1,2,1203.79394566917,0.200368920968685,2,0.604202468135554,2.13017589739866,1.16002934744938,1,-5.83710343289226
303,29,1,1,1206.83571866718,0.200471057585673,3,1.24629030445431,2.67253566879845,1.80240749758741,0,5.83710343289226
304,131,1,1,1209.77774779689,0.200355458835475,3,0.696168442886119,2.12229440396732,1.25201229619415,0,5.83710343289226
305,433,3,1,1212.71882052987,0.200358385387517,3,0.199562948933817,1.90940599216992,0.756740138695022,1,-5.83710343289226
306,114,1,2,1215.94506688924,0.200510273363761,3,1.15446187758062,2.73111145709481,1.71034348339163,0,-5.83710343289226
307,65,1,1,1219.03814758712,0.200347264493757,1,0.128911920191968,1.59001396549866,0.685234264521569,1,5.83710343289226
308,367,2,7,1222.01398569268,0.200384139032394,3,0.250423471870818,1.72612432221104,0.806433553254465,1,-2.25979049988359
309,441,3,1,1225.00490870333,0.200488616888833,3,0.255077272642666,2.0150600294055,0.811322356035816,1,-5.83710343289226
310,324,2,4,1228.27998807138,0.200406966127048,3,0.101510919545035,1.84435433270119,0.657532707129576,1,2.25979049988359
311,5,1,1,1231.5386726103,0.200426281360706,1,0.511351504481354,1.95359339442439,1.06736509772236,1,5.83710343289226
312,187,1,1,1234.49653730533,0.200528417977694,1,0.388542612918172,2.13161371171009,0.944755796912432,1,5.83710343289226
313,19,1,1,1237.7561129789,0.200407258782434,1,0.289031698055624,1.83186381472296,0.845304876334922,1,5.83710343289226
314,326,2,6,1240.81479119647,0.200452035005583,3,0.393129980990125,2.06925916127329,0.948979980052172,1,-2.25979049988359
315,95,1,1,1244.00600645246,0.200278783209797,1,0.238321014505345,1.99821773068288,0.79450112847735,1,5.83710343289226
316,302,2,6,1247.28139983939,0.200486860958335,3,0.261683082664604,1.75477671589579,0.81797791741883,1,-2.25979049988359
317,8,1,2,1250.28930211133,0.2004537909379,2,0.537660901753043,1.91465797988349,1.09480063166848,1,-5.83710343289226
318,298,2,2,1253.18240546071,0.200336436259022,3,0.231309584569317,1.95758842865325,0.788041645986596,1,2.25979049988359
319,81,1,1,1256.42422223991,0.200402576301713,1,0.276697165227233,2.0197872865956,0.832809090568844,1,5.83710343289226
320,23,1,1,1259.68284093144,0.20044501128541,1,0.631321056647721,2.24127536734159,1.18800131811804,1,5.83710343289226
321,125,1,1,1262.80893897322,0.200370969554569,1,0.253211011322492,1.97908686938717,0.809560279918514,1,5.83710343289226
322,285,2,5,1266.05043149062,0.200410477988044,3,0.36546529813495,2.00942788276916,0.921316760472109,1,-2.25979049988359
323,91,1,1,1269.20989776974,0.200279953831341,3,0.226054377651963,1.81825974424282,0.781667033461417,0,5.83710343289226
324,284,2,4,1272.31748859816,0.200437402254465,3,0.0693051081179874,1.46269057697464,0.626243198696102,1,2.25979049988359
325,356,2,4,1275.22650770034,0.200445303940796,3,0.189958009852489,1.84963763450469,0.746121149830287,1,2.25979049988359
326,387,2,3,1278.40179900919,0.200325608020648,3,0.0902164828003151,1.85014392775884,0.646810703683514,1,2.25979049988359
327,72,1,2,1281.67734808861,0.200357507421359,2,0.323348723086383,1.96641197872304,0.879488158005188,1,-5.83710343289226
328,197,1,1,1284.83620418192,0.20044588924975,1,0.156060652176166,1.81569959777516,0.712694966801791,1,5.83710343289226
329,217,2,1,1288.01187535704,0.200398771785331,3,0.184835083020516,1.72800843548976,0.741009929201027,1,2.25979049988359
330,146,1,2,1291.07029867205,0.200425403396366,3,0.52134391886284,1.99762129966985,1.07751583849131,0,-5.83710343289226
331,124,1,2,1294.06285060076,0.200338484843087,2,0.214684728556676,1.75723501840366,0.770318748185673,1,-5.83710343289226
332,289,2,1,1297.12088000206,0.200502079022044,3,0.425345157378615,2.03508934173806,0.98145913130611,1,2.25979049988359
333,199,1,1,1300.24626103895,0.200358092732131,1,0.382438121014275,2.12545478596439,0.93823163765046,1,5.83710343289226
334,428,3,1,1303.50549664734,0.20034697184019,2,0.425175710097392,2.03444696388033,0.981355238760443,0,-5.83710343289226
335,206,2,6,1306.63113873255,0.200394381959995,2,0.0474630903427169,1.74076673284617,0.603484292618305,0,-2.25979049988359
336,73,1,1,1309.84048279891,0.200467838380064,3,0.336131896123334,1.97919222520795,0.89203925557922,0,5.83710343289226
337,296,2,8,1312.99850980043,0.200418379674375,3,0.271224222942692,2.01351861520379,0.827058418632078,1,-2.25979049988359
338,186,1,2,1316.25653557281,0.20046578979418,2,0.21555157284638,1.67548738773803,0.771719102649513,1,-5.83710343289226
339,195,1,1,1344.49453642268,0.200343459977375,1,0.0814268807189364,2.11729761146671,0.637310242458625,1,5.83710343289226
340,301,2,5,1348.04659829464,0.200388528859548,2,0.0197413397509081,1.75132484945789,0.577915312649566,0,-2.25979049988359
341,107,1,1,1351.29406565775,0.200598362536766,1,0.184123931223439,1.67776014693663,0.740349699384751,1,5.83710343289226
342,163,1,1,1354.30366591435,0.200442377388754,1,0.121286207284356,1.74815861435854,0.677362136053489,1,5.83710343289226
343,281,2,1,1357.44589949289,0.200413111882881,2,0.174291306504529,1.93386698007998,0.730074580214932,0,2.25979049988359
344,126,1,2,1360.72097710501,0.200441206769028,2,0.398798416852514,1.8426253266025,0.954938144424887,1,-5.83710343289226
345,430,3,1,1363.68005719651,0.200433012427311,3,0.594210931720227,2.18747922149123,1.15011331604001,1,-5.83710343289226
346,74,1,2,1366.78896994784,0.200363653177192,2,0.217462610389703,1.72648575121093,0.773211350800921,1,-5.83710343289226
347,115,1,1,1369.81379938847,0.200429500568134,1,0.410809273185805,1.83766189677954,0.966782187375429,1,5.83710343289226
348,97,1,1,1372.75622594375,0.200449986421518,1,0.428661817177272,2.19135163324972,0.986733360805374,1,5.83710343289226
349,57,1,1,1376.03434190071,0.201212060199396,1,0.290548529232183,1.72126771148396,0.850482822319464,1,5.83710343289226
350,202,2,2,1378.98059082374,0.200361604593127,3,0.443775109804847,2.08705756408017,1.00011559874838,1,2.25979049988359
351,325,2,5,1382.14025552299,0.200473691480511,3,0.332422200579458,1.77549435292713,0.888472668357281,1,-2.25979049988359
352,377,2,1,1385.09907837068,0.200436816943693,3,0.276047178336739,1.93645639205533,0.832283189425652,1,2.25979049988359
353,30,1,2,1388.27463453236,0.200439158183144,2,0.251700325901766,1.94512366432173,0.807637243517092,1,-5.83710343289226
354,47,1,1,1391.48359083077,0.200465204483407,1,0.317454357516908,1.72780504022376,0.873624813872084,1,5.83710343289226
355,99,1,1,1394.40943467237,0.200361897246694,1,0.0933271134381357,1.78629976306729,0.648950012173373,1,5.83710343289226
356,128,1,2,1397.61753407675,0.200432134462972,2,0.119313126868292,1.74603247534651,0.675448464615329,1,-5.83710343289226
357,435,3,1,1400.75953440921,0.200422184190757,3,0.501727542821754,2.02785724988462,1.05761090456144,1,-5.83710343289226
358,399,2,7,1403.80138554612,0.2003279492601,2,0.105824947790097,1.69814357188989,0.661497890541796,0,-2.25979049988359
359,247,2,7,1406.91000242318,0.200483641752726,3,0.109068443824071,1.48555337559992,0.665125935325705,1,-2.25979049988359
360,347,2,3,1409.80205865276,0.200430085877088,3,0.0163725873517251,1.39273255541775,0.572326771616645,1,2.25979049988359
361,71,1,1,1412.69401391633,0.200370969554569,1,0.235105613357518,1.64544722375649,0.790920201159679,1,5.83710343289226
362,104,1,2,1415.61996633296,0.200429793221701,2,0.266865418472662,1.95956326499982,0.822871695339927,1,-5.83710343289226
363,364,2,4,1418.82817460503,0.200437109599079,3,0.128958745001,1.65526814227269,0.684844447981959,1,2.25979049988359
364,318,2,6,1421.87051213465,0.200417501710035,3,0.2860671022936,1.84514333074185,0.842217658104346,1,-2.25979049988359
365,178,1,2,1424.94552635769,0.200461107313458,2,0.572435639300238,2.28207616523468,1.1284296246522,1,-5.83710343289226
366,230,2,6,1428.17093221172,0.200394089304609,3,0.348346733033395,1.82472273859457,0.904134396567315,1,-2.25979049988359
367,444,3,1,1431.16302672058,0.200495055300053,3,0.278465679755755,1.68857316610593,0.834483370168527,1,-5.83710343289226
368,94,1,2,1434.08863643813,0.200429793221701,2,0.500755342711273,2.22679391698875,1.05658631919505,1,-5.83710343289226
369,359,2,7,1437.33032591238,0.200441792079801,3,0.110476992629629,1.53692370365388,0.666349233479195,1,-2.25979049988359
370,123,1,1,1440.2724650804,0.200428915257362,1,0.216091814087122,1.84281701566761,0.772264319026363,1,5.83710343289226
371,278,2,6,1443.41473260693,0.200344923254306,3,0.102547503769529,1.61272370552797,0.658447839503424,1,-2.25979049988359
372,172,1,2,1446.44051229854,0.200421013569212,2,0.148752177354254,1.84283662355665,0.704972970379458,1,-5.83710343289226
373,90,1,2,1449.64983909825,0.200428037291204,1,0.569799109860469,2.32944004551246,1.12565086485301,0,-5.83710343289226
374,250,2,2,1452.92496938828,0.200379163896287,3,0.152701850049198,1.86256274524385,0.7086542783818,1,2.25979049988359
375,118,1,2,1456.15025057126,0.200401698337373,2,0.269566039369238,1.81310784456036,0.825680598609324,1,-5.83710343289226
376,329,2,1,1459.20904380227,0.200499445127207,2,0.146354161788622,1.7064716569439,0.702648118580328,0,2.25979049988359
377,2,1,2,1462.28432200017,0.200389992132841,2,0.229754708234395,1.82289276650408,0.785647434937346,1,-5.83710343289226
378,157,1,1,1465.39315105215,0.20045788810603,1,0.277820375347801,1.73813898305889,0.833980296119989,1,5.83710343289226
379,204,2,4,1468.36965758187,0.200495640610825,3,0.107956354593625,1.48958147985104,0.6689965911537,1,2.25979049988359
380,423,3,1,1471.2668815145,0.200383846377008,3,0.298163413903239,2.00851333570427,0.854270656764129,1,-5.83710343289226
381,167,1,1,1474.49311177785,0.200342289359469,1,0.223303420083539,1.98235904561625,0.779531236830735,1,5.83710343289226
382,185,1,1,1477.76771792266,0.200456132177351,1,0.506709702569424,1.8997401808374,1.06273851387414,1,5.83710343289226
383,183,1,1,1480.67666912887,0.200457595452463,1,0.17865947593782,1.83875174422246,0.735013719669951,1,5.83710343289226
384,24,1,2,1483.85252760323,0.200369213624072,2,0.166291580431789,1.75856250175639,0.722091535479194,1,-5.83710343289226
385,363,2,3,1486.96118574465,0.200406966127048,3,0.624338014253226,2.2501562778034,1.18049354520008,1,2.25979049988359
386,66,1,2,1490.10326450867,0.200431549152199,2,0.339628538784382,1.73196132739031,0.895887376967949,1,-5.83710343289226
387,54,1,2,1493.01160026128,0.200439158183144,2,0.0194969727763237,1.67903583034422,0.575459644038347,1,-5.83710343289226
388,15,1,1,1496.18738176735,0.200388528857729,1,0.271492294978088,1.64762399209758,0.82742804197369,1,5.83710343289226
389,345,2,1,1499.07942687604,0.200529003288466,2,0.118153920171608,1.8116908087577,0.674239213905821,0,2.25979049988359
390,87,1,1,1502.28831030333,0.200436231632921,1,0.331973267715512,2.07499461514635,0.88788530965212,1,5.83710343289226
391,353,2,1,1505.54733578539,0.200466375104952,3,0.133657029340611,1.75962805882955,0.689982300222255,1,2.25979049988359
392,225,2,1,1508.68889801322,0.200397601165605,2,0.0455538087298919,1.53845985006774,0.601446242777456,0,2.25979049988359
393,351,2,7,1511.69779648299,0.200439158183144,3,0.016574811997998,1.44289421807116,0.572580210899105,1,-2.25979049988359
394,330,2,2,1514.63976005797,0.20034784980453,3,0.140264009984094,1.68331825184214,0.696040552626073,1,2.25979049988359
395,190,1,2,1517.69851524382,0.200411063296997,3,0.883588840710217,2.57666333430097,1.43957024189694,0,-5.83710343289226
396,78,1,2,1520.90752129358,0.200398479129944,2,0.0811383228283376,1.62375211882318,0.636964616833211,1,-5.83710343289226
397,389,2,5,1523.96593290239,0.200556220208455,3,0.226657247076218,1.83709795047798,0.782792584823255,1,-2.25979049988359
398,295,2,7,1527.09180179526,0.200409892677271,3,0.0380050641033449,1.64730938790672,0.593874963709823,1,-2.25979049988359
399,244,2,4,1530.21692471039,0.200509980708375,3,0.253748911323783,1.73032187374156,0.809838594881512,1,2.25979049988359
400,43,1,1,1533.20890449846,0.200407844091387,1,0.658647137599473,2.2021055360965,1.21469409351812,1,5.83710343289226
401,1,1,1,1536.26799653028,0.200482471131181,3,0.653409197328074,2.06318510549681,1.20937391717598,0,5.83710343289226
402,384,2,8,1539.1937373573,0.200380334516012,3,0.100623296746562,1.59349012230632,0.656796972307347,1,-2.25979049988359
403,400,2,8,1542.20235341493,0.20049125078549,3,0.0429360092148272,1.75287416534775,0.598942286082092,1,-2.25979049988359
404,396,2,4,1545.42783389601,0.200401405680168,3,0.0343424860238883,1.52699625869718,0.590190729155438,1,2.25979049988359
405,228,2,4,1548.43590707851,0.200348727770688,3,0.0172964993762434,1.50908986617469,0.573087089464025,1,2.25979049988359
406,383,2,7,1551.44320413978,0.200533978422754,3,0.0931395215447992,1.71963176969621,0.650034299173058,1,-2.25979049988359
407,229,2,5,1554.58536601783,0.200388821513116,3,0.128684234554385,1.50567984941154,0.685167831823492,1,-2.25979049988359
408,198,1,2,1557.47801311797,0.200373603449407,2,0.655185613544745,2.16498458293063,1.2111526746321,1,-5.83710343289226
409,239,2,7,1560.5037158413,0.200412819229314,3,0.0381926559966814,1.74726806501167,0.594244001742481,1,-2.25979049988359
410,429,3,1,1563.72884484365,0.200327363951146,3,0.271288899710271,1.91424006845773,0.827235474944246,1,-5.83710343289226
411,315,2,3,1566.88773664088,0.200468423690836,3,0.134805115141717,1.56324597774983,0.692590734775877,1,2.25979049988359
412,3,1,1,1569.83112661663,0.200473691480511,1,0.313556777422491,1.90793774173289,0.870436629644246,1,5.83710343289226
413,60,1,2,1572.94061180126,0.200386187616459,3,0.220474908925098,1.61446792968673,0.777445191559309,0,-5.83710343289226
414,437,3,1,1575.84991038902,0.200488324233447,3,0.358673652146535,1.98498884398941,0.915515166556361,1,-5.83710343289226
415,337,2,1,1578.99165991609,0.200338192187701,3,0.116000856893152,1.64327484524438,0.673070642249513,1,2.25979049988359
416,28,1,2,1582.03526522743,0.200373018140453,2,0.517501357919173,2.06387138161153,1.07578332053345,1,-5.83710343289226
417,220,2,4,1585.09753607852,0.200311267921279,3,0.0934421268757433,1.55313474541435,0.649207255972215,1,2.25979049988359
418,42,1,2,1588.07348510035,0.200407844091387,2,0.273465668049539,1.83352814405225,0.829468725709376,1,-5.83710343289226
419,394,2,2,1591.14999420543,0.200273808075508,3,0.588964797108929,2.14895323137898,1.14446770727045,1,2.25979049988359
420,152,1,2,1594.22462622096,0.200372725485067,2,0.998771141401448,2.65829361028591,1.5546331393216,1,-5.83710343289226
421,92,1,2,1597.39972291419,0.200448523144587,2,0.918580143003055,2.59510791948014,1.47460514979321,1,-5.83710343289226
422,405,3,1,1600.59182491501,0.200307756060283,3,0.177829506186754,1.57087666579355,0.733555712158704,1,-5.83710343289226
423,85,1,1,1603.50046854075,0.200483056441954,1,0.369709381819121,2.06256614004451,0.925772433765815,1,5.83710343289226
424,168,1,2,1606.70904204634,0.200391455407953,2,0.0371159780297603,1.4136486125808,0.592885789606953,1,-5.83710343289226
425,338,2,2,1609.60131015817,0.20028170976002,3,0.631354419325362,2.27356107359992,1.18722987937872,1,2.25979049988359
426,310,2,6,1612.75910976672,0.200436231632921,3,0.357285881851567,1.88362220338786,0.914035502570187,1,-2.25979049988359
427,406,3,1,1615.80116839606,0.200459644038347,3,0.347392677535026,1.87377494591783,0.903510455980722,1,-5.83710343289226
428,395,2,3,1618.8431802006,0.200412819229314,3,0.366392722018645,1.9594175227794,0.922169849973216,1,2.25979049988359
429,241,2,1,1621.95202915313,0.200410185332657,3,0.390216307207083,1.86652822131327,0.947047286033921,1,2.25979049988359
430,412,3,1,1624.94426823358,0.200337606878747,3,0.294481813243692,1.95442043762523,0.850398245007455,1,-5.83710343289226
431,130,1,2,1628.12018114178,0.200421598879984,2,0.438729151253938,1.89853210074943,0.994717868816224,1,-5.83710343289226
432,312,2,8,1631.09546934848,0.200427744637636,3,0.0451198012760869,1.77125085455191,0.601019844354596,1,-2.25979049988359
433,39,1,1,1634.33762151038,0.200335558291044,3,0.161427945982723,1.72104617160221,0.717461732423544,0,5.83710343289226
434,240,2,8,1637.41286810154,0.200494469991099,3,0.249057650706163,1.72569646051306,0.804862873545062,1,-2.25979049988359
435,45,1,1,1640.40500065555,0.200462863243956,1,0.311119253425204,1.83763760640795,0.867230593457862,1,5.83710343289226
436,333,2,5,1643.44684915856,0.200371262209956,3,0.390870391267526,2.0838395290375,0.946641080810878,1,-2.25979049988359
437,129,1,1,1646.65571180734,0.200431549152199,2,0.348389168017093,2.07473707869394,0.904440513761074,0,5.83710343289226
438,9,1,1,1649.89767696266,0.200380627171398,1,0.385117378091309,1.96091855058512,0.940838901584357,1,5.83710343289226
439,121,1,1,1652.9888237959,0.200492128749829,2,0.420746961070108,2.01403076155839,0.977187830700132,0,5.83710343289226
440,13,1,1,1656.09773127944,0.200458473416802,1,0.545020883864709,1.92103112913173,1.10107105898896,1,5.83710343289226
441,253,2,5,1658.98923322033,0.200332631740821,3,0.0738160932196479,1.71733530543861,0.630618391847747,1,-2.25979049988359
442,268,2,4,1662.14845805902,0.200474862102055,3,0.0274928943345003,1.45438239246687,0.583835724521123,1,2.25979049988359
443,392,2,8,1665.09054659771,0.200381505135738,3,0.414108373681302,1.82384213951809,0.970528464800736,1,-2.25979049988359
444,222,2,6,1668.01565382652,0.200418672329761,3,0.192191845928392,1.61886097479874,0.748364350867632,1,-2.25979049988359
445,177,1,1,1670.95860950216,0.200424232774822,1,0.263701817269975,1.95601013991291,0.819712483962576,1,5.83710343289226
446,27,1,1,1674.16660706259,0.200380041860626,1,0.182764548468185,1.87593093574651,0.738589671851514,1,5.83710343289226
447,346,2,2,1677.37586684429,0.200467253069291,3,0.901597662505083,2.59468913008823,1.45779475047129,1,2.25979049988359
448,188,1,2,1680.58477309868,0.2003788712409,2,0.6905717075133,2.23380739551067,1.24638219814369,1,-5.83710343289226
449,203,2,3,1683.64362954318,0.200346971838371,3,0.557610611907876,1.95086380067551,1.11372780503916,1,2.25979049988359
450,200,1,2,1686.55263108606,0.200435061013195,2,0.302328188066895,1.9457958929961,0.858362852473874,1,-5.83710343289226
