PresOrder,TrialNumber,Illusory_Fragmented,Fat_Thin,StimPresTime,StimPresLength,Response,RespScreenOnset_to_Resp,ExpStartOnset_to_Resp,StimOnset_to_Resp,Accuracy,StepLevel
1,212,2,4,29.7948007928553,0.198607793163319,NaN,NaN,NaN,NaN,0,4.96675555296816
2,173,1,1,32.7987144357612,0.198191641198719,2,0.983395185454356,2.65569278034855,1.53444535459312,0,4.87329900902403
3,234,2,2,35.9808277444008,0.198227344813859,3,0.508304455841426,2.08161729178755,1.0592867295818,1,4.96675555296816
4,120,1,2,41.3547195056744,0.198346161758309,2,0.709376676350075,2.47548961507709,1.26035953539576,1,-4.87329900902403
5,362,2,2,44.6344122555874,0.199002874142025,1,0.404135649150703,2.04407464864926,0.95743865782606,0,4.96675555296816
6,314,2,2,47.7859056177876,0.198643496778459,3,0.19484106184791,1.71643018875329,0.746768018107105,1,4.96675555296816
7,167,1,1,50.8154951345041,0.199010775761053,2,0.669303173730441,2.19101872654574,1.22005834907031,0,4.87329900902403
8,329,2,1,53.8467074097589,0.198213297489929,3,0.513389001705946,1.90354346666209,1.06436337382911,1,4.96675555296816
9,206,2,6,56.7453190952001,0.198214175446992,3,0.38332717299636,2.12476306115786,0.934279596174747,1,-4.96675555296816
10,213,2,5,59.9944431128752,0.19859872093366,3,0.619924489781624,2.01255216166464,1.17147304625905,1,-4.96675555296816
11,121,1,1,62.894818322744,0.198294947558679,1,0.77825567943546,2.30341341185886,1.32930877509898,1,4.87329900902403
12,275,2,3,65.9281438422531,0.198304019788338,3,0.426721111751249,2.10180329591276,0.977797326970176,1,4.96675555296816
13,249,2,1,69.1111084772383,0.198216516668253,3,0.325470343905181,1.75082389016643,0.876363651263091,1,4.96675555296816
14,195,1,1,72.045303204166,0.198232319908129,1,1.02028638395859,2.74458190336009,1.57107931148312,1,4.87329900902403
15,182,1,2,75.277803384879,0.198195153028792,2,0.336329510411815,1.72801454834371,0.887257058120667,1,-4.87329900902403
16,278,2,6,78.1782637566466,0.198318945069332,3,0.414347175506919,1.95548490922374,0.965246335917982,1,-4.96675555296816
17,93,1,1,81.2273205227593,0.198233490516941,1,1.1332584728043,2.85869767847544,1.68438531691754,1,4.87329900902403
18,332,2,4,84.4613381070831,0.198485464385158,3,0.438624755306591,1.89663247606586,0.989501966771059,1,4.96675555296816
19,154,1,2,87.4270977556189,0.19833708952865,2,1.3802982188281,2.93933985187687,1.93191554866098,1,-4.87329900902403
20,291,2,3,90.4935773002271,0.198390059644225,3,0.418727013970056,1.94427719349733,0.969808789584931,1,4.96675555296816
21,438,3,1,93.5271111883721,0.19823612438995,3,1.32617153947831,2.93473818276107,1.87715117934567,1,-4.87329900902403
22,255,2,7,96.6434613659094,0.198267438214316,3,0.42563683395565,1.83428372257549,0.976543018025041,1,-4.96675555296816
23,87,1,1,99.5599190054727,0.198477270114381,2,1.34403827193455,3.06963024224933,1.89514843485085,0,4.87329900902403
24,410,3,1,102.793571944685,0.198405277580605,3,0.903366119202474,2.41190411179923,1.45435044151054,1,-4.87329900902403
25,227,2,3,105.80959964835,0.198591404618128,3,0.342652561981595,1.86798061820446,0.893116255358109,1,4.96675555296816
26,129,1,1,108.842510479157,0.198492195395374,1,0.603341038875442,2.17971706934259,1.15476726657653,1,4.87329900902403
27,100,1,2,111.926396999024,0.19840586288592,2,1.00704502547705,2.3991146088938,1.55788009497155,1,-4.87329900902403
28,137,1,1,114.826211779207,0.198214760752307,1,1.24731542475274,2.93925878711343,1.79810747431839,1,4.87329900902403
29,395,2,3,118.02689125996,0.198314262628628,3,0.334145151580742,2.04273605576236,0.88578062587294,1,4.96675555296816
30,294,2,6,121.244361682297,0.198728658675464,3,0.351738546529305,2.00885186248524,0.902604637196418,1,-4.96675555296816
31,18,1,2,124.410210823989,0.198827575248288,2,1.45116784473794,3.05901748921133,2.00189580339247,1,-4.87329900902403
32,232,2,8,127.526205135995,0.198427811828878,3,0.371136729918362,2.06291093909022,0.922222310018697,1,-4.96675555296816
33,344,2,8,130.72777428058,0.198765532901234,3,0.257431253714458,1.99745889767655,0.808221547365974,1,-4.96675555296816
34,325,2,5,133.975594238373,0.198225003592597,3,0.263932823358118,2.00584749113477,0.814838422122193,1,-4.96675555296816
35,133,1,1,137.225205815241,0.198237587652329,1,0.824213840065568,2.29980149375842,1.3751612881515,1,4.87329900902403
36,355,2,3,140.208881361865,0.198401473096965,3,0.367252644920882,1.89249436863247,0.918338517672964,1,4.96675555296816
37,89,1,1,143.24161338195,0.198607500511571,1,0.38081182409951,2.12334194024515,0.931684060473344,1,4.87329900902403
38,46,1,2,146.491966833099,0.198313969975061,2,0.307372123261302,1.84931699278422,0.858443948691274,1,-4.87329900902403
39,354,2,2,149.541639340232,0.198520582694982,3,0.32799739890288,1.70358917899648,0.878771304009206,1,4.96675555296816
40,335,2,7,152.424978073006,0.198390937603108,3,0.317668226212845,1.85986097246678,0.868548071550322,1,-4.96675555296816
41,276,2,4,155.476473513039,0.198215931362938,3,0.257411353339194,1.86443308367234,0.808356460202049,1,4.96675555296816
42,398,2,6,158.591150888449,0.198336796876902,3,0.180793738170905,1.58974498547104,0.731743527476283,1,-4.96675555296816
43,221,2,5,161.508508727338,0.198476684809066,3,0.266724728939153,2.00839210528829,0.817605159581944,1,-4.96675555296816
44,285,2,5,164.758105671577,0.198452979948343,3,0.23236380461276,1.79095036290528,0.783329397156194,1,-4.96675555296816
45,166,1,2,167.823931137678,0.198347917674255,1,0.601632533134762,2.06093963133389,1.15275674337499,0,-4.87329900902403
46,225,2,1,170.791298912123,0.199260408408009,3,0.250343793613865,1.72567888813137,0.801118576677254,1,4.96675555296816
47,307,2,3,173.774480168544,0.198179642442483,3,0.276361778285718,1.91828437694858,0.82738004829298,1,4.96675555296816
48,127,1,1,176.923984371182,0.198240221525339,NaN,NaN,NaN,NaN,0,4.87329900902403
49,146,1,2,180.174308849726,0.198345283801245,2,0.670121430332074,2.27854174732965,1.22111892200883,1,-4.87329900902403
50,161,1,1,183.290399151776,0.198473758282489,1,0.297171425052511,1.70626402354537,0.848138773510072,1,4.87329900902403
51,20,1,2,186.207065452627,0.198366940092455,2,0.344660158658371,2.05352235177997,0.895531517073323,1,-4.87329900902403
52,448,3,1,189.423801316996,0.198333870350325,3,0.682603648032455,2.32460526288742,1.23375331904572,1,-4.87329900902403
53,369,2,1,192.573899897016,0.198240514178906,3,0.344342630613028,2.10283050645558,0.895401871981448,1,4.96675555296816
54,70,1,2,195.84025734697,0.198184324883186,2,1.04083674053982,2.71602427962898,1.59176662946993,1,-4.87329900902403
55,416,3,1,199.02383245523,0.198363135608815,3,0.515036050408526,1.95657767394368,1.06597003647403,1,-4.87329900902403
56,382,2,6,201.973557669093,0.198529654924641,3,0.228337197810106,1.68691734701133,0.77916612160152,1,-4.96675555296816
57,135,1,1,204.939717959007,0.198716074615731,NaN,NaN,NaN,NaN,0,4.87329900902403
58,417,3,1,208.107864130774,0.198189299977457,3,0.491787437067615,2.23247120810811,1.04289438080741,1,-4.87329900902403
59,64,1,2,211.35690649838,0.199128129443125,2,0.478419360022599,1.90331666091515,1.02906830247775,1,-4.87329900902403
60,262,2,6,214.289577968646,0.198215053405875,3,0.192246989408886,1.85086249104097,0.743341641740699,1,-4.96675555296816
61,444,3,1,217.456243903682,0.198322749552972,3,0.510938329029159,2.23613902285069,1.06188489915621,1,-4.87329900902403
62,297,2,1,220.689810510383,0.198378646195124,3,0.227823007233383,1.58616116201847,0.77890829468015,1,4.96675555296816
63,311,2,7,223.556008581745,0.198534630017093,3,0.302280261081251,1.74440397059334,0.853198443906876,1,-4.96675555296816
64,447,3,1,226.506092002361,0.198629156800962,3,0.459351288740436,1.81792502884855,1.01014333830608,1,-4.87329900902403
65,299,2,3,229.372194668982,0.198451809337712,3,0.164880754318801,1.62392563580943,0.715687729163619,1,4.96675555296816
66,440,3,1,232.33891890041,0.198235831738202,3,0.506168384683406,2.06498847973126,1.05707252018692,1,-4.87329900902403
67,386,2,2,235.406237187304,0.198402643705776,3,0.206574966907283,1.59786375325166,0.75723122567797,1,4.96675555296816
68,413,3,1,238.30545232236,0.19828967981266,1,0.327773227028956,1.78639464024309,0.878701067391376,0,-4.87329900902403
69,181,1,1,241.27230619888,0.198893422077163,1,1.14313140012746,2.85164914116649,1.69384853063457,1,4.87329900902403
70,308,2,4,244.488377741898,0.198675103254573,3,0.255097642069813,1.74748413896305,0.805958464989089,1,4.96675555296816
71,86,1,2,247.488703171564,0.198533459408281,2,0.617506301541653,2.05937891514259,1.16845140840633,1,-4.87329900902403
72,94,1,2,250.438464089042,0.198455613823171,1,0.568088402147623,2.09345684442633,1.11923690255389,0,-4.87329900902403
73,138,1,2,253.471643574916,0.198639692294819,1,1.00785245393672,2.71622123481211,1.55808056198839,0,-4.87329900902403
74,348,2,4,256.688293106774,0.198219735844759,3,0.351663042163636,1.84349935221326,0.902634487760224,1,4.96675555296816
75,1,1,1,259.687988455442,0.198326554034793,1,0.480488413737476,2.15591358671736,1.0315327298249,1,4.87329900902403
76,411,3,1,262.871175506385,0.198501852930349,3,0.403529858318507,2.1324966981465,0.957775208287785,1,-4.87329900902403
77,436,3,1,266.1076683462,0.19861013438458,3,0.325638033831638,1.84794913464066,0.876304828096181,1,-4.87329900902403
78,61,1,1,269.137686013637,0.19846468605283,1,0.874597492962494,2.25012167030764,1.4254161739118,1,4.87329900902403
79,235,2,3,272.021211751406,0.198968341135696,3,0.230990678723174,1.60629800050992,0.781663033383666,1,4.96675555296816
80,107,1,1,274.904259587518,0.198227344813859,1,1.0608913436572,2.41949669024507,1.61179021141652,1,4.87329900902403
81,358,2,6,277.771269184474,0.198248415799753,3,0.129683721581387,1.50445548915377,0.68059956318757,1,-4.96675555296816
82,123,1,1,280.653834436487,0.198417861640337,1,0.638836284588251,2.39778274701894,1.18995230055771,1,4.87329900902403
83,292,2,4,283.920746463074,0.198855084589013,3,0.140021088544017,1.49873442393255,0.690791774472018,1,4.96675555296816
84,359,2,7,286.787249478421,0.198472587673677,3,0.34092298525502,1.81627124913757,0.891863994984305,1,-4.96675555296816
85,168,1,2,289.770043848135,0.198516778211342,1,1.20479271271688,2.89727484847208,1.75573021061427,0,-4.87329900902403
86,450,3,1,292.970855607853,0.198208322395658,3,0.444646374722652,1.95271114810203,0.995471201376859,1,-4.87329900902403
87,203,2,3,295.986566368776,0.198268901478514,3,0.159389421369269,1.58497035868459,0.710370817154399,1,4.96675555296816
88,194,1,2,298.919711643564,0.198322456901224,2,0.74072649831578,2.29973886610424,1.29171140592916,1,-4.87329900902403
89,152,1,2,301.986909942902,0.19836898866015,2,0.659864542827563,2.36836706593203,1.2108485724857,1,-4.87329900902403
90,171,1,1,305.203364568144,0.198867375996997,1,0.646734392325016,2.07206013659197,1.19742401348958,1,4.87329900902403
91,75,1,1,308.136393074552,0.198609256425698,1,0.316695449047984,1.85887795246344,0.867618899621448,1,4.87329900902403
92,279,2,7,311.186427300272,0.198439810585114,3,0.214026779465712,1.67274330476721,0.765158013369728,1,-4.96675555296816
93,98,1,2,314.152939651234,0.198218565235948,2,0.972974705158776,2.69826641393229,1.52384079582771,1,-4.87329900902403
94,202,2,2,317.386338860662,0.198259829248855,3,0.176988376717418,1.76869471975806,0.727893682831564,1,4.96675555296816
95,422,3,1,320.485874391759,0.19835874581986,3,0.362225751612641,1.82108362810686,0.913259532208031,1,-4.87329900902403
96,387,2,3,323.452357184811,0.198334748307389,3,0.152395610093663,1.89479900767401,0.703629857702254,1,4.96675555296816
97,435,3,1,326.702255561204,0.198289972464408,3,0.492567356184736,2.08486251620889,1.04366464238956,1,-4.87329900902403
98,6,1,2,329.802550525736,0.198537849195418,2,0.711956408813421,2.32052510066569,1.26266066260541,1,-4.87329900902403
99,15,1,1,332.918872608627,0.19820949300447,1,0.502578708179499,2.02789535094962,1.05340499809608,1,4.87329900902403
100,7,1,1,335.952090724641,0.19823495377932,1,0.730730656907326,2.32274399250127,1.2816886404853,1,4.87329900902403
101,254,2,6,339.052008752653,0.198339430749911,2,0.0141760908118158,1.62287296449176,0.565157486593307,0,-4.96675555296816
102,260,2,4,342.169042566611,0.198599891542472,3,0.420012051432423,2.1617408848233,0.970830732383547,1,4.96675555296816
103,151,1,1,345.418777642866,0.19890278695857,2,1.24803944722589,2.83988977533227,1.79869190151294,0,4.87329900902403
104,256,2,8,348.518777320947,0.198354356032723,3,0.158763144856493,1.88374786107488,0.709670206886585,1,-4.96675555296816
105,42,1,2,351.75172262623,0.19841230124257,2,1.32960406154962,2.75496785065116,1.88055941125276,1,-4.87329900902403
106,204,2,4,354.685000765287,0.198266267605504,3,0.0866558912002802,1.66174337237135,0.637868775169409,1,4.96675555296816
107,65,1,1,357.767850417074,0.198219150539444,1,0.554984005073493,1.93052866809921,1.10592501480096,1,4.87329900902403
108,88,1,2,360.651255581983,0.198345576452994,2,0.351937842933694,1.727356665353,0.902926555030717,1,-4.87329900902403
109,62,1,2,363.534231425561,0.198379231500439,1,0.806456559676008,2.33229324607601,1.35744468646772,0,-4.87329900902403
110,172,1,2,366.568446608902,0.198690321189133,1,0.689979956223397,2.09812845750821,1.24072664464074,0,-4.87329900902403
111,21,1,1,369.484519702981,0.1983116287538,2,1.02081988960526,2.44606925154949,1.57168890679895,0,4.87329900902403
112,106,1,2,372.418084934216,0.198816161797367,2,1.43387354072365,3.19217089974154,1.98450609463725,1,-4.87329900902403
113,431,3,1,375.684257427742,0.198205688522648,3,0.437000826159419,2.06220096393918,0.987882134761094,1,-4.87329900902403
114,406,3,1,400.683603349233,0.198389181687162,3,0.438022768954397,1.84642646328575,0.989028162250179,1,-4.87329900902403
115,242,2,2,403.600288087197,0.198426348564681,3,0.285377818865527,1.79379699451601,0.836417745165818,1,4.96675555296816
116,160,1,2,406.616475286515,0.19832684668836,2,0.682805285656286,2.24144422875906,1.23388442739997,1,-4.87329900902403
117,122,1,2,409.683098230886,0.198331529130883,1,0.351764885261218,1.9270624909841,0.902810371959276,0,-4.87329900902403
118,185,1,1,412.766144252553,0.198268316175017,1,0.738391130753371,2.16396797093148,1.28933477435567,1,4.87329900902403
119,58,1,2,415.699514869824,0.198229686033301,2,0.297320385212515,1.82257322972328,0.848380504538,1,-4.87329900902403
120,400,2,8,418.732591341992,0.198353770725589,3,0.179094012006317,1.62115450856072,0.73005726332849,1,-4.96675555296816
121,85,1,1,421.682792994248,0.198435128142592,1,0.575988851107468,1.95115891883688,1.1270317039307,1,4.87329900902403
122,360,2,8,424.566020811695,0.198711392175028,3,0.173806950557264,1.91578892842699,0.724561540593641,1,-4.96675555296816
123,277,2,5,427.816026884237,0.198444200372251,2,0.0605190895821579,1.58562209597221,0.611492583744621,0,-4.96675555296816
124,200,1,2,430.848925130984,0.198791871633148,2,0.505906753280215,2.26469693923536,1.05683459364082,1,-4.87329900902403
125,136,1,2,434.115422761522,0.198269779437396,1,0.586160869364903,2.07835304494802,1.13728449430164,0,-4.87329900902403
126,391,2,7,437.11556323476,0.198231441949247,3,0.157689402552933,1.56601642190617,0.708489061085857,1,-4.96675555296816
127,34,1,2,440.032033751037,0.198828160551784,2,0.760919818754701,2.16959597263303,1.31155208001292,1,-4.87329900902403
128,35,1,1,442.948570699449,0.198565358539781,1,0.250124011528897,1.70889818938667,0.801040731093963,1,4.87329900902403
129,379,2,3,445.915617726669,0.198818210366881,3,0.20567886471872,1.61400968855742,0.75642028539005,1,4.96675555296816
130,247,2,7,448.831773641426,0.198519412084352,3,0.393614496369992,1.78559833258259,0.944563407716487,1,-4.96675555296816
131,377,2,1,451.731728602195,0.198596087058831,3,0.254886932212685,2.0135574232645,0.805821503583502,1,4.96675555296816
132,157,1,1,454.998484644959,0.198231441949247,1,0.352431547829838,2.01070727982005,0.903349145351967,1,4.87329900902403
133,95,1,1,458.164516987166,0.198337674833965,1,0.116200632071923,1.72506987811903,0.66735498552589,1,4.87329900902403
134,201,2,1,461.281073192116,0.198382158025197,3,0.185293856842691,1.74423423209919,0.736409872810327,1,4.96675555296816
135,366,2,6,464.347929673246,0.198634131895233,NaN,NaN,NaN,NaN,0,-4.96675555296816
136,443,3,1,467.264956814723,0.198667201635544,3,0.421359131241843,1.89625319832703,0.972186591770878,1,-4.87329900902403
137,243,2,3,470.247514428504,0.198588185439803,3,0.183582131921867,1.62582582899086,0.734428907519032,1,4.96675555296816
138,207,2,7,473.197754710902,0.19822734481204,3,0.122117481863825,1.54728373047692,0.673139263702978,1,-4.96675555296816
139,74,1,2,476.130700396632,0.198325676077729,2,0.704332809193147,2.24625104733059,1.25498555613194,1,-4.87329900902403
140,30,1,2,479.180424703272,0.198336211571586,2,0.981852321072438,2.34079158424902,1.53290600204127,1,-4.87329900902403
141,31,1,1,482.04728212089,0.19860896377395,1,0.560282772627033,2.18569157169259,1.11123841498193,1,4.87329900902403
142,343,2,7,485.180804566317,0.198679493043528,3,0.215267041086918,1.9404293974203,0.766145715815583,1,-4.96675555296816
143,148,1,2,488.413719728384,0.198486342342221,2,0.50664014063841,2.11534023349668,1.05763382782789,1,-4.87329900902403
144,208,2,8,491.53013224092,0.198436298751403,3,0.0914638803787966,1.56698305336795,0.642596577545191,1,-4.96675555296816
145,449,3,1,494.513251747649,0.198294069599797,3,0.513987183572681,2.2396663643558,1.06493638757092,1,-4.87329900902403
146,352,2,8,497.747202021879,0.198222955023084,3,0.0781452616192837,1.66953788109458,0.629071931369253,1,-4.96675555296816
147,378,2,2,500.846368225422,0.198343820538867,3,0.0802213389979443,1.72245239347467,0.631277946491537,1,4.96675555296816
148,439,3,1,503.996460659739,0.198489268868798,3,0.269664424071379,2.02847480305172,0.820602507270451,1,-4.87329900902403
149,424,3,1,507.262842107204,0.198640277598315,3,0.148281500172743,1.6738758702395,0.699112179878284,1,-4.87329900902403
150,53,1,1,510.296392383892,0.198693833021025,2,0.871123121572964,2.29635638762556,1.42173957959312,0,4.87329900902403
151,271,2,7,513.229533854197,0.198255439461718,3,0.389723095056979,1.91513133808621,0.940605281619355,1,-4.96675555296816
152,272,2,8,516.262702804577,0.198226759508543,3,0.164629073102333,1.68991381674277,0.715263382928242,1,-4.96675555296816
153,418,3,1,519.295664849587,0.198316896501638,3,0.273360626111753,1.84892074119489,0.824325633351691,1,-4.87329900902403
154,97,1,1,522.379420553752,0.198790408370769,1,0.534185771759439,2.10940962903078,1.08497723601977,1,4.87329900902403
155,321,2,1,525.463766538163,0.1986715914245,3,0.228823001087221,1.75296552172222,0.779668606075575,1,4.96675555296816
156,233,2,1,528.496004560699,0.198380109457503,3,0.0866626222068589,1.72836660939356,0.637800001813957,1,4.96675555296816
157,52,1,2,531.645480668689,0.198488976215231,1,1.03479522074849,2.42688470454232,1.5858728992298,0,-4.87329900902403
158,347,2,3,534.545816077805,0.198290850421472,3,0.0736468988634442,1.79872233738206,0.624610150187436,1,4.96675555296816
159,14,1,2,537.779078911133,0.19826041455417,2,1.0531331238526,2.46129216062764,1.60405247729068,1,-4.87329900902403
160,268,2,4,540.695186830868,0.198380109457503,3,0.213280222744288,1.90537049669911,0.764376045684912,1,4.96675555296816
161,231,2,7,543.895143167105,0.198822892805765,3,0.214987557874338,1.65709751271606,0.765728978545667,1,-4.96675555296816
162,394,2,2,546.845073530423,0.19857326015881,3,0.0635711633040046,1.55519032513985,0.613892334873526,1,4.96675555296816
163,350,2,6,549.844374383418,0.19841113063012,3,0.00648810762322682,1.71574772294298,0.557376732538614,1,-4.96675555296816
164,140,1,2,553.061759058548,0.199016336160639,NaN,NaN,NaN,NaN,0,-4.87329900902403
165,428,3,1,556.063027122163,0.19822471093903,3,0.828238105648779,2.18519552557518,1.37917560354435,1,-4.87329900902403
166,338,2,2,558.927847385194,0.198366062133573,3,0.27822568254669,1.72027447299843,0.829207956287064,1,4.96675555296816
167,265,2,1,561.877925245411,0.198538434500733,3,0.000555454589630244,1.72593378852434,0.551591576404462,1,4.96675555296816
168,215,2,7,565.111452344016,0.198313092017997,3,0.113766933243824,1.48885359498854,0.664923335267304,1,-4.96675555296816
169,68,1,2,567.994512764189,0.198823770762829,2,0.524894345104258,2.13346362226002,1.0757282439863,1,-4.87329900902403
170,174,1,2,571.110857966632,0.198731877853788,1,0.34992468585915,2.02534049395763,0.900906666947776,0,-4.87329900902403
171,263,2,7,574.294506530689,0.198224418285463,3,0.120681728323689,1.54561356222257,0.671641467815789,1,-4.96675555296816
172,11,1,1,577.227841444346,0.198230856643931,1,0.636209435060664,2.24427183795524,1.18714078725316,1,4.87329900902403
173,318,2,6,580.344042954375,0.198317774458701,3,0.0109522300281242,1.73607039582021,0.56196113515216,1,-4.96675555296816
174,368,2,8,583.577085127659,0.198436298753222,3,0.391260984348264,1.96662268098407,0.942119758703484,1,-4.96675555296816
175,336,2,8,586.66023387038,0.198525557789253,3,0.14749923983436,1.73968524044903,0.698317920785485,1,-4.96675555296816
176,287,2,7,589.760582975639,0.198402643705776,3,0.194272437891414,1.71932920517611,0.745171890954225,1,-4.96675555296816
177,349,2,5,592.793836209963,0.198919468157328,3,0.524192271572247,1.96599728242654,1.07487545438016,1,-4.96675555296816
178,190,1,2,595.743974063958,0.198209785658037,1,0.629064322401973,2.10367217526618,1.17993597346867,0,-4.87329900902403
179,187,1,1,598.726560650344,0.198331529130883,1,0.187136982769516,1.72904819724499,0.73806687169963,1,4.87329900902403
180,303,2,7,601.776757590897,0.19841113063012,3,0.000547845624168986,1.57563708270936,0.551663568938238,1,-4.96675555296816
181,69,1,1,604.860023101995,0.198925028556914,1,1.17966439187876,2.57153350828048,1.73040873907485,1,4.87329900902403
182,115,1,1,607.760066736493,0.198568285064539,1,0.410566982176533,2.13546829241022,0.96150155354735,1,4.87329900902403
183,429,3,1,610.99273870427,0.198594331144704,3,0.977499113994782,2.70297168205798,1.52858966918939,1,-4.87329900902403
184,145,1,1,614.22621546663,0.198241099484221,1,0.510570757394817,2.06916112016916,1.06162180449064,1,4.87329900902403
185,80,1,2,617.293226468319,0.198210663616919,2,0.226439053198192,1.83437064039208,0.777369527433621,1,-4.87329900902403
186,257,2,1,620.409130935983,0.198377768238061,3,0.0901925975886115,1.58221825385226,0.641204721890972,1,4.96675555296816
187,327,2,7,623.409068015679,0.198659007362949,3,0.224015889863949,1.76615742191825,0.774940803699792,1,-4.96675555296816
188,238,2,6,626.459584825496,0.198915663671869,3,0.164233114164745,1.75573167387665,0.714922442677562,1,-4.96675555296816
189,188,1,2,629.558730836012,0.198386255160585,2,0.52892885352594,1.90448171082426,1.07990966400212,1,-4.87329900902403
190,392,2,8,632.442382121737,0.198540775723814,3,0.363839145267775,1.9890313814285,0.914768741544322,1,-4.96675555296816
191,399,2,7,635.57594144139,0.198304019788338,3,0.0905513896450429,1.81519721418226,0.641303638461977,1,-4.96675555296816
192,118,1,2,638.808586192476,0.198297288778122,2,0.137492862935687,1.86269560532492,0.688461382005698,1,-4.87329900902403
193,13,1,1,642.041971061928,0.198356404598599,1,0.262210562943437,1.63739350738615,0.813317214027848,1,4.87329900902403
194,54,1,2,644.92528345597,0.198955464424216,1,0.412752804271804,2.13801378452081,0.963573241135236,0,-4.87329900902403
195,90,1,2,648.159011021589,0.198508876592314,2,0.386791008893852,2.12805218346512,0.937741090850977,1,-4.87329900902403
196,119,1,1,651.408377355598,0.198566529148593,1,0.235016992872261,1.9268353925836,0.786167834496155,1,4.87329900902403
197,84,1,2,654.607980167521,0.198443615066935,2,0.242017535156265,1.95080480921752,0.792798463924555,1,-4.87329900902403
198,175,1,1,657.825182812749,0.198206566479712,1,0.52386889047375,1.98181954398206,1.07484472585929,1,4.87329900902403
199,47,1,1,660.790827741475,0.198346454411876,1,0.364449618542494,1.8400671227937,0.915492764019291,1,4.87329900902403
200,63,1,1,663.774297260685,0.198338260141099,1,0.322614054755832,1.86467949714097,0.873615350916225,1,4.87329900902403
201,309,2,5,666.824466691894,0.19882347811108,3,0.272401310967325,1.81430901361091,0.823119026777931,1,-4.96675555296816
202,44,1,2,669.874372443132,0.198690321189133,2,0.568093084590146,2.27667257532266,1.11885177176191,1,-4.87329900902403
203,76,1,2,673.091063531656,0.198596672364147,2,0.471280978374125,2.17969629100844,1.02200835171789,1,-4.87329900902403
204,228,2,4,676.30744118927,0.198274754529848,3,0.19091337161808,1.89933336669492,0.741843845853509,1,4.96675555296816
205,305,2,1,679.523804214256,0.198330065868504,3,0.159349913272308,1.63463672011494,0.71033365027688,1,4.96675555296816
206,334,2,6,682.50734455539,0.198603988679679,3,0.20582958079649,1.7475833481858,0.756766200735001,1,-4.96675555296816
207,45,1,1,685.557336053833,0.198347039717191,1,0.355547712466432,1.8972116355144,0.906572420830344,1,4.87329900902403
208,48,1,2,688.607351549786,0.198765240249486,2,0.394379782857868,1.91922905946376,0.945094279491968,1,-4.87329900902403
209,363,2,3,691.640549765425,0.198525265135686,3,0.204538982932718,1.64616547571677,0.755685727423042,1,4.96675555296816
210,423,3,1,694.590661280688,0.198211248922235,2,1.04194911298509,2.39999959028682,1.59300484252344,0,-4.87329900902403
211,375,2,7,697.45710020512,0.198289387159093,3,0.139461829470747,1.59753451910365,0.690480977436891,1,-4.96675555296816
212,131,1,1,700.423143434004,0.198336211571586,1,0.364808703252493,1.82335812393285,0.915767564789348,1,4.87329900902403
213,222,2,6,703.3899548759,0.198507120676368,3,0.199846006213193,1.80828241910058,0.750746044581319,1,-4.96675555296816
214,189,1,1,706.505968210322,0.198930881608248,2,0.464840280466888,1.94056431025638,1.01553926651468,0,4.87329900902403
215,10,1,2,709.489516453075,0.198349673590201,1,1.2903400359537,2.94902811542488,1.84134542924949,0,-4.87329900902403
216,103,1,1,712.656125906162,0.198439517931547,2,0.297433641761017,2.00601986350193,0.848277783483354,0,4.87329900902403
217,197,1,1,715.873079504048,0.198363720914131,1,0.348289343261058,1.9730145059093,0.898983646866327,1,4.87329900902403
218,180,1,2,719.006116731503,0.19834850297957,2,0.433481386271524,2.00842078523965,0.98444288167957,1,-4.87329900902403
219,224,2,8,722.089433164152,0.1983997171792,3,0.0992902882371709,1.54093404752166,0.650382891997651,1,-4.96675555296816
220,23,1,1,725.039446933455,0.198759387196333,1,0.295005503332504,1.88667233827255,0.845869252778357,1,4.87329900902403
221,432,3,1,728.13959908353,0.198340894014109,3,0.493479261613174,2.03473727553865,1.04459293636319,1,-4.87329900902403
222,320,2,8,731.189302026532,0.198364598873013,3,0.0633528444795957,1.7048054431034,0.614461836787086,1,-4.96675555296816
223,267,2,3,734.338725457057,0.198344113190615,3,0.0393407005703921,1.53127651249451,0.590088559594733,1,4.96675555296816
224,261,2,5,737.338458265256,0.198191348545151,3,0.508695439682924,2.067298386517,1.05963703471571,1,-4.96675555296816
225,149,1,1,740.405126570777,0.198357575209229,2,0.559095188469655,2.00093297641433,1.1100329790188,0,4.87329900902403
226,437,3,1,769.670517096618,0.198486049690473,3,0.700156071619858,2.35914060814866,1.2510701573101,1,-4.87329900902403
227,330,2,2,772.838268772712,0.198688272621439,3,0.150751780571227,1.57527243759978,0.701705667011993,1,4.96675555296816
228,270,2,6,775.771040330159,0.198252220281574,3,0.0256509983391879,1.45040665538727,0.576641173700409,1,-4.96675555296816
229,264,2,8,778.703660878877,0.198241392135969,3,0.00670174400329415,1.58201895744969,0.557638363943624,1,-4.96675555296816
230,114,1,2,781.78703262286,0.198425763259365,2,0.579668957258036,2.33832657159655,1.1307510255283,1,-4.87329900902403
231,340,2,4,785.053901922172,0.198868839259376,3,0.253934933383789,1.89562575120181,0.804605532128335,1,4.96675555296816
232,252,2,4,788.203523478493,0.198338845444596,3,0.16202212395001,1.55398957161742,0.713160088860604,1,4.96675555296816
233,269,2,5,791.103468196421,0.198460296263875,3,0.129881847375145,1.82179213999552,0.680782471046768,1,-4.96675555296816
234,214,2,6,794.303396438008,0.198412593894318,3,0.0552604154327128,1.81379570099307,0.605996275702637,1,-4.96675555296816
235,124,1,2,797.570280369948,0.198239636221842,2,0.783802616371759,2.47515921031845,1.33474099222803,1,-4.87329900902403
236,302,2,6,800.769905423467,0.198329480563189,3,0.0682907714053727,1.44331158632122,0.6192469990674,1,-4.96675555296816
237,132,1,2,803.653449305697,0.198433079574897,2,0.834199731287299,2.37576181123768,1.38503831261187,1,-4.87329900902403
238,317,2,5,806.703157516446,0.198731292548473,3,0.332083706831327,1.99005361687887,0.882458141169991,1,-4.96675555296816
239,283,2,3,809.869475780219,0.198556286308303,3,0.482374266943225,2.00766720485626,1.03327723183429,1,4.96675555296816
240,43,1,1,812.902961380689,0.198918882850194,1,0.46918646388076,1.8943307635509,1.02010698792947,1,4.87329900902403
241,2,1,2,815.836757807459,0.198253390892205,2,0.358761037756267,1.81641494155156,0.909738629057756,1,-4.87329900902403
242,331,2,3,818.802930096128,0.198240221525339,NaN,NaN,NaN,NaN,0,4.96675555296816
243,147,1,1,821.802727873197,0.19836518417651,1,0.873934634875695,2.48217701910653,1.42501406927295,1,4.87329900902403
244,153,1,1,824.919289053243,0.198309580187924,1,0.336850431998755,1.86173511956804,0.887987811605853,1,4.87329900902403
245,91,1,1,827.951922156757,0.198401180443398,1,0.517343908626572,1.90915186064012,1.06790827448822,1,4.87329900902403
246,284,2,4,830.851798686634,0.198639984946567,3,0.0907957545477984,1.83309291924161,0.641574634748395,1,4.96675555296816
247,209,2,1,834.102105020718,0.198472002366543,3,0.345249853600762,2.08693654501985,0.89592659805021,1,4.96675555296816
248,92,1,2,837.352075096993,0.198264804341306,2,0.652688701649822,2.26093137853059,1.20366336642292,1,-4.87329900902403
249,240,2,8,840.468622522367,0.198379524154007,3,0.188588832201276,1.68023813725449,0.739585738572714,1,-4.96675555296816
250,51,1,1,843.468839085273,0.198419324902716,1,0.649715644123717,2.20779415754259,1.20066572608084,1,4.87329900902403
251,372,2,4,846.535213567608,0.198750607620241,3,0.31133961424166,1.86969936678724,0.862128444630798,1,4.96675555296816
252,112,1,2,849.60158102628,0.198481952555085,2,0.722550724740358,2.1310837715082,1.27362576934684,1,-4.87329900902403
253,67,1,1,852.518320197623,0.198858596420905,1,0.22056317476563,1.6623026314428,0.771596077402137,1,4.87329900902403
254,259,2,3,855.468579795092,0.198244611316113,NaN,NaN,NaN,NaN,0,4.96675555296816
255,388,2,4,858.434730134817,0.198278851667055,3,0.176938040473033,1.80181479715793,0.727902462407656,1,4.96675555296816
256,82,1,2,861.567598501737,0.198325676079548,3,0.865509752500657,2.34080943605477,1.41651485314287,0,-4.87329900902403
257,385,2,1,864.550726495389,0.198687979967872,3,0.297530802416077,1.78975253590761,0.848371724961908,1,4.96675555296816
258,57,1,1,867.550998369632,0.198627693536764,2,0.74622339166126,2.42135796063303,1.2969402295148,0,4.87329900902403
259,125,1,1,870.734332917475,0.198651983702803,NaN,NaN,NaN,NaN,0,4.87329900902403
260,216,2,8,873.851014377729,0.199015458201757,3,0.223795815127232,1.86533620952287,0.774369838522034,1,-4.96675555296816
261,333,2,5,877.000711731067,0.198238172959464,3,0.0982080590074474,1.73977625539919,0.649528053821996,1,-4.96675555296816
262,401,3,1,880.150377185273,0.198276217792227,3,0.519470614901365,1.87791939236013,1.07037884754027,1,-4.87329900902403
263,113,1,1,883.016969167003,0.198321286290593,1,0.432805066166111,1.89133839095484,0.983891524225328,1,4.87329900902403
264,353,2,1,885.98387835486,0.198903957571019,3,0.0798973725941323,1.78823366903453,0.630640841833156,1,4.96675555296816
265,130,1,2,889.200393559186,0.198680371000592,2,0.721473177953158,2.37977817520004,1.27233663474544,1,-4.87329900902403
266,16,1,2,892.367151094477,0.198607500509752,1,0.617957864467826,2.09275389293725,1.16912538729048,0,-4.87329900902403
267,55,1,1,895.35051877059,0.198249586408565,1,0.584553328761103,2.32576504504868,1.13554555269184,1,4.87329900902403
268,290,2,2,898.599913491898,0.198261292511233,3,0.203855346513592,1.6121826585204,0.754828548024307,1,4.96675555296816
269,324,2,4,901.516845813941,0.198332699741513,NaN,NaN,NaN,NaN,0,4.96675555296816
270,345,2,1,904.733176354492,0.198323334858287,3,0.36927926401404,2.11087757435416,0.920592527818371,1,4.96675555296816
271,176,1,2,907.982898554033,0.198589063396867,2,0.290775795641821,1.74924941930476,0.841631936122212,1,-4.87329900902403
272,226,2,2,910.949456851451,0.198412301240751,3,0.221468934489167,1.64662991535624,0.772298150932329,1,4.96675555296816
273,193,1,1,913.882528963095,0.198592282575191,2,1.38132484406742,2.87333703831428,1.93212450260035,0,4.87329900902403
274,83,1,1,916.882795276939,0.198236709695266,1,0.297220298032698,1.70532138959607,0.848033711235985,1,4.87329900902403
275,158,1,2,919.799097225332,0.198292606337418,1,1.31923830728556,2.8608875977061,1.87012312771913,0,-4.87329900902403
276,381,2,5,922.849110087413,0.198384499246458,3,0.325221881867037,2.06692964427202,0.876325021121374,1,-4.96675555296816
277,29,1,1,926.098926521085,0.198771385952568,NaN,NaN,NaN,NaN,0,4.87329900902403
278,198,1,2,928.982223404539,0.198457369739117,1,0.945212511131103,2.4536466120644,1.49629779857969,0,-4.87329900902403
279,304,2,8,931.999073461942,0.19854779938396,3,0.0872493906244927,1.62871752909996,0.638382965746132,1,-4.96675555296816
280,319,2,7,935.049076666488,0.198393571476117,3,0.191630077777518,1.66637313613319,0.742518117389409,1,-4.96675555296816
281,371,2,3,938.032252655164,0.198220613803642,3,0.453212315640485,1.81114192742643,1.00415069149494,1,4.96675555296816
282,229,2,5,940.898607295654,0.19833826013928,3,0.0300486886080762,1.50492256266443,0.581041497844126,1,-4.96675555296816
283,223,2,7,943.881877225806,0.198712562785659,3,0.142024295431838,1.83364369139053,0.692699283967158,1,-4.96675555296816
284,38,1,2,947.082288636799,0.198815869145619,NaN,NaN,NaN,NaN,0,-4.87329900902403
285,41,1,1,950.181718812966,0.198329480563189,1,0.558888868403301,2.13367521007422,1.10991533268316,1,4.87329900902403
286,78,1,2,953.264691086184,0.198632375979287,2,0.404850599397832,2.14665961959145,0.955612505747922,1,-4.87329900902403
287,165,1,1,956.515026392874,0.198214175446992,1,0.287852489054785,1.7122993976318,0.838559084068038,1,4.87329900902403
288,36,1,2,959.447887502009,0.198294654905112,2,0.120485065792309,1.79534483399402,0.671416417984801,1,-4.87329900902403
289,28,1,2,962.631243413489,0.198350258893697,2,0.360655670539927,1.85218001294015,0.911703498455608,1,-4.87329900902403
290,60,1,2,965.631033581591,0.198977706018923,2,0.770322453388872,2.21212512302372,1.32112591640544,1,-4.87329900902403
291,364,2,4,968.580997599956,0.198396205349127,3,0.104145979787063,1.46242911588706,0.655303552421174,1,4.96675555296816
292,205,2,5,971.447881356304,0.198439810583295,3,0.232281276585127,1.72354954798357,0.782985823032504,1,-4.96675555296816
293,32,1,2,974.447681474594,0.198336796876902,2,1.43488465537666,2.85963709324642,1.98570275102247,1,-4.87329900902403
294,322,2,2,977.380784022107,0.198287631244966,3,0.142281537046074,1.75033164853085,0.692986668798767,1,4.96675555296816
295,237,2,5,980.496999286806,0.198322164247656,3,0.169129191774118,1.79419734324074,0.7200760545511,1,-4.96675555296816
296,397,2,5,983.630506514301,0.198237002348833,1,1.46890142027223,3.06051265122369,2.02009089203784,0,-4.96675555296816
297,156,1,2,986.730471366725,0.198963073391496,1,0.466167459902863,2.22442765203959,1.01690273486747,0,-4.87329900902403
298,230,2,6,989.99671175565,0.198625644970889,3,0.261057511790568,1.68627819378344,0.811999692130485,1,-4.96675555296816
299,245,2,5,992.929977603299,0.198714318699786,NaN,NaN,NaN,NaN,0,-4.96675555296816
300,316,2,4,996.196692089396,0.198250464367447,3,0.139343012524478,1.61436672469972,0.690508194125869,1,4.96675555296816
301,102,1,2,999.179807791641,0.198218565235948,2,0.822258920854438,2.44714972486327,1.37315427678004,1,-4.87329900902403
302,210,2,2,1002.31305924078,0.198378060889809,3,0.0674921225236176,1.82584654879247,0.618611650323146,1,4.96675555296816
303,374,2,6,1005.57979216399,0.198542824289689,3,0.12327726402691,1.81488875836658,0.674153304880747,1,-4.96675555296816
304,310,2,6,1008.77962704941,0.198299044694068,3,0.71963297855109,2.31122694300211,1.27076655367273,1,-4.96675555296816
305,144,1,2,1011.87988718828,0.198495121920132,2,0.914936431470778,2.52279895265565,1.46583120209107,1,-4.87329900902403
306,313,2,1,1014.99610859869,0.198185202842069,3,0.391207428925554,1.78263434728615,0.942171558208429,1,4.96675555296816
307,370,2,2,1017.89673812365,0.198243148051915,3,0.0874358103155828,1.57811819125527,0.638380039221374,1,4.96675555296816
308,346,2,2,1020.89622334777,0.19839181556199,3,0.00055750315732439,1.64169491495522,0.551529534059227,1,4.96675555296816
309,274,2,2,1024.04616126152,0.198779872876912,3,0.0861768189315626,1.46038581559878,0.636627928244707,1,4.96675555296816
310,96,1,2,1026.92903877383,0.198638229030621,2,0.443199207729776,1.81771548960387,0.993629538712412,1,-4.87329900902403
311,142,1,2,1029.81159846545,0.198590234007497,2,1.11122758683632,2.4867936135015,1.66221746954398,1,-4.87329900902403
312,59,1,1,1032.69531384209,0.19845707708555,1,0.130891791415706,1.53919422795479,0.681878747600422,1,4.87329900902403
313,402,3,1,1035.611708854,0.198410837978372,3,0.521535278829106,2.04681621798591,1.07240605193692,1,-4.87329900902403
314,211,2,3,1038.64515523902,0.19823495377932,3,0.117646921105916,1.70925025043834,0.668622756487821,1,4.96675555296816
315,427,3,1,1041.74495649866,0.198317189153386,2,0.803579199542583,2.34527707028974,1.35458839732019,0,-4.87329900902403
316,192,1,2,1044.79502642799,0.198774897782641,1,0.450828660403204,2.17545868169873,1.00128854929426,0,-4.87329900902403
317,339,2,3,1048.02805396865,0.198724268888327,3,0.217178355063879,1.9423459791451,0.76784807585318,1,4.96675555296816
318,143,1,1,1051.2616319888,0.198371915184907,NaN,NaN,NaN,NaN,0,4.87329900902403
319,108,1,2,1054.37822857981,0.198616280087663,2,1.35776279981837,3.01589922918174,1.90845417689889,1,-4.87329900902403
320,183,1,1,1057.54479530562,0.198369573965465,1,0.30212574052166,1.79341391229354,0.85281477638091,1,4.87329900902403
321,445,3,1,1060.54444939027,0.198292606337418,3,0.503553241258487,2.161646650693,1.05439913890041,1,-4.87329900902403
322,220,2,4,1063.71118673254,0.198225881549661,NaN,NaN,NaN,NaN,0,4.96675555296816
323,169,1,1,1066.82789599479,0.198831672383676,1,1.30137625727184,2.92609790809001,1.85206295191165,1,4.87329900902403
324,412,3,1,1069.96127357719,0.198325090774233,3,0.439009008137873,1.89687537770442,0.990141119998952,1,-4.87329900902403
325,323,2,3,1072.9271889169,0.198377182930926,3,0.169054272713765,1.61091839939036,0.720214186567318,1,4.96675555296816
326,244,2,4,1075.8776963911,0.198673347338627,NaN,NaN,NaN,NaN,0,4.96675555296816
327,442,3,1,1079.07703288917,0.198303434481204,3,0.371276617850526,2.01287934724496,0.922231967551852,1,-4.87329900902403
328,72,1,2,1082.22689910305,0.198336211571586,1,1.33595403715663,2.7110111409911,1.88696264963073,0,-4.87329900902403
329,288,2,8,1085.11075407497,0.198793042243778,NaN,NaN,NaN,NaN,0,-4.96675555296816
330,407,3,1,1088.11046669014,0.198623889054943,3,0.319577198968545,2.02719883781901,0.869879640775252,1,-4.87329900902403
331,81,1,1,1091.32645804635,0.198613646214653,1,0.767759109470717,2.4592959774036,1.3180934504071,1,4.87329900902403
332,425,3,1,1094.52627771383,0.198816161797367,3,1.26890411267595,2.62764759127822,1.81965197170393,1,-4.87329900902403
333,196,1,2,1097.39334876783,0.198200420776629,2,0.764366973453434,2.4723687679998,1.31545869925867,1,-4.87329900902403
334,367,2,7,1100.60967521124,0.198310750796736,3,0.128540620617059,1.52013669216467,0.679513822125955,1,-4.96675555296816
335,298,2,2,1103.50979142358,0.198538141848985,3,0.130866037990927,1.75568660537829,0.681786269384247,1,4.96675555296816
336,199,1,1,1106.64277772949,0.19861159764514,1,0.857628033307265,2.58266630494836,1.40844847017252,1,4.87329900902403
337,164,1,2,1109.87618308462,0.198836062172632,3,0.599522800708655,2.35737444984989,1.14986240939106,0,-4.87329900902403
338,383,2,7,1113.14256833657,0.198395620043812,3,0.0573596123631432,1.69908408523042,0.608483822605194,1,-4.96675555296816
339,17,1,1,1143.68997234726,0.198359623776923,1,0.844371456891167,2.27096467946831,1.39551761607618,1,4.87329900902403
340,141,1,1,1146.62565784641,0.198707295037821,1,0.598068902707382,2.05566017885212,1.1489039722037,1,4.87329900902403
341,396,2,4,1149.59151846009,0.198369281311898,3,0.194158596039415,1.58559839111331,0.745220763934412,1,4.96675555296816
342,430,3,1,1152.4911485765,0.198401765748713,3,0.343349075115839,1.90178901446598,0.894400122211664,1,-4.87329900902403
343,246,2,6,1155.55796759809,0.198536971238354,3,0.247012821988392,1.9552229851688,0.797728196577737,1,-4.96675555296816
344,433,3,1,1158.77459079122,0.198284412064822,3,0.340345289068864,1.6983319681076,0.891337220344212,1,-4.87329900902403
345,49,1,1,1161.64093665213,0.198345869106561,1,0.388410840905635,1.88000190809544,0.939424428472194,1,4.87329900902403
346,104,1,2,1164.64101918016,0.198354356030904,2,0.559826819910086,2.16797145818055,1.11098322193357,1,-4.87329900902403
347,77,1,1,1167.75758504264,0.198833428299622,1,0.317291289693458,2.07545929627122,0.867968034144724,1,4.87329900902403
348,111,1,1,1171.02421495215,0.198638814335936,1,0.278542332633151,1.7366600907626,0.829413691049922,1,4.87329900902403
349,420,3,1,1173.99073900921,0.198950781983513,3,0.364379674576412,1.90591658640551,0.915075734097627,1,-4.87329900902403
350,71,1,1,1177.04062368947,0.198257488029412,1,0.670298485141757,2.32829941636373,1.22102644379447,1,4.87329900902403
351,421,3,1,1180.20674997315,0.198608378466815,3,0.345100893440758,1.97019743220881,0.896051268047813,1,-4.87329900902403
352,109,1,1,1183.34020569379,0.198400009834586,1,0.250705804852259,1.69236624533551,0.801828551830113,1,4.87329900902403
353,25,1,1,1186.29027184791,0.198978583975986,1,0.849912248124383,2.35817543995108,1.40066274102537,1,4.87329900902403
354,295,2,7,1189.30693782684,0.198345283801245,3,0.132380222421489,1.77371985715035,0.683467265784202,1,-4.96675555296816
355,40,1,2,1192.4562295637,0.198553945087042,2,0.622839016792568,2.24821445346788,1.17374461555846,1,-4.87329900902403
356,281,2,1,1195.59038794318,0.198383621289395,3,0.376976612084036,2.01804056808578,0.927792951813899,1,4.96675555296816
357,217,2,1,1198.73994570124,0.19823231990631,3,0.253064584620006,1.84431380433307,0.803987157234587,1,4.96675555296816
358,393,2,1,1201.83973466947,0.198318067112268,3,0.249216203235846,1.84058950764302,0.80020345207231,1,4.96675555296816
359,251,2,3,1204.93989589177,0.198312214059115,3,0.374561935674137,2.13248499204383,0.925946899360497,1,4.96675555296816
360,426,3,1,1208.20570315488,0.198278559013488,3,0.360960907175468,1.80289292925045,0.911957520893338,1,-4.87329900902403
361,126,1,2,1211.15592265895,0.198242855400167,2,1.03429361423332,2.49257203862544,1.58538943717394,1,-4.87329900902403
362,380,2,4,1214.12262347817,0.198944636276792,3,0.196232332198633,1.83778092086686,0.746852302048865,1,4.96675555296816
363,376,2,8,1217.27270010925,0.198232905211626,3,0.0697519857203588,1.52756245864475,0.620804203426815,1,-4.96675555296816
364,56,1,2,1220.23920046146,0.198256024765215,2,1.1755789619092,2.61685924669473,1.72654835893627,1,-4.87329900902403
365,79,1,1,1223.18917677123,0.198374256406169,2,0.837208492426726,2.39514682525987,1.38826714848983,0,4.87329900902403
366,178,1,2,1226.25544882516,0.198377768238061,2,0.372504002756614,1.88080377615552,0.923702254098316,1,-4.87329900902403
367,134,1,2,1229.27220377048,0.198680371002411,2,0.673107071919731,2.24790892417695,1.22389648761236,1,-4.87329900902403
368,139,1,1,1232.35548245094,0.198509461897629,2,0.956584404953901,2.56464592988959,1.50742240097497,0,4.87329900902403
369,286,2,6,1235.47241090997,0.198157108194209,3,0.226221319680917,1.78375930379116,0.777104091546789,1,-4.96675555296816
370,293,2,5,1238.53818955166,0.198199835471314,3,0.0703583618596895,1.66201407600238,0.621322198488997,1,-4.96675555296816
371,266,2,2,1241.63858460337,0.1983116287538,3,0.625099172641058,2.24957645855829,1.17608554351864,1,4.96675555296816
372,159,1,1,1244.77167714217,0.198442737109872,1,0.446037059768059,2.00417176248084,0.996962851559147,1,4.87329900902403
373,250,2,2,1247.83852162454,0.198849231539498,3,0.215571107113647,1.67342021017612,0.766366375857615,1,4.96675555296816
374,110,1,2,1250.80465469776,0.198921224073274,2,0.46015023027212,2.03512621081245,1.01089867460723,1,-4.87329900902403
375,300,2,4,1253.88785816651,0.198576186683567,3,0.266502312979355,2.00809418496465,0.81741669132316,1,4.96675555296816
376,365,2,5,1257.13786423906,0.198223247676651,3,0.485150076632635,2.10978568759128,1.0359907065249,1,-4.96675555296816
377,177,1,1,1260.27058862091,0.198207737090343,1,0.42760580049071,1.9693976127146,0.978531884937183,1,4.87329900902403
378,5,1,1,1263.32059826381,0.198408789410678,1,1.17113912966852,2.86300552440298,1.72228294763227,1,4.87329900902403
379,389,2,5,1266.52081330492,0.198677444475834,3,0.336383358488092,1.69471361165051,0.887249741806954,1,-4.96675555296816
380,419,3,1,1269.38870993184,0.198708758302018,3,0.995907839022038,2.4027953003515,1.5466665261938,1,-4.87329900902403
381,9,1,1,1272.30433409686,0.19866778694086,1,0.60185875357638,2.34308393188257,1.15257383551216,1,4.87329900902403
382,12,1,2,1275.55417101622,0.198225588897913,1,1.48444449126873,2.92553630779548,2.03532521456509,0,-4.87329900902403
383,282,2,2,1278.50378677802,0.198189885284592,3,0.33924901251703,1.86390426046455,0.890202606306048,1,4.96675555296816
384,306,2,2,1281.53693202354,0.198361087041121,3,0.000587646372878226,1.57534355217467,0.551523681007893,1,4.96675555296816
385,19,1,1,1284.62039156329,0.198268901480333,1,0.323029621415117,1.93106861210435,0.874020089429905,1,4.87329900902403
386,179,1,1,1287.73712657897,0.198683590180735,1,0.174341334162818,1.79843641581283,0.724752350073686,1,4.87329900902403
387,356,2,4,1290.86979038174,0.198317774458701,3,0.0973903877093107,1.50575194006706,0.648482113514547,1,4.96675555296816
388,128,1,2,1293.78669841362,0.198570333632233,1,0.711258139766869,2.25264843265541,1.26232294153306,0,-4.87329900902403
389,351,2,7,1296.83674112626,0.198295240210427,3,0.101405288407477,1.84250462610544,0.65217568168373,1,-4.96675555296816
390,3,1,1,1300.08648117761,0.198316311196322,1,1.06969989356185,2.56094943519565,1.62068070403984,1,4.87329900902403
391,101,1,1,1303.08633133949,0.198380987416385,NaN,NaN,NaN,NaN,0,4.87329900902403
392,26,1,2,1306.2363886555,0.198311336102051,2,0.800300027420235,2.27490788028445,1.35146725759114,1,-4.87329900902403
393,441,3,1,1309.21952864791,0.198286460634336,3,0.357051946710271,1.9316694278441,0.908138404769488,1,-4.87329900902403
394,239,2,7,1312.30259632586,0.198428689785942,3,0.154564165686679,1.71269389330701,0.70539367478159,1,-4.96675555296816
395,357,2,5,1315.36913059651,0.198192519155782,NaN,NaN,NaN,NaN,0,-4.96675555296816
396,155,1,1,1318.51947997978,0.198105016035697,2,1.05215039650102,2.55970449113374,1.60305658057041,0,4.87329900902403
397,33,1,1,1321.53548134472,0.198338552791029,1,0.301311288400029,1.75947528563665,0.85224673772791,1,4.87329900902403
398,404,3,1,1324.50219269943,0.198449175466521,3,0.368887109561911,1.77698703051647,0.919816413186709,1,-4.87329900902403
399,414,3,1,1327.41895352706,0.198867668650564,3,0.44315150536022,2.06784359826997,0.993853125281021,1,-4.87329900902403
400,326,2,6,1330.5518742788,0.198385377203522,1,0.680805590600357,2.23905033068149,1.23196287058272,0,-4.96675555296816
401,24,1,2,1333.61862189316,0.198675981213455,1,0.357304213232055,1.73215499700018,0.908493392344099,0,-4.87329900902403
402,296,2,8,1336.50192521498,0.198229393379734,3,0.148723405562123,1.65667023995411,0.699770648174308,1,-4.96675555296816
403,273,2,1,1339.51857480536,0.198180520399546,1,1.06721673645006,2.60830354861719,1.61815950209166,0,4.96675555296816
404,219,2,3,1342.56821658398,0.198310458144988,3,0.0157119315335876,1.59042159823002,0.566718495438181,1,4.96675555296816
405,39,1,1,1345.65154150355,0.199010190455738,1,1.37370182975246,3.11510377021295,1.92433116448592,1,4.87329900902403
406,289,2,1,1348.9014913868,0.19857706464245,3,0.690159644906089,2.28107026559155,1.24047613403491,1,4.96675555296816
407,4,1,2,1352.00084781452,0.198407911451795,2,0.922004283849674,2.41391258643125,1.47285223005565,1,-4.87329900902403
408,446,3,1,1355.00122914082,0.198746803136601,3,0.335352636113385,1.69347247207406,0.886127419176773,1,-4.87329900902403
409,373,2,5,1357.86764348244,0.198235246432887,2,1.05547112528802,2.54680582881883,1.60632170536883,0,-4.96675555296816
410,99,1,1,1360.86768796563,0.198322456899405,1,0.505150539021997,1.96308714520637,1.05612549644866,1,4.87329900902403
411,163,1,1,1363.83409027922,0.198433372226646,1,0.447085926600266,2.06028964996221,1.00314074745256,1,4.87329900902403
412,248,2,8,1366.95602046344,0.199089791954975,3,0.181377580061962,1.60232172994984,0.732403751688253,1,-4.96675555296816
413,408,3,1,1369.88573497207,0.1983997171792,3,1.49778564427834,3.12075137963802,2.04885220196047,1,-4.87329900902403
414,218,2,2,1373.0203367202,0.198845719707606,3,0.138287707333802,1.81002019010157,0.688948355891625,1,4.96675555296816
415,253,2,5,1376.20090218936,0.198406448189417,3,0.167278164224626,1.54159222316775,0.718065531349566,1,-4.96675555296816
416,27,1,1,1379.08401850618,0.198272998615721,NaN,NaN,NaN,NaN,0,4.87329900902403
417,150,1,2,1382.3499232226,0.198351136854399,1,0.197407624946209,1.67230842303798,0.748329612257294,0,-4.87329900902403
418,37,1,1,1385.33325958488,0.198822892805765,1,1.42045717600195,2.92884591578513,1.97122230153036,1,4.87329900902403
419,184,1,2,1388.35045321641,0.198744169263591,1,0.732543932273984,2.4235695361549,1.28328008519748,0,-4.87329900902403
420,8,1,2,1391.55026644554,0.198732463160923,2,0.304472521533171,1.91186270145954,0.854847248523583,1,-4.87329900902403
421,280,2,8,1394.66626807386,0.198968341135696,1,0.728854168588441,2.40394454701891,1.27954291179412,0,-4.96675555296816
422,162,1,2,1397.84981655073,0.198265096994874,2,0.649392555678787,2.14052767015346,1.20013368369655,1,-4.87329900902403
423,328,2,8,1400.84947502518,0.198304605091835,3,0.167976725926565,1.69275166877742,0.718990606144871,1,-4.96675555296816
424,403,3,1,1403.88277127943,0.198369281311898,3,0.153282932707953,1.61137493740898,0.704322566351038,1,-4.87329900902403
425,415,3,1,1406.84936001271,0.198712855437407,NaN,NaN,NaN,NaN,0,-4.87329900902403
426,258,2,2,1409.94932662105,0.19835611194685,3,0.192520034264817,1.80048293528307,0.74356376504511,1,4.96675555296816
427,312,2,8,1413.0654336043,0.198667201637363,3,0.0738315626385884,1.54868114653073,0.624325984535972,1,-4.96675555296816
428,241,2,1,1416.04878635513,0.198219735844759,3,0.335436627401577,1.87708182068673,0.886504355694342,1,4.96675555296816
429,22,1,2,1419.09919663941,0.198232027254562,3,0.756938865753909,2.31468404788939,1.30791411583414,0,-4.87329900902403
430,186,1,2,1422.16583421641,0.198302849177708,2,0.740875458477603,2.455821898664,1.29916292583584,1,-4.87329900902403
431,315,2,3,1425.38976026194,0.198269486783829,3,0.250851545835758,1.87194313409236,0.802466534447376,1,4.96675555296816
432,116,1,2,1428.51958474941,0.199251043524782,NaN,NaN,NaN,NaN,0,-4.87329900902403
433,66,1,2,1431.55011251028,0.19827065739446,2,0.464922515840954,1.87143947900768,1.01601833878158,1,-4.87329900902403
434,337,2,1,1434.46503928422,0.198704953818378,3,0.319576028357915,2.04446914432083,0.870416950905565,1,4.96675555296816
435,73,1,1,1437.69873699927,0.198216224014686,1,1.03380664034557,2.47472110941089,1.58469292404152,1,4.87329900902403
436,170,1,2,1440.6482699404,0.198203639953135,2,0.503304486568595,1.86122356286432,1.05424227711774,1,-4.87329900902403
437,434,3,1,1443.51448059582,0.198368403354834,3,0.322133519224735,1.7471671962212,0.873207100572472,1,-4.87329900902403
438,236,2,4,1446.44818249581,0.198282948802444,3,0.126762756213793,1.70137438429629,0.677939643917853,1,4.96675555296816
439,105,1,1,1449.53113135682,0.198693833019206,2,0.925228144631546,2.65012916221531,1.47594966492761,0,4.87329900902403
440,405,3,1,1452.76444979413,0.198303434483023,3,0.327327224502369,1.96877455538015,0.878261503221438,1,-4.87329900902403
441,390,2,6,1455.91428410888,0.198407033494732,1,1.45754650029994,3.09895432307894,2.00824607165123,0,-4.96675555296816
442,117,1,1,1459.06445380347,0.198210370963352,2,0.467157210916412,1.92490681210438,1.01814445974924,0,4.87329900902403
443,342,2,6,1462.03086284808,0.198312506712682,3,0.0999408549141663,1.57449222583091,0.65084908755307,1,-4.96675555296816
444,361,2,1,1465.01429988285,0.198742705999393,3,0.0498077126248972,1.59106016614896,0.600682290216355,1,4.96675555296816
445,409,3,1,1468.06406457555,0.198869424564691,NaN,NaN,NaN,NaN,0,-4.87329900902403
446,50,1,2,1471.16415087879,0.198489561522365,2,0.343418141124857,1.80122832139386,0.894472407399007,1,-4.87329900902403
447,191,1,1,1474.13057923847,0.198623889054943,1,0.167962678602635,1.84257808190159,0.71901109182545,1,4.87329900902403
448,341,2,5,1477.31386696189,0.198287338591399,3,0.124590981444271,1.69914524962041,0.675471412087063,1,-4.96675555296816
449,301,2,5,1480.39710730487,0.198222077066021,3,0.0556358886879025,1.68000547845622,0.606590067780417,1,-4.96675555296816
450,384,2,8,1483.53033797568,0.198394156781433,3,0.0330091620744497,1.70748643335901,0.584104399709759,1,-4.96675555296816
