PresOrder,TrialNumber,Illusory_Fragmented,Fat_Thin,StimPresTime,StimPresLength,Response,RespScreenOnset_to_Resp,ExpStartOnset_to_Resp,StimOnset_to_Resp,Accuracy,StepLevel
1,155,1,1,217.420559311751,0.198342649926417,NaN,NaN,NaN,NaN,0,2.82186295636057
2,428,3,1,220.493316839435,0.19838420659471,NaN,NaN,NaN,NaN,0,-2.82186295636057
3,399,2,7,223.68351438285,0.198290850421472,3,0.435250763750446,1.87298965970695,0.987037539423909,1,-2.38143842081626
4,229,2,5,226.637275568397,0.198446541593512,3,0.409038750420223,1.85521218628855,0.968051703515812,1,-2.38143842081626
5,100,1,2,229.604361811063,0.198253390892205,2,0.697070635504133,2.37616274526772,1.25634843918124,1,-2.82186295636057
6,364,2,4,232.82023991073,0.198308702229042,3,0.363187407980149,1.9762105646987,0.923545977620961,1,2.38143842081626
7,202,2,2,235.949248775469,0.198615109477032,3,0.483090095145599,2.0871097953459,1.03480809746179,1,2.38143842081626
8,297,2,1,239.069106686789,0.198335040960956,3,0.41305482172902,1.94388738026464,0.97501595688118,1,2.38143842081626
9,216,2,8,242.115730046728,0.198197786901801,3,0.407348096485293,1.88050527052656,0.977786791476319,1,-2.38143842081626
10,324,2,4,245.103419323441,0.19847609950375,3,0.423019056657722,1.86903299687037,0.983283099518303,1,2.38143842081626
11,73,1,1,248.063680615367,0.199086865430218,2,1.05044891442049,2.60477123201781,1.60198986192881,0,2.82186295636057
12,187,1,1,251.133497277307,0.198447419550575,2,0.468259633171328,2.23856335679557,1.01971044368838,0,2.82186295636057
13,380,2,4,254.418649461037,0.21734048459075,3,0.214875179286537,1.7453706020533,0.792777978243976,1,2.38143842081626
14,27,1,1,257.465221314122,0.198741242737015,1,1.33223559351791,3.0028504360962,1.88399427454351,1,2.82186295636057
15,79,1,1,260.650309436201,0.198256024767034,1,1.08272351852611,2.58575788676899,1.63341401764956,1,2.82186295636057
16,177,1,1,263.668198995558,0.1984825378604,2,0.549415119194236,2.01605638361616,1.1305090018468,0,2.82186295636057
17,188,1,2,266.649415382581,0.198282948802444,2,0.528485777524111,2.29905991212763,1.08032640127203,1,-2.82186295636057
18,24,1,2,269.934263792935,0.217945982773017,2,0.57382439264984,2.2215271723544,1.15242107086851,1,-2.82186295636057
19,3,1,1,273.097047398889,0.199198366062774,1,0.27110222617921,1.84285493124116,0.823842756599333,1,2.82186295636057
20,286,2,6,276.183413564038,0.19837659762743,3,0.242133132924209,1.9404124235698,0.8048525309041,1,-2.38143842081626
21,248,2,8,279.397984091991,0.198425470607617,3,0.277192618950721,1.81391890772829,0.828283174145326,1,-2.38143842081626
22,26,1,2,282.448936368843,0.198280900234749,2,0.216581051154208,1.69903404164143,0.777336165039742,1,-2.82186295636057
23,240,2,8,285.446475160674,0.199001118226079,3,0.243440704636669,2.01340202474603,0.79473728724588,1,-2.38143842081626
24,133,1,1,288.730975607115,0.198647008606713,2,0.995487882573798,2.43274536504214,1.54725739174501,0,2.82186295636057
25,213,2,5,291.682647253265,0.198269486783829,3,0.191881173688671,1.85703746040781,0.749895303541052,1,-2.38143842081626
26,208,2,8,294.862877049922,0.199330645027658,3,0.182013514109713,1.65263543888068,0.733710738097216,1,-2.38143842081626
27,395,2,3,297.848432304045,0.198364891524761,3,0.226871593707983,1.747211972066,0.778244558638107,1,2.38143842081626
28,383,2,7,300.883616752721,0.198345869106561,3,0.18562601751546,1.72010356389546,0.767800080831876,1,-2.38143842081626
29,355,2,3,303.93216196213,0.19825397619752,3,0.213231935069416,1.98311219041534,0.763927701937064,1,2.38143842081626
30,185,1,1,307.216394338811,0.198292021032103,1,0.571656129710391,2.01927263543439,1.13390523499766,1,2.82186295636057
31,199,1,1,310.17873200077,0.199064916487259,1,1.02468612279517,2.79342181391257,1.60804923352953,1,2.82186295636057
32,224,2,8,313.463220741109,0.198358453166293,3,0.112648122443716,1.70001237920405,0.664057083640728,1,-2.38143842081626
33,349,2,5,316.565187922462,0.198370159268961,3,0.119024436782638,1.73418073813446,0.68211023578624,1,-2.38143842081626
34,85,1,1,319.69450202384,0.198888446982892,1,0.977486237281482,2.58091770580177,1.52805382231963,1,2.82186295636057
35,366,2,6,322.833269681398,0.198287631244966,3,0.455292782808101,2.20199788061109,1.01622407354262,1,-2.38143842081626
36,170,1,2,326.095906346492,0.198866790693501,2,0.460305336138845,1.93139257850635,1.01242280922634,1,-2.82186295636057
37,260,2,4,329.08196730427,0.198372207838474,NaN,NaN,NaN,NaN,0,2.38143842081626
38,128,1,2,331.995543779216,0.198281778193632,2,0.437845421492966,2.17570568047449,0.989338373981809,1,-2.82186295636057
39,316,2,4,335.248134559313,0.198344113192434,3,0.301399376825429,2.08284145751531,0.863726913004939,1,2.38143842081626
40,290,2,2,338.544769259539,0.199334449509479,3,0.237753587114639,1.64222490877364,0.790066844774628,1,2.38143842081626
41,356,2,4,341.464676980329,0.198392400865487,3,0.354052550454071,1.75446712209305,0.933600642196325,1,2.38143842081626
42,40,1,2,344.379311394341,0.198134281294188,1,1.21633727156041,2.71955484031241,1.76717995002036,0,-2.82186295636057
43,315,2,3,347.398083008562,0.198255146806332,3,0.304736494157623,1.86916732440295,0.866971552120958,1,2.38143842081626
44,76,1,2,350.477428438397,0.199549549153744,2,0.791974354269769,2.38162334969638,1.36272413895131,1,-2.82186295636057
45,398,2,6,353.582146846626,0.198429860396573,3,0.346101472598093,2.09294879955269,0.907362290136007,1,-2.38143842081626
46,60,1,2,356.844206693491,0.198914493063057,2,1.0825751436696,2.68678126356281,1.63424339505036,1,-2.82186295636057
47,16,1,2,359.962872630867,0.198287338591399,NaN,NaN,NaN,NaN,0,-2.82186295636057
48,41,1,1,363.014440356088,0.198510632506441,1,0.841412446688992,2.59640283159024,1.41069838318253,1,2.82186295636057
49,344,2,8,366.283584151224,0.198448882812954,3,0.206941660586381,1.93522310808112,0.766110890157506,1,-2.38143842081626
50,283,2,3,369.526577975377,0.199470240306255,3,0.244282080795529,1.91612723480466,0.796861652299413,1,2.38143842081626
51,180,1,2,372.712684528424,0.19837396375442,2,0.93089184994642,2.4178036950907,1.48203888709031,1,-2.82186295636057
52,230,2,6,375.713774659273,0.198304019788338,3,0.244896651205636,1.96891005352336,0.816407332586095,1,-2.38143842081626
53,222,2,6,378.952260755786,0.198439810583295,3,0.318405125401114,1.79429333328699,0.875375070858354,1,-2.38143842081626
54,2,1,2,381.943011471103,0.19893966118434,2,1.40590005153717,2.81141321636642,1.97599868423458,1,-2.82186295636057
55,237,2,5,384.863396215593,0.198257488027593,3,0.251423388970579,1.69907442769545,0.813288241422924,1,-2.38143842081626
56,83,1,1,387.825380353237,0.199129300053755,1,0.398385611326376,1.95294527016449,0.950084298574438,1,2.82186295636057
57,58,1,2,390.894454848243,0.19835230746321,1,0.839293349381478,2.44394634976015,1.39168445262658,0,-2.82186295636057
58,127,1,1,394.013572348545,0.198375427016799,2,0.68969081547948,2.43698209639297,1.26814789841774,0,2.82186295636057
59,298,2,2,397.276460694857,0.198753241491431,3,0.275779107007111,2.02988743704009,0.827562956152178,1,2.38143842081626
60,39,1,1,400.545787397854,0.198265389646622,1,0.611834987259499,2.2487374236207,1.19638626745291,1,2.82186295636057
61,267,2,3,403.69779378002,0.198271242699775,3,0.169218158156582,1.84852712348038,0.72974178385266,1,2.38143842081626
62,125,1,1,406.892748976376,0.198892544120099,1,0.438609830023779,1.9416532704945,0.989474164776766,1,2.82186295636057
63,334,2,6,409.911199550721,0.198404692273471,3,0.289648205263802,2.0432312239227,0.841204663360259,1,-2.38143842081626
64,397,2,5,413.179669366973,0.198347625022507,3,1.27129713279464,2.91846757745952,1.83172623171049,1,-2.38143842081626
65,1,1,1,416.341768165898,0.199023359820785,1,0.887030545027301,2.34037133514721,1.4381746556428,1,2.82186295636057
66,392,2,8,419.310114277905,0.198241099484221,3,0.20231189682454,1.95579951074251,0.753585359880162,1,-2.38143842081626
67,207,2,7,422.578360800242,0.21715523551029,3,0.638270879811898,2.31969513795775,1.2174282803644,1,-2.38143842081626
68,9,1,1,425.774438026574,0.199036236534084,1,0.657267543863782,2.42785806701249,1.20879415139643,1,2.82186295636057
69,419,3,1,429.060703460706,0.19829231368567,3,1.09896046878384,2.86912254855815,1.65029158439575,1,-2.82186295636057
70,21,1,1,432.346347008111,0.198364598871194,1,0.771815859487106,2.50378999719214,1.35161768101352,1,2.82186295636057
71,352,2,8,435.593585172583,0.198380109459322,3,0.306727116983893,1.76037958209781,0.857818550135562,1,-2.38143842081626
72,30,1,2,438.562146091581,0.198328602604306,2,0.629248693525369,2.35961850980675,1.19052121716595,1,-2.82186295636057
73,151,1,1,441.80683291089,0.199426049766771,1,0.397022435623512,1.83502120706908,0.948765606064626,1,2.82186295636057
74,228,2,4,444.759762377815,0.198226759508543,3,0.206358989307773,1.80996985385718,0.757744245645881,1,2.38143842081626
75,121,1,1,447.877787991352,0.198269486783829,1,0.442820222644514,2.12404781826081,1.00514863677927,1,2.82186295636057
76,273,2,1,451.073341662226,0.199013702285811,3,0.342649050151522,1.92816725445846,0.925411345146131,1,2.38143842081626
77,140,1,2,454.173709204597,0.199052332425708,1,0.608843785272256,1.9958098004081,1.16025625830298,0,-2.82186295636057
78,6,1,2,457.075345747071,0.198377475584493,1,0.379436942295797,1.95047703833188,0.931407503787341,0,-2.82186295636057
79,156,1,2,460.160627049117,0.198362257651752,1,0.454932820137401,2.24113665090044,1.03893801062441,0,-2.82186295636057
80,264,2,8,463.463370286574,0.198365769481825,3,0.383687135665241,2.16199988235348,0.940644789716316,1,-2.38143842081626
81,198,1,2,466.756735764868,0.199389175542819,1,1.3210015390614,2.90872517318348,1.87314944801437,0,-2.82186295636057
82,174,1,2,469.859144851613,0.198373085795538,2,0.504497631123741,1.9745529805059,1.0887571366984,1,-2.82186295636057
83,214,2,6,472.844358287526,0.198385962508837,3,0.287422582418003,1.90110947518406,0.848977223142356,1,-2.38143842081626
84,110,1,2,475.973744674089,0.19883635482438,1,0.728545127465622,2.29964112014568,1.28042525931232,0,-2.82186295636057
85,77,1,1,479.059920615062,0.198386840465901,1,0.5244114683519,2.00565053594983,1.08626666327109,1,2.82186295636057
86,51,1,1,482.072421269873,0.198992631301735,1,0.781409888904818,2.20100666633152,1.33193942911203,1,2.82186295636057
87,69,1,1,485.007650523658,0.198205103217333,1,0.666670763801449,2.16979643964805,1.21742476853433,1,2.82186295636057
88,166,1,2,488.025667679538,0.198237587652329,2,0.56626927373145,2.23153706108315,1.1287721088047,1,-2.82186295636057
89,409,3,1,491.206910346762,0.198358160514545,3,0.552550306245394,1.98639692293364,1.1155974751091,1,-2.82186295636057
90,303,2,7,494.156840124775,0.198344991147678,3,0.184269572824633,1.78850144614262,0.735874611247709,1,-2.38143842081626
91,242,2,2,497.276139362328,0.198382158025197,3,0.558600020311133,1.97305050217801,1.11964749411709,1,2.38143842081626
92,147,1,1,500.206620328057,0.198508876592314,2,1.38321479440856,2.92249652548344,1.95328182062622,0,2.82186295636057
93,67,1,1,503.260940158108,0.198346161758309,1,0.433601373828424,2.19631076308906,0.993700945940873,1,2.82186295636057
94,390,2,6,506.537699651246,0.199015458201757,3,0.31664101566821,1.90352356628864,0.867619484926763,1,-2.38143842081626
95,314,2,2,509.64029018259,0.198318652417584,3,0.376400671812007,1.88059423690902,0.928264707767084,1,2.38143842081626
96,112,1,2,512.658987170404,0.19840352166284,2,0.76249048513273,2.51014260667398,1.3246128718547,1,-2.82186295636057
97,10,1,2,515.921171394615,0.199018677380081,2,1.3510133534437,3.0716893457793,1.90242436321023,1,-2.82186295636057
98,25,1,1,519.156573225626,0.19832304220472,1,0.27287189630988,1.66048408833376,0.824529612196784,1,2.82186295636057
99,321,2,1,522.058388286172,0.198336796876902,3,0.246385374863166,1.81440675957128,0.828967981173264,1,2.38143842081626
100,411,3,1,525.140701505785,0.198239928873591,3,0.760542882235313,2.16392582896151,1.3113562954386,1,-2.82186295636057
101,238,2,6,528.058147725753,0.198244318662546,3,0.271064181342808,1.91901893491558,0.833257975295055,1,-2.38143842081626
102,302,2,6,531.221705983078,0.198909225315219,3,0.251877000462628,1.72303096761607,0.803833221978493,1,-2.38143842081626
103,278,2,6,534.225789071827,0.198445663636448,3,0.228103953706523,1.7748892968466,0.788871359000041,1,-2.38143842081626
104,416,3,1,537.289244344709,0.198338845444596,3,0.881986385216806,2.31962548664524,1.43396367771857,1,-2.82186295636057
105,63,1,1,540.241591433007,0.198357282557481,1,1.39602331972856,2.86320394284849,1.97750496704612,1,2.82186295636057
106,227,2,3,543.223340155066,0.198196908944738,3,0.355359829511144,1.82517022868706,0.90609276325813,1,2.38143842081626
107,317,2,5,546.207694655666,0.198249879060313,2,0.583122842968805,2.28084199658224,1.1449121910573,0,-2.38143842081626
108,266,2,2,549.420872157356,0.198855962546077,3,0.421752456304603,1.875576708484,0.973171660343723,1,2.38143842081626
109,124,1,2,552.389459415088,0.198427519175311,3,0.677259811982367,2.44309941320171,1.23954140170463,0,-2.82186295636057
110,252,2,4,555.669894039282,0.199030090831002,3,0.309215541841695,1.96270552624628,0.860315461919527,1,2.38143842081626
111,338,2,2,558.837993386638,0.198276510445794,3,0.171987822141091,1.84242004951011,0.723212997520022,1,2.38143842081626
112,157,1,1,562.022706035463,0.198478148071445,1,0.681251300475196,2.21788218451002,1.23232195529272,1,2.82186295636057
113,210,2,2,565.073334053259,0.198216809320002,3,0.313525728990498,2.09493444728651,0.875571440737986,1,2.38143842081626
114,165,1,1,598.700529496307,0.198316311196322,2,0.835929308013874,2.75555959416124,1.39008042385467,0,2.82186295636057
115,378,2,2,602.136177096951,0.199028627566804,3,0.217555291583267,1.68765483150491,0.786612373760363,1,2.38143842081626
116,289,2,1,605.120756647384,0.198217394625317,3,0.120597444381929,1.62313196202194,0.671740384388613,1,2.38143842081626
117,360,2,8,608.137492862936,0.198526728398065,3,0.097485792450243,1.75035740195926,0.649330220679985,1,-2.38143842081626
118,29,1,1,611.304819314837,0.198445078329314,1,0.77448777751124,2.37490580245139,1.35672856561359,1,2.82186295636057
119,226,2,2,614.419724081297,0.198727488066652,3,0.185231814495637,1.58803706503568,0.736710427006983,1,2.38143842081626
120,367,2,7,617.33711850176,0.198345283801245,3,0.31175459559563,1.79850782304129,0.863329198151405,1,-2.38143842081626
121,365,2,5,620.338493383564,0.198319237722899,3,0.358573740108113,1.82914737720421,0.927861139865854,1,-2.38143842081626
122,368,2,8,623.323722622717,0.198255732111647,3,0.342284112390189,1.78785000150674,0.903212769249876,1,-2.38143842081626
123,162,1,2,626.284695353057,0.19902277451547,2,0.562539123991883,2.29887085856535,1.11385092453384,1,-2.82186295636057
124,357,2,5,629.535875547735,0.198621840487249,3,0.348032394298571,2.08776036202289,0.919260080638196,1,-2.38143842081626
125,371,2,3,632.789491782461,0.198289679810841,3,0.209787999547189,1.70600561132051,0.771069302763863,1,2.38143842081626
126,173,1,1,635.800719691217,0.199305769556304,1,0.868076608250703,2.25480791601876,1.41978348976954,1,2.82186295636057
127,444,3,1,638.702294483997,0.198918882852013,3,1.02185909890613,2.42541061351403,1.57394028307135,1,-2.82186295636057
128,407,3,1,641.620569496061,0.198314555280376,3,0.443417526554185,2.0748684307182,1.00544802036529,1,-2.82186295636057
129,32,1,2,644.766273897643,0.19897419418885,2,0.347434212431835,2.01709734883116,0.898120029112761,1,-2.82186295636057
130,15,1,1,647.951177648602,0.199082475641262,2,0.619354402562749,2.07196385389398,1.1708052130798,0,2.82186295636057
131,300,2,4,650.918643754312,0.198372207838474,3,0.196909237607542,1.69678442128316,0.760570391577858,1,2.38143842081626
132,326,2,6,653.93395767834,0.198824648721711,3,0.181890014724559,1.76926919676589,0.73362469823951,1,-2.38143842081626
133,244,2,4,657.035757462421,0.198400302486334,3,0.171772722496826,1.89150491027067,0.723657244132482,1,2.38143842081626
134,404,3,1,660.269526292053,0.19824900110325,3,0.438154169964037,1.85778518774168,0.98970594561797,1,-2.82186295636057
135,191,1,1,663.203578497176,0.198449175464702,2,0.339554541806137,1.89148939968618,0.890280451889339,0,2.82186295636057
136,292,2,4,666.269815140147,0.198226759506724,3,0.0183434635018784,1.64968813478117,0.579808845188381,1,2.38143842081626
137,347,2,3,669.415859604023,0.199351130708237,3,0.198079847914414,1.93515521268455,0.749734637276561,1,2.38143842081626
138,401,3,1,672.667824985565,0.198455321171423,3,0.311926090005727,1.71517851368299,0.863333587942179,1,-2.82186295636057
139,271,2,7,675.585310420978,0.198319530374647,3,0.125318515747495,1.75758943243272,0.706443126920931,1,-2.38143842081626
140,400,2,8,678.733118994587,0.199060526698304,3,0.255828688204929,1.84183445170493,0.807031329335587,1,-2.38143842081626
141,223,2,7,681.834064525796,0.198736852948059,3,0.0984009170570062,1.5649204380079,0.680065472233764,1,-2.38143842081626
142,391,2,7,684.815095078433,0.198937905268394,3,0.0473230922507355,1.80004044458656,0.597975253882396,1,-2.38143842081626
143,149,1,1,688.08328599678,0.199038577755346,NaN,NaN,NaN,NaN,0,2.82186295636057
144,332,2,4,691.084534452672,0.198593745839389,3,0.40098846334331,2.10652436727833,0.972118989026058,1,2.38143842081626
145,328,2,8,694.304634065755,0.198435713447907,3,0.0871212087949971,1.76605587147424,0.648430606659531,1,-2.38143842081626
146,106,1,2,697.500925513774,0.198272120656839,2,0.454756935940168,1.85791775935832,1.00634587847162,1,-2.82186295636057
147,254,2,6,700.418736964157,0.198384791898206,3,0.16203119617785,1.56406179534861,0.712449821057817,1,-2.38143842081626
148,442,3,1,703.335346490408,0.198355233989787,3,0.364276075564703,1.89534363411803,0.924457883051218,1,-2.82186295636057
149,91,1,1,706.381639445588,0.199303428336862,1,0.484811770251326,2.12108119909135,1.03622424328023,1,2.82186295636057
150,362,2,2,709.533101493962,0.198918297544878,3,0.171422710016486,1.6414654753371,0.723684168167892,1,2.38143842081626
151,50,1,2,712.517942675799,0.198359916430491,2,0.337440419594714,1.8567705612586,0.889404542729608,1,-2.82186295636057
152,322,2,2,715.551624646147,0.198337967487532,3,0.143074625530062,1.87882164025359,0.694448175765501,1,2.38143842081626
153,410,3,1,718.802091353844,0.198373085795538,3,0.403538637894599,1.98853592061641,0.95412407474214,1,-2.82186295636057
154,269,2,5,721.901722582332,0.198254854154584,3,0.259334958725958,1.65676154755784,0.839047521216344,1,-2.38143842081626
155,221,2,5,724.815089810687,0.198711392175028,3,0.0586361629048042,1.51147359059178,0.609506936012622,1,-2.38143842081626
156,331,2,3,727.783047572726,0.198711392175028,3,0.0313027049014636,1.56754114183059,0.583187226535301,1,2.38143842081626
157,118,1,2,730.833614426134,0.216749033734231,1,0.803607001538694,2.46894531815815,1.38465171855933,0,-2.82186295636057
158,435,3,1,734.014137460672,0.199018970033649,3,0.550444378304746,1.92035577188472,1.10187353253059,1,-2.82186295636057
159,136,1,2,736.898668460042,0.19900726393098,NaN,NaN,NaN,NaN,0,-2.82186295636057
160,62,1,2,740.033025843271,0.198464978704578,1,0.967934935139056,2.63708036912794,1.51957245799895,0,-2.82186295636057
161,86,1,2,743.216780932866,0.198368403354834,2,0.362919045566741,1.76556216657627,0.914088909608836,1,-2.82186295636057
162,268,2,4,746.133704182679,0.198262755775431,3,0.16806159517364,1.72039650912302,0.719274479144588,1,2.38143842081626
163,97,1,1,749.200521155708,0.198301385915329,1,0.4646842966431,2.04578520295945,1.02818215047591,1,2.82186295636057
164,263,2,7,752.297041487307,0.198473172977174,3,0.148139856324633,1.83705806900252,0.699616712920033,1,-2.38143842081626
165,7,1,1,755.500824548635,0.198360794387554,1,0.562083463928502,2.20923166699868,1.12460180958806,1,2.82186295636057
166,195,1,1,758.663053577957,0.199005215361467,1,0.464155180785383,1.950866558911,1.01548102865127,1,2.82186295636057
167,308,2,4,761.665253740028,0.217362433535527,3,0.133813342090434,1.93291642047188,0.715058233472519,1,2.38143842081626
168,445,3,1,764.979394917385,0.198953123202955,3,0.256387069321136,1.85862978307705,0.807106248395939,1,-2.82186295636057
169,288,2,8,768.096996769993,0.198983851723824,3,0.105067835402224,1.74102002885047,0.65655405688085,1,-2.38143842081626
170,23,1,1,771.266282530894,0.198344698497749,1,0.483149210964257,1.94768045031014,1.04622242590995,1,2.82186295636057
171,176,1,2,774.246846302671,0.199030676134498,2,0.488681515273129,1.95888406890117,1.04066729469923,1,-2.82186295636057
172,310,2,6,777.23196023671,0.198295532863995,3,0.268937182416266,2.02200659580376,0.820640552106852,1,-2.38143842081626
173,172,1,2,780.500186566018,0.217874575544556,1,0.624607516312608,2.3215110471956,1.20311376488462,0,-2.82186295636057
174,306,2,2,783.712993276893,0.199023652474352,3,0.118871086831859,1.62062831922776,0.669643236024058,1,2.38143842081626
175,89,1,1,786.72976314749,0.199003752097269,1,0.385190199298449,1.80402725063686,0.936450492987206,1,2.82186295636057
176,212,2,4,789.664214530727,0.198670713465617,3,0.336422573931486,1.98950694186533,0.888465420610373,1,2.38143842081626
177,90,1,2,792.832173990151,0.198390937603108,2,0.707829422177383,2.40568348862871,1.27021402560968,1,-2.82186295636057
178,104,1,2,796.045991815678,0.199046479374374,1,0.669718740387907,2.05567276291367,1.22127344256842,0,-2.82186295636057
179,163,1,1,798.946629242255,0.198903079612137,1,0.118118677057282,1.57116388807663,0.670105627095836,1,2.82186295636057
180,319,2,7,801.914585833683,0.198299629999383,3,0.406753719102198,1.84305130111898,0.957821154743215,1,-2.38143842081626
181,251,2,3,804.865749142309,0.198270364740893,3,0.230197004933871,1.84394096495089,0.792751054206747,1,2.38143842081626
182,66,1,2,807.9947922474,0.199089499303227,1,1.1882025308023,2.87473035723087,1.73964953683389,0,-2.82186295636057
183,148,1,2,811.196248135437,0.218679955434709,2,0.172140001481239,1.70530704962039,0.75391898381713,1,-2.82186295636057
184,134,1,2,814.24536050554,0.199209779511875,2,1.35382808592658,2.82414477406019,1.90604389027794,1,-2.82186295636057
185,406,3,1,817.230834109594,0.198313969975061,3,0.905037165413887,2.37441473142826,1.45661996224226,1,-2.82186295636057
186,48,1,2,820.214642520488,0.217350434779291,1,0.546842410392856,2.29455101387975,1.12650200276767,0,-2.82186295636057
187,209,2,1,823.478378973967,0.198949611371063,3,0.175824204769015,1.91078691058647,0.726464367646258,1,2.38143842081626
188,87,1,1,826.728310127448,0.199014287591126,1,0.318997746868263,1.80476473513045,0.870475481420726,1,2.82186295636057
189,275,2,3,829.729457618201,0.198306361007781,3,0.175313233368797,1.81168889509172,0.726809112382398,1,2.38143842081626
190,113,1,1,832.880345189567,0.198425763259365,1,0.411799927482207,2.18100825250986,0.962673334463034,1,2.82186295636057
191,379,2,3,836.164232528861,0.198328309952558,3,0.368991586530683,2.12088307329577,0.919695840324493,1,2.38143842081626
192,200,1,2,839.431446865559,0.198385084551774,NaN,NaN,NaN,NaN,0,-2.82186295636057
193,394,2,2,842.327391608071,0.1993648853786,3,0.417493483359067,1.82162210884781,0.98684321811379,1,2.38143842081626
194,236,2,4,845.247504478317,0.198388303730098,3,0.158362503478202,1.60548647491487,0.72006844558382,1,2.38143842081626
195,145,1,1,848.210276144046,0.199081012378883,1,0.418402462260929,1.95474683942484,0.969926143268822,1,2.82186295636057
196,59,1,1,851.262069504402,0.198710514216145,1,0.373439320390389,2.11110701397411,0.943495811116009,1,2.82186295636057
197,34,1,2,854.51489440656,0.19838801107835,1,0.511784387628722,2.05798530357424,1.07321699222848,0,-2.82186295636057
198,262,2,6,857.576297306923,0.199044138154932,3,0.131338086595861,1.88440135428027,0.682575846036343,1,-2.38143842081626
199,253,2,5,860.844413306211,0.198845719707606,3,0.0846886805793474,1.78455561145165,0.666450981718299,1,-2.38143842081626
200,335,2,7,864.059553043426,0.198968048483948,3,0.764681867627587,2.21720498644936,1.31560180636916,1,-2.38143842081626
201,215,2,7,867.027351895116,0.19904823529032,3,0.435698522192979,2.10546233107743,0.98777414595861,1,-2.38143842081626
202,408,3,1,870.211713360848,0.198296996126373,3,0.428960489267411,1.86478573002751,0.98038759492556,1,-2.82186295636057
203,245,2,5,873.1622322485,0.218113672697655,3,0.168788836826934,1.65038698913486,0.749520415589359,1,-2.38143842081626
204,49,1,1,876.159805865987,0.199058770782358,NaN,NaN,NaN,NaN,0,2.82186295636057
205,131,1,1,879.311336687717,0.198302263872392,3,1.00003336239388,2.45333581502746,1.55184706210457,0,2.82186295636057
206,105,1,1,882.279640365103,0.198282948802444,1,0.585401435928361,1.97286847227406,1.15490773981219,1,2.82186295636057
207,203,2,3,885.182141403287,0.198370744576096,3,0.609369974607034,2.2704516595004,1.16849062385154,1,2.38143842081626
208,189,1,1,888.359188895825,0.199061404655367,1,0.850655878322868,2.45312978761285,1.40195919193866,1,2.82186295636057
209,119,1,1,891.495728004013,0.198367232744204,1,0.760546686718953,2.32466964645573,1.32354468995072,1,2.82186295636057
210,120,1,2,894.575889934536,0.199410246526895,1,0.602223398684146,2.17261614722338,1.15478775225529,0,-2.82186295636057
211,158,1,2,897.661468571601,0.198326554036612,1,0.478150704955624,2.23075567870364,1.02937997747176,0,-2.82186295636057
212,205,2,5,900.929027360382,0.198385669857089,3,0.160709869795028,1.57918022745616,0.744663553427017,1,-2.38143842081626
213,211,2,3,903.862018407262,0.198459710958559,3,0.0758537919427908,1.80643402542773,0.638304534855706,1,2.38143842081626
214,20,1,2,907.107840718567,0.199001118226079,1,0.498152337957436,1.98438581442861,1.04922240747146,0,-2.82186295636057
215,197,1,1,910.109261546828,0.220098149820842,1,0.225544414272008,1.95884748732897,0.807743353056139,1,2.82186295636057
216,287,2,7,913.357981411295,0.198997899047754,3,0.266730289335101,1.8862105325079,0.818008727484994,1,-2.38143842081626
217,336,2,8,916.49234874471,0.198786896538877,3,0.321931296295588,1.80774452366677,0.87324456009992,1,-2.38143842081626
218,438,3,1,919.492928489466,0.198329187909621,3,0.941864858308691,2.51127605010333,1.49323606732287,1,-2.82186295636057
219,144,1,2,922.577102686815,0.198439517931547,1,0.307503524269123,1.93896350066279,0.887762761774866,0,-2.82186295636057
220,414,3,1,925.723714018732,0.198955464422397,3,0.41077944794597,2.08055115845127,0.961926485086224,1,-2.82186295636057
221,375,2,7,928.908550166943,0.198964244000308,3,0.157153263031432,1.54338910998922,0.709008519408599,1,-2.38143842081626
222,370,2,2,931.809761192571,0.198240221525339,3,0.188901677805916,1.95420689542152,0.749351555052272,1,2.38143842081626
223,353,2,1,935.090610798119,0.199040041017724,3,0.236431968080069,1.88923187770888,0.787827467258467,1,2.38143842081626
224,82,1,2,938.258115475439,0.198728366023715,2,0.480881446148487,2.23393066650715,1.03255350201289,1,-2.82186295636057
225,109,1,1,941.525532620373,0.198336504223334,1,0.307845342478686,1.99023740269695,0.870797691908592,1,2.82186295636057
226,239,2,7,963.59764426382,0.198314555280376,3,0.328944129989395,2.22179699802837,0.880809921858599,1,-2.38143842081626
227,84,1,2,967.007097702941,0.198228515424489,1,0.598960907762375,2.03655962313314,1.1506666186724,0,-2.82186295636057
228,250,2,2,969.959659598229,0.198283826761326,3,0.168709527977626,1.93985901754786,0.738958291447489,1,2.38143842081626
229,425,3,1,973.245882597737,0.198286753286084,3,0.267960600767765,1.84554733494406,0.827406972332028,1,-2.82186295636057
230,272,2,8,976.339555712417,0.199397077161848,3,0.117798222487181,1.70394592248704,0.669470863655079,1,-2.38143842081626
231,249,2,1,979.440939051881,0.198348795633137,3,0.230978679966938,1.65029655949002,0.782441781891976,1,2.38143842081626
232,132,1,2,982.375416481198,0.198269779437396,2,0.325718805941506,2.02803670214598,0.876627331233976,1,-2.82186295636057
233,372,2,4,985.592986112757,0.198240806830654,3,0.157609801051876,1.75431377214227,0.719825543945262,1,2.38143842081626
234,389,2,5,988.705779098227,0.199044138154932,3,0.23945419123811,1.64171013288978,0.790725605726038,1,-2.38143842081626
235,17,1,1,991.623679807646,0.198468783188218,1,0.441056405565178,1.84378966356962,0.99250750873216,1,2.82186295636057
236,385,2,1,994.541646363894,0.198433957531961,3,0.65667784892139,2.43777020978268,1.21906918336208,1,2.38143842081626
237,381,2,5,997.838815155072,0.199282650004534,3,0.122665327487994,1.89239808593629,0.674469954969027,1,-2.38143842081626
238,449,3,1,1001.12351226404,0.198375427016799,3,0.31988038704003,1.73558429989316,0.881861715219202,1,-2.82186295636057
239,164,1,2,1004.0552051041,0.198815283838485,1,0.494999006445141,2.16384213032325,1.04603395764752,0,-2.82186295636057
240,218,2,2,1007.2397167006,0.198615402130599,3,0.187285064972457,1.75535737123028,0.7380209252442,1,2.38143842081626
241,13,1,1,1010.3229260224,0.198578820556577,1,0.322561669945571,1.74408790581037,0.892936566675417,1,2.82186295636057
242,361,2,1,1013.25916287901,0.198364598871194,3,0.0408440568553488,1.50373527116244,0.602936593015329,1,2.38143842081626
243,52,1,2,1016.23813520608,0.199085109514272,1,0.398062815533194,1.90073663580006,0.949246726901038,0,-2.82186295636057
244,169,1,1,1019.25613889994,0.19843278692133,1,0.319271669679438,1.93870977088045,0.870948993289858,1,2.82186295636057
245,257,2,1,1022.40907679525,0.198368403354834,3,0.122084119469946,1.81794668513976,0.683345229661427,1,2.38143842081626
246,432,3,1,1025.62046765297,0.199032139398696,3,0.369640104639984,1.83834895951804,0.920510585097873,1,-2.82186295636057
247,153,1,1,1028.60493687338,0.199120813129412,1,0.310465753649623,2.04603922539536,0.861883201772798,1,2.82186295636057
248,405,3,1,1031.85558912281,0.198842793181029,3,0.422880924641504,1.85903891137968,0.974816953130357,1,-2.82186295636057
249,311,2,7,1034.82450356612,0.198364013567698,3,0.319342491602583,1.86621241133798,0.881922586955625,1,-2.38143842081626
250,115,1,1,1037.88742006561,0.199008434539792,1,0.563974877532019,2.09928297192346,1.11498407530962,1,2.82186295636057
251,293,2,5,1040.93854354422,0.198607207858004,3,0.131482071663413,1.78402766620457,0.683037944454554,1,-2.38143842081626
252,117,1,1,1044.12387134876,0.198458540347929,1,0.351523446886858,1.99852620162528,0.914003162402878,1,2.82186295636057
253,42,1,2,1047.28649223988,0.199050869165148,2,0.508384349992411,2.24428998241456,1.059533435704,1,-2.82186295636057
254,402,3,1,1050.53742426517,0.218372377577907,3,0.42913666612003,1.92917456462783,1.0116902998252,1,-2.82186295636057
255,201,2,1,1053.55356434742,0.199278845520894,3,0.150683007215775,1.52094880306504,0.703064745579468,1,2.38143842081626
256,103,1,1,1056.43877400812,0.198367525395952,1,0.533623586159592,2.21966151217748,1.08512912270635,1,2.82186295636057
257,141,1,1,1059.64013244285,0.198337967487532,1,0.165261202668262,1.76221480640743,0.727718383937827,1,2.82186295636057
258,243,2,3,1062.75295849806,0.198877326185539,3,0.0956745656530984,1.69731646366927,0.646131528017577,1,2.38143842081626
259,190,1,2,1065.87016000194,0.219381151007838,1,0.273521585029812,1.74013153562737,0.855236476450955,0,-2.82186295636057
260,126,1,2,1068.85245598432,0.199090962567425,2,0.414953258994501,2.11772184016445,0.966346416951637,1,-2.82186295636057
261,219,2,3,1072.0707543208,0.19831279936443,3,0.0842049258681072,1.88347979131686,0.646607673759718,1,2.38143842081626
262,333,2,5,1075.38664029282,0.199008434539792,3,0.0173054248134576,1.58700253817733,0.569327493158198,1,-2.38143842081626
263,146,1,2,1078.47149490741,0.19836518417651,2,1.28115601279569,2.85063275876928,1.832577850706,1,-2.82186295636057
264,323,2,3,1081.55623977728,0.198343527885299,3,0.704622242590631,2.11794601203837,1.26697787341618,1,2.38143842081626
265,98,1,2,1084.4855668139,0.198977413367174,1,0.771449165808008,2.1565591783019,1.3222429712896,0,-2.82186295636057
266,427,3,1,1087.38678135136,0.19829494755686,3,0.386218287800148,2.02317983998364,0.937933070939835,1,-2.82186295636057
267,341,2,5,1090.53906136368,0.198230563992183,3,0.0488284971015673,1.67918663654746,0.608265503782604,1,-2.38143842081626
268,65,1,1,1093.68533936432,0.199011361066368,1,0.390757621917146,2.07659683683596,0.942227162197014,1,2.82186295636057
269,130,1,2,1096.88651225732,0.198800358557492,2,0.176355076542677,1.57942137317877,0.728516740166015,1,-2.82186295636057
270,184,1,2,1099.80473751844,0.198372500492042,1,0.613302347279387,2.36519851648518,1.1639299260969,0,-2.82186295636057
271,154,1,2,1103.07197819387,0.198234661127572,1,0.867316589508846,2.51406444385248,1.42915539588466,0,-2.82186295636057
272,43,1,1,1106.23476882349,0.198989704775158,1,0.501888926055472,1.8871680917382,1.05279189094836,1,2.82186295636057
273,386,2,2,1109.13609837341,0.198581747083153,3,0.168823662481373,1.72171168980276,0.720669261325384,1,2.38143842081626
274,424,3,1,1112.20418077618,0.198362257649933,3,0.524004681270526,2.02174789092533,1.10402160244303,1,-2.82186295636057
275,129,1,1,1115.21790179223,0.198852158064255,1,0.312717422573769,1.79999800996302,0.864874989063537,1,2.82186295636057
276,412,3,1,1118.22013326813,0.198336796876902,3,0.363376168890682,1.86159581694119,0.926788275519357,1,-2.82186295636057
277,312,2,8,1121.23444778361,0.220561711501432,3,0.133048348252487,1.5834277869526,0.715382492528079,1,-2.38143842081626
278,192,1,2,1124.20092443096,0.198977413365355,1,0.972771604270747,2.60875189236504,1.52392654303185,0,-2.82186295636057
279,325,2,5,1127.35207509699,0.198507120676368,3,0.116579324505437,1.78567617816771,0.667879126291155,1,-2.38143842081626
280,18,1,2,1130.53632037965,0.198358453168112,3,0.0190601696631347,1.67175413905716,0.587486000233184,0,-2.82186295636057
281,46,1,2,1133.70467579801,0.198283241454192,2,0.46652800787524,1.91284806268231,1.02791554397845,1,-2.82186295636057
282,220,2,4,1136.66697951227,0.199044430808499,3,0.172422411216758,1.72650094921846,0.724763178219291,1,2.38143842081626
283,217,2,1,1139.73633231988,0.198371329881411,3,0.168275816859023,1.88905072576381,0.73768115560415,1,2.38143842081626
284,114,1,2,1142.97238383961,0.198346454411876,2,0.470655872468342,1.9489189560154,1.03058014568705,1,-2.82186295636057
285,138,1,2,1145.96668647925,0.198942002403783,2,0.393012510019616,1.79468548773912,0.943614920715845,1,-2.82186295636057
286,93,1,1,1148.88393018363,0.199094767049246,1,0.360905595838631,1.99756513056309,0.913266263216428,1,2.82186295636057
287,70,1,2,1152.0357896542,0.198215053404056,1,0.855332466497202,2.65335975400922,1.41566703862736,0,-2.82186295636057
288,280,2,8,1155.34977777427,0.198980925197247,3,0.414964087140106,2.08387686233073,0.966153851555646,1,-2.38143842081626
289,231,2,7,1158.53357412787,0.198944636278611,3,0.0834481263063935,1.81983312364719,0.635389129887699,1,-2.38143842081626
290,374,2,6,1161.7854637124,0.198356404598599,3,0.0503324386936583,1.6316882454048,0.610800460401151,1,-2.38143842081626
291,329,2,1,1164.88279791081,0.198865034777555,3,0.552663855447463,2.05453522234711,1.10351589878883,1,2.38143842081626
292,44,1,2,1167.90054319245,0.198832842992488,2,1.06610875379374,2.4687878710738,1.6178650935999,1,-2.82186295636057
293,339,2,3,1170.81865256315,0.19830255652596,3,0.258203856516047,2.02264867555641,0.821434518547903,1,2.38143842081626
294,350,2,6,1174.11578682133,0.198972145621156,3,0.0830638734732929,1.66952412642422,0.634573214505508,1,-2.38143842081626
295,142,1,2,1177.21786111353,0.198347332370759,2,0.792888893571217,2.2791662679283,1.34425863932483,1,-2.82186295636057
296,186,1,2,1180.21983446985,0.198318652417584,2,0.356243640293542,1.97305547727046,0.938151097110676,1,-2.82186295636057
297,388,2,4,1183.3522070833,0.198289972464408,3,0.190311385267705,1.72059639083272,0.752677551587112,1,2.38143842081626
298,81,1,1,1186.39803179436,0.198990875385789,1,0.833012147129921,2.41907585583976,1.38417732873313,1,2.82186295636057
299,351,2,7,1189.49912014003,0.19881206466016,3,0.200131927782422,1.66966957475597,0.751795789372409,1,-2.38143842081626
300,92,1,2,1192.48386796569,0.198421080818662,2,0.576002313126082,2.02895065614211,1.12767729551524,1,-2.82186295636057
301,247,2,7,1195.45237503662,0.198355819293283,3,0.138149282664017,1.88466240037633,0.698329626888153,1,-2.38143842081626
302,135,1,1,1198.71506964692,0.199183733433529,1,0.392612161294892,1.84555494391134,0.944338650539066,1,2.82186295636057
303,96,1,2,1201.68291942016,0.198273291267469,2,1.23733246005941,2.97361854082919,1.80553558201609,1,-2.82186295636057
304,418,3,1,1204.93489914168,0.198479026030327,3,0.514814512407611,1.96167099938793,1.07698226027969,1,-2.82186295636057
305,95,1,1,1207.89847326077,0.198215638709371,1,0.376494905944128,1.81406025892102,0.928210859692626,1,2.82186295636057
306,137,1,1,1210.85068104644,0.19827826636174,1,0.447963006374266,2.04571877082344,1.02751578055904,1,2.82186295636057
307,296,2,8,1213.96387496594,0.19934059521438,3,0.260900942663284,1.94857128475451,0.813490171702142,1,-2.38143842081626
308,256,2,8,1217.16634460251,0.198320115679962,3,0.0245456495576946,1.79416193227917,0.575565675480902,1,-2.38143842081626
309,277,2,5,1220.45077481233,0.217944519510638,3,0.0174865767585288,1.54793429715573,0.596580764355167,1,-2.38143842081626
310,279,2,7,1223.49736539518,0.198922979987401,3,0.0931252690570545,1.47929029408806,0.644442922652161,1,-2.38143842081626
311,234,2,2,1226.39903822657,0.198266560259071,3,0.122034368532695,1.64175578669165,0.673224718255369,1,2.38143842081626
312,246,2,6,1229.43424316093,0.198244318662546,3,0.0589378877084528,1.62229087851665,0.620869172298626,1,-2.38143842081626
313,36,1,2,1232.51381481121,0.198380109459322,1,0.475615163031762,2.14272432039434,1.03905946144368,0,-2.82186295636057
314,14,1,2,1235.6969225533,0.19925514066199,2,0.541541594271621,2.2951693887735,1.09381709974878,1,-2.82186295636057
315,54,1,2,1238.965279113,0.198332992393262,2,0.316870162636405,1.8031826553015,0.868666303191276,1,-2.82186295636057
316,384,2,8,1241.96729929374,0.198332992393262,3,0.0572996185856027,1.53717931496612,0.616389246657491,1,-2.38143842081626
317,433,3,1,1244.96258553869,0.198961317473731,3,0.248514129705654,1.91761039806261,0.799431727225965,1,-2.82186295636057
318,354,2,2,1248.14765844284,0.198829038510667,3,0.188473819740466,1.92467854309325,0.740490035033872,1,2.38143842081626
319,430,3,1,1251.39854042454,0.217544463437662,3,0.448597769813205,1.91369090210537,1.02935539465398,1,-2.82186295636057
320,161,1,1,1254.37909366082,0.198962195432614,1,0.462236843144638,1.96514566342921,1.01366277819216,1,2.82186295636057
321,183,1,1,1257.39663232974,0.19878777449776,1,0.0728248377745331,1.45941976944232,0.624737746709798,1,2.82186295636057
322,102,1,2,1260.29832330559,0.19837396375442,2,0.343657238277956,2.14180334273624,0.904581798004074,1,-2.82186295636057
323,5,1,1,1263.6124530695,0.19925250678898,1,0.457290721946265,2.04341969218149,1.0087877715705,1,2.82186295636057
324,99,1,1,1266.71367896188,0.198477270114381,1,0.0709881502043572,1.79018975885629,0.622364041661058,1,2.82186295636057
325,38,1,2,1269.94780629092,0.198303434483023,1,0.0581029499080614,1.44424544069261,0.609881823964315,0,-2.82186295636057
326,446,3,1,1272.84918500647,0.198308116923727,1,0.203694094943785,1.75065912676473,0.782843593879079,0,-2.82186295636057
327,423,3,1,1275.9127646567,0.198663397151904,3,0.241430181435135,1.69504606497867,0.793360649524402,1,-2.82186295636057
328,330,2,2,1278.88106072512,0.19835611194685,3,0.0540731239289016,1.60669103291912,0.605379949376584,1,2.38143842081626
329,318,2,6,1281.94836233081,0.198362257649933,3,0.0193305806424178,1.73345642300774,0.598950079614951,1,-2.38143842081626
330,57,1,1,1285.17837847646,0.198913322452427,1,0.468747485016138,2.23740064810772,1.01973912364156,1,2.82186295636057
331,443,3,1,1288.46286253435,0.198297874083437,3,0.202936710076756,1.67267072692812,0.754551406032988,1,-2.82186295636057
332,261,2,5,1291.44741955054,0.198320115679962,3,0.0168705430842238,1.498284031617,0.597406629927718,1,-2.38143842081626
333,235,2,3,1294.44479884671,0.198973316229967,3,0.0175304746444453,1.60339137511983,0.569028402223921,1,2.38143842081626
334,373,2,5,1297.54598640161,0.198461174220938,3,0.0181664086940145,1.67089783761912,0.569728719839986,1,-2.38143842081626
335,342,2,6,1300.7142546095,0.198340016055226,3,0.445955995000986,2.18120111055759,0.996573330980027,1,-2.38143842081626
336,22,1,2,1303.96458698966,0.219588349031255,1,0.583227905242893,2.14680184874487,1.16178244148796,0,-2.82186295636057
337,259,2,3,1307.04421599984,0.198873814353647,3,0.157716326590162,1.64327114173466,0.708745132089462,1,2.38143842081626
338,74,1,2,1310.04547996632,0.198442444456305,3,0.533567396863873,1.96983834749517,1.08528218000356,0,-2.82186295636057
339,61,1,1,1334.39469935947,0.198434542837276,1,0.532083648300613,2.45247717236816,1.08380194327219,1,2.82186295636057
340,309,2,5,1337.830737066,0.198380694762818,3,0.224700989547273,1.70437670707906,0.785340505663044,1,-2.38143842081626
341,107,1,1,1340.82635137449,0.199267139418225,1,0.487404379427971,2.27683470484953,1.0587933173374,1,2.82186295636057
342,45,1,1,1344.1309869035,0.198374256406169,1,0.577231746599864,1.95625751202533,1.1383520909003,1,2.82186295636057
343,31,1,1,1347.02554125362,0.199103839280724,1,0.140747452240248,1.6934458406904,0.691964726000151,1,2.82186295636057
344,68,1,2,1350.09346094156,0.198930296301114,2,0.285297339407407,1.90547965610858,0.837506120096805,1,-2.82186295636057
345,80,1,2,1353.22871354902,0.198373671100853,1,0.329074653038333,1.89805710880864,0.88008970386727,0,-2.82186295636057
346,295,2,7,1356.31255587835,0.198358160514545,3,0.345098552217678,1.94222335771337,0.907777564141725,1,-2.38143842081626
347,167,1,1,1359.42521307303,0.198994679869429,1,0.757733417498457,2.47751008846535,1.30925446463516,1,2.82186295636057
348,421,3,1,1362.66023767486,0.199055844255781,3,0.47926717453629,2.09853378132721,1.03109550687441,1,-2.82186295636057
349,285,2,5,1365.79435508298,0.198328017298991,3,0.163895100438822,1.88462757472007,0.733687033236492,1,-2.38143842081626
350,359,2,7,1369.03026027642,0.198236709695266,3,0.328999148674484,1.82464374670235,0.890418876559124,1,-2.38143842081626
351,55,1,1,1372.04206266219,0.199393565331775,2,0.899843752788001,2.38880358066308,1.47092247896762,0,2.82186295636057
352,363,2,3,1375.04609453673,0.198407911451795,3,0.196880850307934,1.77642952735732,0.758776138629401,1,2.38143842081626
353,47,1,1,1378.14118613845,0.199061404657186,NaN,NaN,NaN,NaN,0,2.82186295636057
354,440,3,1,1381.29302687926,0.198233490516941,3,0.794815425482739,2.49745084973256,1.34610059464103,1,-2.82186295636057
355,175,1,1,1384.52819458821,0.198301093263581,2,0.899386629464061,2.33440268584854,1.45001479358871,0,2.82186295636057
356,403,3,1,1387.47830610347,0.198255439459899,3,0.721389479314894,2.16826498871524,1.28351069542623,1,-2.82186295636057
357,284,2,4,1390.44074297466,0.199267724723541,3,0.365673784270257,1.90154377160798,0.917055528778292,1,2.38143842081626
358,348,2,4,1393.49190683932,0.198448590161206,3,0.586877575524341,2.18672551324562,1.150400890132,1,2.38143842081626
359,139,1,1,1396.60773843649,0.198972438272904,NaN,NaN,NaN,NaN,0,2.82186295636057
360,152,1,2,1399.86060987041,0.198404692273471,NaN,NaN,NaN,NaN,0,-2.82186295636057
361,415,3,1,1402.86400551826,0.198345283801245,3,0.614920716028792,2.14220164289327,1.17428748608654,1,-2.82186295636057
362,123,1,1,1405.90689931376,0.198868253955879,NaN,NaN,NaN,NaN,0,2.82186295636057
363,420,3,1,1409.00732246012,0.199069013622648,NaN,NaN,NaN,NaN,0,-2.82186295636057
364,8,1,2,1412.10846845834,0.198975950104796,NaN,NaN,NaN,NaN,0,-2.82186295636057
365,179,1,1,1415.04316566975,0.198382158027016,NaN,NaN,NaN,NaN,0,2.82186295636057
366,182,1,2,1418.26307125417,0.198325676079548,NaN,NaN,NaN,NaN,0,-2.82186295636057
367,233,2,1,1421.40689126581,0.217913790989769,NaN,NaN,NaN,NaN,0,2.38143842081626
368,369,2,1,1424.67704910213,0.198333870350325,3,0.232873020097031,1.71300410503864,0.795036085524771,1,2.38143842081626
369,448,3,1,1427.67323525375,0.199075744632864,3,0.414832686132286,1.90099358476255,0.966267108104148,1,-2.82186295636057
370,258,2,2,1430.67454575199,0.19828733858958,3,0.455789121577254,1.97162411351928,1.03695148493352,1,2.38143842081626
371,143,1,1,1433.70641034983,0.198829038510667,2,1.24780854434175,2.65174284852219,1.79989733747607,0,2.82186295636057
372,53,1,1,1436.62535582895,0.198375719670366,2,1.14294849226826,2.92444412837904,1.70576153907314,0,2.82186295636057
373,301,2,5,1439.92235400368,0.198989119469843,3,0.37782764577787,2.03550519589953,0.950623071967129,1,-2.38143842081626
374,101,1,1,1443.0951115021,0.198332407087946,NaN,NaN,NaN,NaN,0,2.82186295636057
375,75,1,1,1446.35519916325,0.199045894069059,3,0.0165252130445879,1.46945833812424,0.567849597646273,0,2.82186295636057
376,194,1,2,1449.32298338231,0.199286747139922,NaN,NaN,NaN,NaN,0,-2.82186295636057
377,37,1,1,1452.50705482934,0.198536971240173,1,0.34113749959397,2.01073361855197,0.892833260317275,1,2.82186295636057
378,304,2,8,1455.69196414069,0.19838420659471,3,0.169514322564282,1.92167446439453,0.72070555024402,1,-2.38143842081626
379,193,1,1,1458.96071900056,0.198352600116777,1,0.42030733788306,2.14900757121359,0.980443198915964,1,2.82186295636057
380,439,3,1,1462.20555419472,0.199340887867947,3,0.675487507978687,2.46418122686373,1.24640966502739,1,-2.82186295636057
381,305,2,1,1465.50916134258,0.198395327392063,3,0.424575675713641,1.90442025378252,0.986695428560779,1,2.38143842081626
382,340,2,4,1468.50464132354,0.198978583975986,3,0.628482529080429,2.38089903456785,1.17940685761096,1,2.38143842081626
383,377,2,1,1471.77238331283,0.198330065866685,3,0.189620432534866,1.57726247512073,0.740584561815922,1,2.38143842081626
384,337,2,1,1474.67508979313,0.198443907718683,3,0.167975847967682,1.89833893324067,0.730727437729001,1,2.38143842081626
385,274,2,2,1477.92150940834,0.199306940168753,1,0.799021428314518,2.45183948240265,1.35060100596456,0,2.38143842081626
386,33,1,1,1481.08953676316,0.198311043448484,1,0.413734653664505,1.99596344301062,0.994842290989254,1,2.82186295636057
387,4,1,2,1484.18750543236,0.199378640048963,3,0.0643613252595969,1.43385159178069,0.615654688688664,0,-2.82186295636057
388,422,3,1,1487.0723568863,0.198245489273177,NaN,NaN,NaN,NaN,0,-2.82186295636057
389,204,2,4,1490.00595489463,0.198369573963646,3,0.667348547171059,2.10319720013285,1.21885203515012,1,2.38143842081626
390,291,2,3,1492.9570722568,0.198293776948049,3,0.0931167821327108,1.76039099554873,0.675625932646653,1,2.38143842081626
391,376,2,8,1496.14043402133,0.198402643705776,3,0.0300820510037738,1.64888275489102,0.581086273687106,1,-2.38143842081626
392,358,2,6,1499.27423038957,0.198333870350325,3,0.0312991930695716,1.79494536322818,0.593394070448994,1,-2.38143842081626
393,327,2,7,1502.55406858781,0.19819017793634,3,0.1278382544333,1.69919734177711,0.678856817094129,1,-2.38143842081626
394,450,3,1,1505.64043299705,0.198472880325426,3,0.511286292943623,2.10838856419105,1.07388102092409,1,-2.82186295636057
395,447,3,1,1508.75318910829,0.199117593951087,3,0.4958714037748,1.93182921614971,1.04710740730116,1,-2.82186295636057
396,429,3,1,1511.70488416665,0.198325090772414,3,0.315234527384746,1.86805202543292,0.866618320460475,1,-2.82186295636057
397,72,1,2,1514.77289194301,0.198400009834586,1,0.57366079986059,2.17600974650122,1.12500713340705,0,-2.82186295636057
398,232,2,8,1517.90866605736,0.198441859150989,3,0.357828061343753,1.93640454653359,0.91789983146009,1,-2.38143842081626
399,276,2,4,1521.00336140749,0.198347917674255,3,0.304582851553278,1.80951243788149,0.856054440402659,1,2.38143842081626
400,28,1,2,1524.02350936679,0.198330651172,2,0.697383773760521,2.47741907351519,1.25923457889076,1,-2.82186295636057
401,255,2,7,1527.31958422263,0.198961902779047,3,0.280222158424294,1.74918152390637,0.831413971409347,1,-2.38143842081626
402,116,1,2,1530.30418162487,0.198611890298707,1,0.592144151294633,2.22846830616436,1.14411529809149,0,-2.82186295636057
403,396,2,4,1533.45556963214,0.198362257651752,3,0.282156884608412,1.81330521527525,0.844763611345115,1,2.38143842081626
404,282,2,2,1536.50224157241,0.199048527942068,3,0.169833021218437,1.62265610893337,0.72120481553975,1,2.38143842081626
405,281,2,1,1539.47057919749,0.198289972464408,3,0.778123107818828,2.21426090152818,1.32932457833886,1,2.38143842081626
406,11,1,1,1542.42164037037,0.198295240210427,1,0.47245129602743,1.88716633582226,1.0337902518022,1,2.82186295636057
407,437,3,1,1545.35220210821,0.198839574004523,3,0.507538876699982,1.87626444203852,1.0583080993656,1,-2.82186295636057
408,12,1,2,1548.23616272771,0.198500974973285,2,0.41662606112186,2.15234088406214,0.967642282561428,1,-2.82186295636057
409,345,2,1,1551.48685507054,0.198248123146186,3,0.393809988290741,1.90972721560684,0.955540805865894,1,2.38143842081626
410,160,1,2,1554.51875654261,0.198860059683284,1,0.53927909720187,1.90975062781217,1.09133306467811,0,-2.82186295636057
411,320,2,8,1557.40429807133,0.198328309950739,3,0.198923857944465,1.9682849476194,0.750094014640126,1,-2.38143842081626
412,122,1,2,1560.68879763982,0.198428397134194,2,0.508029362417801,2.17153801513086,1.06650266416364,1,-2.82186295636057
413,313,2,1,1563.86792208769,0.198812064661979,3,0.415362387295318,2.18438429263551,0.966147413200815,1,2.38143842081626
414,225,2,1,1567.15199730994,0.198698808113477,3,0.3066112265642,1.89226931880148,0.857515069412329,1,2.38143842081626
415,441,3,1,1570.25276607899,0.198633839241666,3,0.354325595306364,1.82351410775664,0.905831717160254,1,-2.82186295636057
416,19,1,1,1573.25363320858,0.19835874581986,2,0.676953112082629,2.06278451317667,1.22829329992419,0,2.82186295636057
417,241,2,1,1576.15447022421,0.198382743332331,3,0.257045244965411,1.93770860641416,0.819767569471878,1,2.38143842081626
418,434,3,1,1579.35172888899,0.198328017298991,3,0.47539830747337,2.01257586652173,1.02686609183911,1,-2.82186295636057
419,88,1,2,1582.40390035648,0.198357282557481,2,0.43683225827408,1.98451897134873,0.998704134390209,1,-2.82186295636057
420,196,1,2,1585.46758067919,0.198774019827397,2,0.564583009587295,1.98468519801281,1.11586788609202,1,-2.82186295636057
421,431,3,1,1588.40233905498,0.198197786901801,3,0.546629359316285,2.0657830314758,1.09781005150398,1,-2.82186295636057
422,94,1,2,1591.43656652974,0.198240514178906,2,0.42208461698101,2.10353755508004,0.983259979964714,1,-2.82186295636057
423,35,1,1,1594.63396976489,0.198954586465334,1,0.482576489872372,2.20207748211033,1.03432931784664,1,2.82186295636057
424,265,2,1,1597.86848661451,0.198270364742712,3,0.110774267996021,1.66339715208051,0.661958179362045,1,2.38143842081626
425,299,2,3,1600.9358839176,0.198325383425981,3,0.22836851163629,1.76426220383109,0.779723039453529,1,2.38143842081626
426,346,2,2,1603.98762986824,0.217267028796414,3,0.198576771988883,1.92831153217958,0.777211495042138,1,2.38143842081626
427,171,1,1,1607.23342905999,0.198871473134204,3,0.249373650323832,1.63463408624011,0.800177113338577,0,2.82186295636057
428,294,2,6,1610.13387040934,0.198664860414283,3,0.668973354277114,2.03819555103837,1.22011600162841,1,-2.38143842081626
429,393,2,1,1613.03655874518,0.19828967981266,3,0.0887114828965423,1.71935320268676,0.651528919488555,1,2.38143842081626
430,64,1,2,1616.18263979062,0.199018092074766,1,0.938693674988826,2.32487801508978,1.49001103592855,0,-2.82186295636057
431,150,1,2,1619.08364449619,0.198920346114392,3,0.641855288567967,2.3119228708274,1.19376322240896,0,-2.82186295636057
432,270,2,6,1622.28707256994,0.198431908964267,3,0.410213165208916,1.95666459176027,0.971522855727017,1,-2.38143842081626
433,71,1,1,1625.34953165345,0.199020725947776,1,0.421406248307903,1.79027492075693,0.972773652838441,1,2.82186295636057
434,343,2,7,1628.23395612728,0.198268608824947,3,0.246789235417964,1.66578666036912,0.797761558971615,1,-2.38143842081626
435,413,3,1,1631.16859510082,0.216830098497667,3,0.555706271632516,2.18691427415979,1.13568719653813,1,-2.82186295636057
436,181,1,1,1634.31585934064,0.198958390950793,2,0.218499388794953,1.70393889882325,0.769541948968254,0,2.82186295636057
437,78,1,2,1637.31709374921,0.198541653679058,2,0.300222913467223,1.88626145405578,0.851803369074332,1,-2.82186295636057
438,417,3,1,1640.41866789815,0.198313969975061,3,0.311895361486677,1.92864661937892,0.893919001375252,1,-2.82186295636057
439,108,1,2,1643.55039521267,0.198428689785942,2,0.400425107132833,2.06902006162636,0.951158626183314,1,-2.82186295636057
440,159,1,1,1646.73443037078,0.198254854154584,1,0.851666407668745,2.22092518600221,1.4028839740804,1,2.82186295636057
441,56,1,2,1649.61866344983,0.198270950048027,2,0.410395780418185,2.04087273680852,0.973264138558079,1,-2.82186295636057
442,168,1,2,1652.76472283899,0.199404393475561,1,0.939503444667935,2.71057099151403,1.49214037607635,0,-2.82186295636057
443,426,3,1,1656.05087033413,0.198385669857089,3,0.61207232850029,2.26442184581174,1.16320795218962,1,-2.82186295636057
444,436,3,1,1659.21859537884,0.198301971220644,3,0.224926917335324,1.68844938324946,0.7869395593425,1,-2.82186295636057
445,111,1,1,1662.19823261256,0.198324212815351,1,0.488642299827916,2.07677242838145,1.03992483511138,1,2.82186295636057
446,382,2,6,1665.3013903046,0.198307824270159,3,0.40429046236568,2.00592328815037,0.954686552993735,1,-2.38143842081626
447,206,2,6,1668.4190822942,0.198258365986476,3,0.148666923614655,1.72802303526805,0.710233855746992,1,-2.38143842081626
448,387,2,3,1671.51456839159,0.198957805645477,3,0.066370385198752,1.72048050041303,0.618557216945192,1,2.38143842081626
449,307,2,3,1674.68417255849,0.19849014682768,NaN,NaN,NaN,NaN,0,2.38143842081626
450,178,1,2,1677.76494671821,0.198941709752035,2,0.432570651453716,1.90196343540083,0.984276069711996,1,-2.82186295636057
