PresOrder,TrialNumber,Illusory_Fragmented,Fat_Thin,StimPresTime,StimPresLength,Response,RespScreenOnset_to_Resp,ExpStartOnset_to_Resp,StimOnset_to_Resp,Accuracy,StepLevel
1,188,1,2,162.177365832302,0.218937545123481,NaN,NaN,NaN,NaN,0,-19.5423406316664+0.0434798487222543i
2,285,2,5,165.25695322608,0.197378644668788,3,0.848200371610801,2.49464985626219,1.40865159637906,1,-5.24895349517517+0i
3,54,1,2,168.438900840531,0.218631429632296,NaN,NaN,NaN,NaN,0,-19.5423406316664+0.0434798487222543i
4,391,2,7,171.534729036577,0.197393569995256,3,0.322298055230931,2.04081871553717,0.871907348264358,1,-5.24895349517517+0i
5,6,1,2,174.773652177299,0.197313382954235,2,0.446206055525181,2.22573617702619,1.00577317427451,1,-19.5423406316664+0.0434798487222543i
6,347,2,3,178.070868370047,0.198018970380872,3,0.289298746769418,1.67251524797575,0.837099441589089,1,5.24895349517517+0i
7,152,1,2,180.969119209742,0.197316894795222,2,1.40683860836361,3.17453206910977,1.96219093236687,1,-19.5423406316664+0.0434798487222543i
8,354,2,2,184.249921056737,0.197318065407671,3,0.490534563687106,2.09342843789454,1.04175081672292,1,5.24895349517517+0i
9,62,1,2,187.394450295888,0.197575307776788,2,0.959376191647607,2.70110280593144,1.51488508524017,1,-19.5423406316664+0.0434798487222543i
10,366,2,6,190.651562432782,0.197501851765992,3,0.299665701983031,1.88429887992606,0.849324746101047,1,-5.24895349517517+0i
11,107,1,1,193.749994366422,0.197352598512225,1,0.859229016235986,2.54538249950019,1.40899663477649,1,19.5423406316664+-0.0434798487222543i
12,28,1,2,196.94983217789,0.237456361714067,2,0.572584343450217,2.02546465317027,1.17428594757257,1,-19.5423406316664+0.0434798487222543i
13,397,2,5,199.916494562061,0.197342355642832,3,0.257362648233538,1.62662748232287,0.808673135672507,1,-5.24895349517517+0i
14,203,2,3,202.80097166793,0.197257778801941,3,0.371537873304987,2.0061483559748,0.920877925180321,1,5.24895349517517+0i
15,379,2,3,205.949422463083,0.197217977933178,3,0.147341053334458,1.61772906203623,0.694107218267163,1,5.24895349517517+0i
16,430,3,1,208.93330311199,0.197419908803568,NaN,NaN,NaN,NaN,0,-19.5423406316664+0.0434798487222543i
17,39,1,1,212.149633992984,0.197308407845412,NaN,NaN,NaN,NaN,0,19.5423406316664+-0.0434798487222543i
18,288,2,8,215.349358547574,0.197372206293949,3,0.284960744931595,1.73757883717553,0.836537839650191,1,-5.24895349517517+0i
19,313,2,1,218.348057703062,0.197320113982641,3,0.148650970102608,1.61916979488888,0.700279279171809,1,5.24895349517517+0i
20,326,2,6,221.331662672435,0.19730548131156,3,0.184582665960988,1.75515589501993,0.736870323215044,1,-5.24895349517517+0i
21,340,2,4,224.416341650642,0.197329478893153,3,0.199536085778163,1.73483433328147,0.75069439343315,1,5.24895349517517+0i
22,448,3,1,227.465657558609,0.197351720553343,3,0.881626076125031,2.51752803839372,1.43332959712461,1,-19.5423406316664+0.0434798487222543i
23,179,1,1,230.614892079657,0.23043414258791,NaN,NaN,NaN,NaN,0,19.5423406316664+-0.0434798487222543i
24,67,1,1,233.782787354212,0.197474342341593,2,0.59864425370688,2.20078600859051,1.15036913840777,0,19.5423406316664+-0.0434798487222543i
25,114,1,2,236.927774303331,0.197364889956589,2,0.803554334475848,2.52720052701079,1.3596511688138,1,-19.5423406316664+0.0434798487222543i
26,160,1,2,240.165281586744,0.197363134037005,2,0.264367308152941,1.83365695925568,0.81583729171507,1,-19.5423406316664+0.0434798487222543i
27,132,1,2,243.247726155989,0.197324796437897,2,0.200860342562009,1.87083711466039,0.752670389412742,1,-19.5423406316664+0.0434798487222543i
28,356,2,4,246.455512142045,0.197380107934805,3,0.273747435991027,1.88745485455001,0.820645880272423,1,5.24895349517517+0i
29,365,2,5,249.582665668913,0.197472293768442,3,0.45717704742674,1.99203075436526,1.00811235316542,1,-5.24895349517517+0i
30,319,2,7,252.631981869536,0.197607499654623,3,0.574476933203186,2.12673854430068,1.12600837398531,1,-5.24895349517517+0i
31,251,2,3,255.697587745548,0.197408202666338,3,0.091825575042094,1.64498094972441,0.677317690813652,1,5.24895349517517+0i
32,293,2,5,258.76511342808,0.197350842592641,3,0.0860161117416283,1.52159182396645,0.637385422522129,1,-5.24895349517517+0i
33,425,3,1,261.714178268669,0.197277093928278,3,1.27837048227411,2.74845266813645,1.8303090039808,1,-19.5423406316664+0.0434798487222543i
34,404,3,1,264.698027311004,0.197304310697291,3,0.606684906781084,2.09239595658255,1.15823068758073,1,-19.5423406316664+0.0434798487222543i
35,426,3,1,267.699026722477,0.197454441908121,3,0.5122772504983,2.16362955811383,1.06358832324622,1,-19.5423406316664+0.0434798487222543i
36,18,1,2,270.864406055469,0.197340892376815,2,0.51353770883361,2.21412778595004,1.07979020260609,1,-19.5423406316664+0.0434798487222543i
37,102,1,2,274.078262259034,0.197349964633759,2,0.250252047768299,1.8721403003965,0.8056614391935,1,-19.5423406316664+0.0434798487222543i
38,274,2,2,277.232005984179,0.197355817701464,3,0.154359175314312,1.82260256112568,0.705645957827073,1,5.24895349517517+0i
39,182,1,2,280.414243032874,0.197334746653723,2,0.136283436018857,1.67204670982937,0.687718886478251,1,-19.5423406316664+0.0434798487222543i
40,433,3,1,283.463629470318,0.197308700498979,3,0.616507233953598,2.10272106235607,1.16817446592904,1,-19.5423406316664+0.0434798487222543i
41,85,1,1,286.466184627443,0.198130471339027,1,0.815037762537031,2.51636005854198,1.3630398029145,1,19.5423406316664+-0.0434798487222543i
42,21,1,1,289.681280510949,0.19744917414755,2,0.180892013517223,1.54929586120852,0.732091292653422,0,19.5423406316664+-0.0434798487222543i
43,414,3,1,292.563465847783,0.197450930067134,3,0.618092244947547,2.37089140187163,1.17050193868272,1,-19.5423406316664+0.0434798487222543i
44,116,1,2,295.829807103342,0.197287044144105,2,0.284936454696435,1.90473896630829,0.853234303313002,1,-19.5423406316664+0.0434798487222543i
45,110,1,2,298.963343108933,0.197290555985091,2,0.187693279302039,1.70713234461437,0.739507130647326,1,-19.5423406316664+0.0434798487222543i
46,378,2,2,302.017198364301,0.197307237231144,3,0.34512619362431,1.86088689793542,0.894129401398459,1,5.24895349517517+0i
47,47,1,1,305.046510239505,0.197376596095637,2,0.129102013424927,1.63181125258416,0.677962113672038,0,19.5423406316664+-0.0434798487222543i
48,167,1,1,308.063133247157,0.197433078206814,2,1.29771780073315,2.76708942406185,1.84938239882649,0,19.5423406316664+-0.0434798487222543i
49,11,1,1,311.046270848998,0.197338843801845,3,0.387998750955376,1.82407870504358,0.94011842513828,0,19.5423406316664+-0.0434798487222543i
50,56,1,2,313.996166532681,0.197374840174234,2,0.117823442767985,1.75389836321847,0.669930532854778,1,-19.5423406316664+0.0434798487222543i
51,384,2,8,317.174147229845,0.197364597304841,3,0.196928251036297,1.67188955493475,0.755021859748013,1,-5.24895349517517+0i
52,134,1,2,320.162892071463,0.197335917267992,NaN,NaN,NaN,NaN,0,-19.5423406316664+0.0434798487222543i
53,87,1,1,323.329348954394,0.197301676817006,1,0.802435227747992,2.20504294542843,1.35389321251932,1,19.5423406316664+-0.0434798487222543i
54,217,2,1,326.245710066489,0.197304310697291,3,0.255407723299868,2.00826043580128,0.804192318959394,1,5.24895349517517+0i
55,48,1,2,329.512312954217,0.197406739400321,2,0.847701982815124,2.33390059323756,1.39917781944678,1,-19.5423406316664+0.0434798487222543i
56,212,2,4,332.512587170484,0.197573259203637,3,0.230770694037346,1.93325014171751,0.782231312688964,1,5.24895349517517+0i
57,19,1,1,335.728384544271,0.197522922811913,2,0.313761354587768,1.93368795125207,0.866731772301137,0,19.5423406316664+-0.0434798487222543i
58,276,2,4,338.879737290867,0.197305481309741,3,0.244949167561572,1.83011468210134,0.796300626483571,1,5.24895349517517+0i
59,209,2,1,341.978087281546,0.197357573622867,3,0.297555085424392,2.0679034981149,0.851310692298284,1,5.24895349517517+0i
60,233,2,1,345.261934772818,0.197811186442777,3,0.127169915460399,1.67984855770192,0.675088842264813,1,5.24895349517517+0i
61,197,1,1,348.328269648533,0.197462343550797,2,1.32676833642108,3.02978626641743,1.87843176390197,0,19.5423406316664+-0.0434798487222543i
62,333,2,5,351.545172959643,0.197284995570953,3,0.139564081006029,1.90882353027337,0.691385541340424,1,-5.24895349517517+0i
63,46,1,2,354.827735994997,0.19745356394742,NaN,NaN,NaN,NaN,0,-19.5423406316664+0.0434798487222543i
64,342,2,6,357.849612131773,0.197947855596794,3,0.144940124569985,1.87634573023024,0.692845589317585,1,-5.24895349517517+0i
65,242,2,2,361.094537009099,0.197280898422832,3,0.120369234982718,1.80707817446273,0.673361894358095,1,5.24895349517517+0i
66,324,2,4,364.294956322939,0.197320113982641,3,0.189860377973673,1.95893311435066,0.741266270433698,1,5.24895349517517+0i
67,408,3,1,367.597193277985,0.197305188657992,3,0.632916897253381,2.0163950306287,1.18211237833384,1,-19.5423406316664+0.0434798487222543i
68,186,1,2,370.494196828749,0.197331234812737,2,0.153648612778852,1.62334654468395,0.705791113929081,1,-19.5423406316664+0.0434798487222543i
69,357,2,5,373.477860036155,0.197450930067134,3,0.0714639197831275,1.62404569373575,0.623626321366828,1,-5.24895349517517+0i
70,299,2,3,376.544129650154,0.197547798352389,3,0.103097414670628,1.58967384067546,0.655879656225807,1,5.24895349517517+0i
71,118,1,2,379.562672171673,0.197318943370192,2,0.331836801227837,1.88284702624696,0.882908190813396,1,-19.5423406316664+0.0434798487222543i
72,191,1,1,382.627678400802,0.197320991943343,1,0.22304435075057,1.62590638426263,0.774988725526782,1,19.5423406316664+-0.0434798487222543i
73,321,2,1,385.544332751637,0.197376596093818,2,0.0198246362106147,1.72221599520708,0.571095908089774,0,5.24895349517517+0i
74,207,2,7,388.778510809594,0.197446540265446,3,0.214121347575201,1.89898715573327,0.765477488952456,1,-5.24895349517517+0i
75,275,2,3,391.977054507581,0.197496876657169,3,0.115795354478905,1.86863021511999,0.668222607419011,1,5.24895349517517+0i
76,237,2,5,395.243636031608,0.197339721762546,3,0.15251545868523,1.72201464964564,0.704495537182083,1,-5.24895349517517+0i
77,76,1,2,398.346374945822,0.197345282178503,2,0.871645716095372,2.55498562925459,1.42060151401347,1,-19.5423406316664+0.0434798487222543i
78,271,2,7,401.543211888988,0.197397081834424,3,0.142679669454083,1.84628407693162,0.695379968046836,1,-5.24895349517517+0i
79,97,1,1,404.760274110911,0.197349086673057,NaN,NaN,NaN,NaN,0,19.5423406316664+-0.0434798487222543i
80,390,2,6,408.044871087626,0.197347623405221,3,0.48032447071455,2.04827025725172,1.02915384234984,1,-5.24895349517517+0i
81,121,1,1,411.126048467506,0.197466148045351,2,0.271172085780563,1.99107641151932,0.824702349509607,0,19.5423406316664+-0.0434798487222543i
82,283,2,3,414.3597863747,0.197331234812737,3,0.171943842147812,1.74139415998434,0.724197258949062,1,5.24895349517517+0i
83,374,2,6,417.443114172007,0.197293189867196,3,0.174028119898139,1.81023005193674,0.724005863603452,1,-5.24895349517517+0i
84,434,3,1,420.592882492916,0.197313090300668,3,0.710756272075741,2.18030348746288,1.26303895422097,1,-19.5423406316664+0.0434798487222543i
85,61,1,1,423.576132473674,0.197321869904044,1,1.02806429361772,2.39775552375977,1.58067035780732,1,19.5423406316664+-0.0434798487222543i
86,98,1,2,426.459328928118,0.197523800770796,2,0.132966502009367,1.80177178241502,0.700954430640195,1,-19.5423406316664+0.0434798487222543i
87,43,1,1,429.641456817084,0.197397667141558,1,0.534431408035744,1.97174723757053,1.08846942547098,1,19.5423406316664+-0.0434798487222543i
88,332,2,4,432.5928939064,0.19745356394742,3,0.26031581402458,1.7960533343321,0.811861009520726,1,5.24895349517517+0i
89,305,2,1,435.642359652926,0.197321869902225,3,0.154363857767748,1.69065244448939,0.723160095181811,1,5.24895349517517+0i
90,420,3,1,438.692427972868,0.197317480102356,3,0.596958277277736,2.21646198973394,1.1485699051027,1,-19.5423406316664+0.0434798487222543i
91,234,2,2,441.825845453819,0.197338551150096,3,0.11011056154166,1.56327767162657,0.662163803395742,1,5.24895349517517+0i
92,252,2,4,444.792731717867,0.197323918477196,3,0.248615529770177,1.68415817215646,0.800084635371604,1,5.24895349517517+0i
93,413,3,1,447.741964834178,0.217461401207402,3,0.268860416312236,2.05508732632188,0.837455893470178,1,-19.5423406316664+0.0434798487222543i
94,60,1,2,451.04151435275,0.197330356852035,2,0.921268032207081,2.6912275084851,1.47343014113721,1,-19.5423406316664+0.0434798487222543i
95,336,2,8,454.3251212829,0.197399130409394,3,0.252305596908627,1.87186579147601,0.80393478393853,1,-5.24895349517517+0i
96,128,1,2,457.457847516442,0.197414933694745,2,1.03034055202079,2.66715676361491,1.57941224069873,1,-19.5423406316664+0.0434798487222543i
97,346,2,2,460.608207289939,0.197296116401048,3,0.25105450348201,1.82074684570762,0.803531214854956,1,5.24895349517517+0i
98,78,1,2,463.691671463745,0.197320113982641,3,0.227912347954771,1.69723012305258,0.779480077762855,0,-19.5423406316664+0.0434798487222543i
99,245,2,5,466.674414276104,0.197486341132389,3,0.207031525505954,1.81023649031158,0.759301330899689,1,-5.24895349517517+0i
100,328,2,8,469.809095727231,0.197431029633663,3,0.342761553883975,1.82786446985483,0.893989220403455,1,-5.24895349517517+0i
101,185,1,1,472.807717036907,0.19755394407548,1,0.852814638290511,2.38918194878534,1.40436861338821,1,19.5423406316664+-0.0434798487222543i
102,63,1,1,475.857679708963,0.197309871113248,1,1.09614309114113,2.69918475533086,1.64776203529982,1,19.5423406316664+-0.0434798487222543i
103,329,2,1,478.992729025456,0.197494828082199,3,0.325206445048025,1.85979530062832,0.876482399384258,1,5.24895349517517+0i
104,37,1,1,482.04186729279,0.197343233603533,1,1.04439669641033,2.7467573267968,1.5957791765959,1,19.5423406316664+-0.0434798487222543i
105,308,2,4,485.258182370499,0.197362256076303,3,0.268330128290472,1.97055526013901,0.819552234393996,1,5.24895349517517+0i
106,227,2,3,488.473800055077,0.19738800957748,3,0.177416753998841,1.73062392834072,0.730595833609186,1,5.24895349517517+0i
107,162,1,2,491.541100101815,0.197376010788503,2,0.217070708875326,1.71955957999489,0.768238674094391,1,-19.5423406316664+0.0434798487222543i
108,173,1,1,494.557561564772,0.197433956167515,1,0.341024655759611,1.72692274037036,0.89258243535005,1,19.5423406316664+-0.0434798487222543i
109,208,2,8,497.457380734215,0.198257775582533,3,0.214047598910838,1.66736630347441,0.762280835502679,1,-5.24895349517517+0i
110,90,1,2,500.424875717405,0.197321577250477,2,0.218012174967953,1.81981152533444,0.769548590858903,1,-19.5423406316664+0.0434798487222543i
111,14,1,2,503.540752429537,0.197341770337516,2,1.02106490145889,2.42356199614187,1.57274237630554,1,-19.5423406316664+0.0434798487222543i
112,170,1,2,506.45746384779,0.19820948776578,2,0.354840824335042,2.0910716997987,0.90283232918955,1,-19.5423406316664+0.0434798487222543i
113,140,1,2,509.707699799621,0.197417274923282,2,0.0875513716509886,1.67282721653464,0.639088080197325,1,-19.5423406316664+0.0434798487222543i
114,387,2,3,526.388975628115,0.197359329542451,3,0.194354656745418,1.83107282944002,0.74978307064157,1,5.24895349517517+0i
115,206,2,6,529.54063770939,0.197499217883887,3,0.189951393191222,1.79170947942657,0.740934694093085,1,-5.24895349517517+0i
116,373,2,5,532.656425162226,0.197418152882165,3,0.0792941550371324,1.53179079610709,0.63272462394707,1,-5.24895349517517+0i
117,300,2,4,535.622704755706,0.197258071455508,3,0.100005823804167,1.66948657759713,0.652923563899094,1,5.24895349517517+0i
118,279,2,7,538.705549382194,0.19730226212414,3,0.0765338478558988,1.74646877051418,0.628605234223869,1,-5.24895349517517+0i
119,219,2,3,541.889156926916,0.197338551148277,3,0.0576799430837127,1.61111919159885,0.610708306177912,1,5.24895349517517+0i
120,196,1,2,544.956361275981,0.197335624614425,2,0.307617095759269,1.99170561639949,0.875252084351814,1,-19.5423406316664+0.0434798487222543i
121,259,2,3,548.154240065367,0.197360207503152,3,0.0807468866805721,1.8016813525046,0.634659648447268,1,5.24895349517517+0i
122,247,2,7,551.388773404593,0.197500095844589,3,0.307028862360312,1.74324607090784,0.860464891684387,1,-5.24895349517517+0i
123,316,2,4,554.338736691219,0.197356403008598,3,0.234928714013222,1.72113493342658,0.788605304460361,1,5.24895349517517+0i
124,13,1,1,557.358049183922,0.197352891167611,1,1.05421609705081,2.43806326640333,1.60563545156947,1,19.5423406316664+-0.0434798487222543i
125,249,2,1,560.255445475594,0.197347330751654,3,0.247654163244079,1.9003790154602,0.800271933569093,1,5.24895349517517+0i
126,443,3,1,563.421884799318,0.197407324705637,3,0.572112878769985,2.14187955496709,1.12400135674034,1,-19.5423406316664+0.0434798487222543i
127,70,1,2,566.504897116223,0.197294360479646,2,0.51346044832826,2.08317912936218,1.06483239298905,1,-19.5423406316664+0.0434798487222543i
128,442,3,1,569.588838022471,0.197383034470477,3,0.335309719517682,1.87099719608705,0.888196145695474,1,-19.5423406316664+0.0434798487222543i
129,337,2,1,572.637989751862,0.197475220302294,3,0.169932142449397,1.589650428401,0.722906364655501,1,5.24895349517517+0i
130,250,2,2,575.570941972384,0.218220251557796,3,0.151775630805787,1.688633721109,0.722586201800368,1,5.24895349517517+0i
131,236,2,4,578.621358257262,0.197346452792772,3,0.130309501491865,1.76653455315136,0.683819279482123,1,5.24895349517517+0i
132,314,2,2,581.771187450086,0.197391814073853,3,0.136728561892596,1.65657178159381,0.690229267625909,1,5.24895349517517+0i
133,202,2,2,584.804850496532,0.197296116401048,3,0.154849369815565,1.79060617598225,0.724305833373364,1,5.24895349517517+0i
134,159,1,1,587.954399034712,0.197432200247931,1,1.00583492414808,2.62539277748874,1.55816940595287,1,19.5423406316664+-0.0434798487222543i
135,68,1,2,591.087611072953,0.197601353931532,2,0.207612735224757,1.64382057886178,0.761312737944536,1,-19.5423406316664+0.0434798487222543i
136,270,2,6,594.037343163367,0.197327137666434,3,0.289180807436423,1.74224080636668,0.84272541118662,1,-5.24895349517517+0i
137,267,2,3,597.024292576172,0.19745883170981,3,0.224539224485852,1.90735089819827,0.773708952063316,1,5.24895349517517+0i
138,427,3,1,600.220601279891,0.19740703205207,3,0.540659073090865,1.92702101339455,1.09469299337979,1,-19.5423406316664+0.0434798487222543i
139,50,1,2,603.120775437948,0.197409958585922,2,0.816933278820215,2.38662649900834,1.37082409158211,1,-19.5423406316664+0.0434798487222543i
140,49,1,1,606.204427202605,0.198025701409279,1,0.300824902231398,1.7030603647454,0.848293728056888,1,19.5423406316664+-0.0434798487222543i
141,195,1,1,609.120532242947,0.197385375697195,1,0.433606154620065,1.80311242779135,0.987122956290477,1,19.5423406316664+-0.0434798487222543i
142,45,1,1,612.004060566383,0.197468196620321,1,0.318100819691608,1.68727610183305,0.871738194580757,1,19.5423406316664+-0.0434798487222543i
143,189,1,1,614.887104255737,0.197322455211179,1,0.14473965696925,1.67621263144974,0.710531514239847,1,19.5423406316664+-0.0434798487222543i
144,232,2,8,617.932329746671,0.197366353224425,3,0.147388170538761,1.6550037445013,0.705491144160987,1,-5.24895349517517+0i
145,294,2,6,620.953834506239,0.197453271295672,3,0.311650738027311,1.69746190457226,0.864974973741482,1,-5.24895349517517+0i
146,363,2,3,623.853565587,0.19734996463194,3,0.0865256213692192,1.80573226132401,0.638609299179734,1,5.24895349517517+0i
147,230,2,6,627.104946984367,0.197361670769169,3,0.413190943781956,1.91428385802647,0.96441626907108,1,-5.24895349517517+0i
148,72,1,2,630.119891331928,0.197384497738312,2,0.747339121822733,2.48343215751993,1.29991562801479,1,-19.5423406316664+0.0434798487222543i
149,155,1,1,633.369881747527,0.197341770337516,1,0.290195436888098,2.00951855291169,0.843745893706,1,19.5423406316664+-0.0434798487222543i
150,181,1,1,636.621537653815,0.197341185030382,1,0.34142968811102,1.72569827840744,0.892779683765184,1,19.5423406316664+-0.0434798487222543i
151,407,3,1,639.519615827985,0.197336795228694,3,0.324780048995308,1.82755776905651,0.877992491097757,1,-19.5423406316664+0.0434798487222543i
152,133,1,1,642.536337167192,0.197314846222071,1,0.617709454258147,2.37067776486401,1.16965002453981,1,19.5423406316664+-0.0434798487222543i
153,101,1,1,645.803264900231,0.19723992694162,1,0.19340382574228,1.7598643961046,0.760354883257605,1,19.5423406316664+-0.0434798487222543i
154,223,2,7,648.883590951273,0.197496291348216,3,0.24354296781712,2.01537923056276,0.799804273383415,1,-5.24895349517517+0i
155,331,2,3,652.170936529032,0.197416689616148,3,0.242426202314164,1.96013621261409,0.792456623639737,1,5.24895349517517+0i
156,34,1,2,655.403129811406,0.197306359272261,2,0.243717096609544,1.89575918836636,0.79595822196643,1,-19.5423406316664+0.0434798487222543i
157,297,2,1,658.569063722651,0.197332112773438,3,0.193244036967371,1.94601275793502,0.746703771219472,1,5.24895349517517+0i
158,375,2,7,661.835350837326,0.197324211130763,3,0.140498230764933,1.54355341554401,0.693034643434657,1,-5.24895349517517+0i
159,225,2,1,664.752033575543,0.219275852492501,3,0.0258538822381524,1.77903231801065,0.594777716547469,1,5.24895349517517+0i
160,258,2,2,668.019205381546,0.197449466801118,3,0.116094446288116,1.75176023723543,0.66929049979808,1,5.24895349517517+0i
161,80,1,2,671.168258164811,0.197475220302294,2,0.464184926533562,1.85065485595442,1.0183657588459,1,-19.5423406316664+0.0434798487222543i
162,218,2,2,674.069216048763,0.197533458334874,3,0.131246577784623,1.73356802187664,0.682688466615218,1,5.24895349517517+0i
163,33,1,1,677.185159485878,0.197618327831151,1,0.182790748991465,1.78578880782152,0.735863888057793,1,19.5423406316664+-0.0434798487222543i
164,423,3,1,680.302876695452,0.197306066618694,3,0.669264746295084,2.20422088193482,1.21823781076455,1,-19.5423406316664+0.0434798487222543i
165,139,1,1,683.351378441568,0.197310163766815,1,0.603662967429045,2.32363109161815,1.15609343955839,1,19.5423406316664+-0.0434798487222543i
166,325,2,5,686.604065073247,0.197298750281334,3,0.249341017632105,1.78281515628805,0.799463917441244,1,-5.24895349517517+0i
167,335,2,7,689.65122383276,0.197302847429455,3,0.126673867891441,1.87958803761467,0.680267052110139,1,-5.24895349517517+0i
168,66,1,2,692.917876178919,0.19750741218013,2,0.540794571628794,2.07695263491951,1.09335410392305,1,-19.5423406316664+0.0434798487222543i
169,292,2,4,695.967858458753,0.197318358061239,3,0.140023839549031,1.84281145129535,0.69282393296271,1,5.24895349517517+0i
170,284,2,4,699.202539880614,0.197603987813636,3,0.104216814052052,1.87222546254634,0.655457064669463,1,5.24895349517517+0i
171,148,1,2,702.48534757424,0.197330356853854,2,0.286866796741378,1.78918505091133,0.838515591551186,1,-19.5423406316664+0.0434798487222543i
172,445,3,1,705.50180172086,0.197353769126494,3,0.477751754384371,2.01261980134223,1.04554448317504,1,-19.5423406316664+0.0434798487222543i
173,400,2,8,708.550296150643,0.197460880282961,3,0.242166033414833,1.61217449987635,0.795714441655946,1,-5.24895349517517+0i
174,177,1,1,711.434983381676,0.197427517792676,1,0.412318836550185,1.84747898089881,0.963562891660331,1,19.5423406316664+-0.0434798487222543i
175,296,2,8,714.38474707866,0.197478732143281,3,0.145849984093729,1.89781654200124,0.697553505095129,1,-5.24895349517517+0i
176,150,1,2,717.650793924866,0.197330942159169,2,0.192203946664449,1.91168421758084,0.743795088746992,1,-19.5423406316664+0.0434798487222543i
177,163,1,1,720.901658788924,0.197322162555793,1,0.418427976965177,1.8366797765666,0.970008583524759,1,19.5423406316664+-0.0434798487222543i
178,81,1,1,723.834286164136,0.197330942159169,1,0.453318997217139,2.07238958259222,1.00554461194224,1,19.5423406316664+-0.0434798487222543i
179,89,1,1,726.985612571923,0.19732772297175,1,0.235319406347116,1.95270983909722,0.785238034059148,1,19.5423406316664+-0.0434798487222543i
180,383,2,7,730.216790639539,0.197390936113152,3,0.119603068294964,1.70569044114927,0.672387943732247,1,-5.24895349517517+0i
181,412,3,1,733.31700775912,0.197456197829524,3,0.378656082757516,1.98116394708813,0.931690006265853,1,-19.5423406316664+0.0434798487222543i
182,184,1,2,736.433584498265,0.197311919686399,2,0.281513580142928,1.80069715900754,0.833199834592961,1,-19.5423406316664+0.0434798487222543i
183,57,1,1,739.485284946406,0.19737630344207,1,0.24576976778917,2.01316238080472,0.795475051148969,1,19.5423406316664+-0.0434798487222543i
184,257,2,1,742.767235458125,0.197335917267992,3,0.227512583365751,1.76327234533346,0.779593334642414,1,5.24895349517517+0i
185,309,2,5,745.817810653814,0.197400008370096,3,0.122205342622692,1.65671693769764,0.673406962985609,1,-5.24895349517517+0i
186,83,1,1,748.866466042984,0.197493364814363,1,0.237780036412005,1.62373167660189,0.789538283604998,1,19.5423406316664+-0.0434798487222543i
187,142,1,2,751.766766919978,0.197426639831974,2,0.13239846169563,1.65131016552186,0.683850886051005,1,-19.5423406316664+0.0434798487222543i
188,341,2,5,754.800197892251,0.197421664723151,3,0.222825738634128,1.85808942376934,0.774399906818871,1,-5.24895349517517+0i
189,211,2,3,757.96901414716,0.197486926439524,3,0.373407928742381,2.07323242447819,0.922538148106469,1,5.24895349517517+0i
190,205,2,5,761.183095986522,0.197321869904044,3,0.248322291032309,1.86727552237971,0.799998302611129,1,-5.24895349517517+0i
191,17,1,1,764.315962693712,0.197371913640382,1,0.226432399544137,1.8622928050263,0.777968230129773,1,19.5423406316664+-0.0434798487222543i
192,238,2,6,767.484581114899,0.197356110355031,3,0.303111988810997,2.05354972518398,0.852167874203587,1,-5.24895349517517+0i
193,362,2,2,770.749569726291,0.197394155300572,3,0.0180151600325189,1.6367377804745,0.569587572295859,1,5.24895349517517+0i
194,235,2,3,773.883520714449,0.197386838965031,3,0.189565090660835,1.57427822152204,0.739259838495855,1,5.24895349517517+0i
195,364,2,4,776.800331049564,0.197336209921559,3,0.055676730335108,1.49020737714818,0.607023214148285,1,5.24895349517517+0i
196,73,1,1,779.749445641235,0.197347623405221,1,0.277021057292586,2.01235846182499,0.828642635333381,1,19.5423406316664+-0.0434798487222543i
197,127,1,1,782.998629211321,0.197340014416113,1,0.233571972697973,1.80332167499546,0.78552337115616,1,19.5423406316664+-0.0434798487222543i
198,165,1,1,786.101318374451,0.197459417015125,1,0.163971962630967,1.78044759001386,0.712970195296293,1,19.5423406316664+-0.0434798487222543i
199,31,1,1,789.231743181395,0.197454149254554,1,0.132026499184576,1.61809839066882,0.684008333599195,1,19.5423406316664+-0.0434798487222543i
200,273,2,1,792.232385555681,0.197364304651273,3,0.176407684961305,1.56166134671548,0.727866255039771,1,5.24895349517517+0i
201,416,3,1,795.131490358093,0.197364304651273,3,0.321270841679507,2.03825068166407,0.887896468580948,1,-19.5423406316664+0.0434798487222543i
202,143,1,1,798.362448935635,0.197361085463854,1,0.152076185882834,1.80727747145102,0.706903782282097,1,19.5423406316664+-0.0434798487222543i
203,194,1,2,801.531679295151,0.19734879401949,2,0.151750755265311,1.85420005964261,0.703316729153812,1,-19.5423406316664+0.0434798487222543i
204,368,2,8,804.748693521911,0.197332698080572,1,0.402479828131618,2.02102949039363,0.953681155840968,0,-5.24895349517517+0i
205,282,2,2,807.881500820455,0.197520288931628,3,0.268398901846012,1.90408108138945,0.836735966024207,1,5.24895349517517+0i
206,105,1,1,811.030829283254,0.197464392123948,1,0.441236800232218,2.01082525048878,0.992872425636961,1,19.5423406316664+-0.0434798487222543i
207,38,1,2,814.114534603488,0.197534628949143,2,0.360046543602948,1.8791288643788,0.911654366931543,1,-19.5423406316664+0.0434798487222543i
208,318,2,6,817.147648046788,0.197320991943343,3,0.308099973924982,1.89410774504358,0.859544496637682,1,-5.24895349517517+0i
209,79,1,1,820.247704792288,0.197325674398598,1,0.171364095696845,1.67383218842588,0.723763546562623,1,19.5423406316664+-0.0434798487222543i
210,286,2,6,823.265136401376,0.197355232396148,3,0.239000401228623,1.82427566080332,0.788111305466373,1,-5.24895349517517+0i
211,419,3,1,826.364767921439,0.198116131321513,3,0.597844431873455,2.3165190278869,1.1451786371199,1,-19.5423406316664+0.0434798487222543i
212,153,1,1,829.597248004176,0.197469659888156,1,0.102125805271498,1.7881092568914,0.653419318814485,1,19.5423406316664+-0.0434798487222543i
213,376,2,8,832.797047478045,0.197437175356754,3,0.157109824931467,1.67647016647061,0.709390751157116,1,-5.24895349517517+0i
214,130,1,2,835.829898118562,0.197335917267992,2,0.247619044830572,1.66738795982747,0.800926013993376,1,-19.5423406316664+0.0434798487222543i
215,264,2,8,838.781798478261,0.197340599721429,3,0.12564723964897,1.84347753050861,0.675341109525107,1,-5.24895349517517+0i
216,180,1,2,842.013615993628,0.197321284595091,2,0.452022835163007,1.98793126507371,1.00345770031163,1,-19.5423406316664+0.0434798487222543i
217,229,2,5,845.063438777341,0.19730548131156,3,0.165482932305167,1.81810828235575,0.716703575142674,1,-5.24895349517517+0i
218,77,1,1,848.249289803281,0.197330942159169,1,0.284880850544141,1.7682503802298,0.834004338879822,1,19.5423406316664+-0.0434798487222543i
219,84,1,2,851.246533885902,0.197386253657896,2,0.156319368008553,1.85898260204704,0.708432896470185,1,-19.5423406316664+0.0434798487222543i
220,269,2,5,854.463872665321,0.197544871818536,3,0.019182554577128,1.75468969810208,0.570668341424607,1,-5.24895349517517+0i
221,123,1,1,857.732579145926,0.197528190572484,1,0.180065852875487,1.796614936271,0.729185536714795,1,19.5423406316664+-0.0434798487222543i
222,450,3,1,860.8635008784,0.197337380535828,3,0.484375379535777,2.16982707986608,1.03589306560752,1,-19.5423406316664+0.0434798487222543i
223,5,1,1,864.062943900386,0.197330064198468,1,0.290799180920658,2.01032130127714,0.842750286727096,1,19.5423406316664+-0.0434798487222543i
224,352,2,8,867.296970949172,0.197351427899775,3,0.208943430383442,1.94396389124995,0.777173090749784,1,-5.24895349517517+0i
225,405,3,1,870.546001754165,0.197443028424459,3,0.442417071528325,2.09502076522404,0.994002360543163,1,-19.5423406316664+0.0434798487222543i
226,417,3,1,894.028128677373,0.197974194405106,3,0.867785909968006,2.82085249359807,1.41552397694977,1,-19.5423406316664+0.0434798487222543i
227,411,3,1,897.495723309055,0.21659573235047,3,0.404176340081904,2.07303751729341,0.972087008205563,1,-19.5423406316664+0.0434798487222543i
228,220,2,4,900.678460209816,0.197311627032832,3,0.269283300522147,1.93863467223127,0.821146610296637,1,5.24895349517517+0i
229,200,1,2,903.861775101104,0.197377181400952,2,0.203334142031963,1.92284777543864,0.755780124793091,1,-19.5423406316664+0.0434798487222543i
230,190,1,2,907.095132266182,0.197317480100537,2,0.163330466306434,1.66561828451813,0.712909030728042,1,-19.5423406316664+0.0434798487222543i
231,228,2,4,910.111088024007,0.197331820119871,3,0.188123187193924,1.65780473051018,0.74188581774979,1,5.24895349517517+0i
232,320,2,8,913.094708211358,0.197394155300572,3,0.186810051240172,1.90605619941016,0.74062214022706,1,-5.24895349517517+0i
233,29,1,1,916.346920159169,0.197395911221975,1,0.315181016390852,1.96558132238897,0.865960337850993,1,19.5423406316664+-0.0434798487222543i
234,4,1,2,919.511515180959,0.197302262122321,2,0.0528069707706891,1.70510367101451,0.605292754396942,1,-19.5423406316664+0.0434798487222543i
235,138,1,2,922.677647803885,0.197334454001975,2,0.344226576971778,1.74697242707225,0.897853708987896,1,-19.5423406316664+0.0434798487222543i
236,88,1,2,925.594099931197,0.1973742548671,2,0.269135803191602,1.83859519328507,0.823106217685563,1,-19.5423406316664+0.0434798487222543i
237,210,2,2,928.697787042536,0.197364011997706,3,0.371791018524164,1.87087106245781,0.920884656210546,1,5.24895349517517+0i
238,22,1,2,931.710533855467,0.197528190574303,2,0.0960134456690867,1.68220822233161,0.650047658611584,1,-19.5423406316664+0.0434798487222543i
239,215,2,7,934.810750682394,0.197282654342416,3,0.170033985843475,1.80598979634669,0.723153949460539,1,-5.24895349517517+0i
240,353,2,1,937.980568104698,0.197464392123948,3,0.190321307130944,1.93976050998936,0.739440990970252,1,5.24895349517517+0i
241,156,1,2,941.243753970941,0.197376596093818,2,0.252780280776278,1.7888657660169,0.806621049800015,1,-19.5423406316664+0.0434798487222543i
242,74,1,2,944.293371604599,0.19758467268548,2,0.15373231166086,1.90691484458148,0.706526844660402,1,-19.5423406316664+0.0434798487222543i
243,327,2,7,947.56075558434,0.197509168099714,3,0.271431669374579,1.82354812437006,0.824269515082051,1,-5.24895349517517+0i
244,360,2,8,950.644009632981,0.197384497738312,3,0.237496747888144,1.75637128472772,0.790458385998136,1,-5.24895349517517+0i
245,301,2,5,953.676603031128,0.197320699289776,3,0.211878159010666,1.74801076145377,0.766097621577501,1,-5.24895349517517+0i
246,421,3,1,956.74489400239,0.197307529884711,3,0.537713223633546,2.25550664016009,1.08924466441567,1,-19.5423406316664+0.0434798487222543i
247,311,2,7,959.976502563206,0.197380400588372,3,0.219592503506647,1.6556771400501,0.773572575562866,1,-5.24895349517517+0i
248,126,1,2,962.92628060021,0.1973265523593,2,0.561898981302875,2.28199089789268,1.11634583558589,1,-19.5423406316664+0.0434798487222543i
249,36,1,2,966.160187368434,0.197360500156719,2,0.20661010456206,1.7920229112533,0.758191881735911,1,-19.5423406316664+0.0434798487222543i
250,176,1,2,969.259800158678,0.197379229975922,2,0.0744882003600651,1.66034408434643,0.628089871528573,1,-19.5423406316664+0.0434798487222543i
251,115,1,1,972.359431093433,0.197323625823628,1,0.181398889262709,1.80075598234725,0.734974514276473,1,19.5423406316664+-0.0434798487222543i
252,129,1,1,975.492732098317,0.197354354433628,1,0.283980063279159,1.80328363004992,0.837434529768871,1,19.5423406316664+-0.0434798487222543i
253,192,1,2,978.526050399019,0.19734030706968,2,0.0761832490443339,1.76236014458118,0.63032018334161,1,-19.5423406316664+0.0434798487222543i
254,94,1,2,981.725950253014,0.197367523838693,2,0.0195805632465635,1.78889151951807,0.573417235122179,1,-19.5423406316664+0.0434798487222543i
255,396,2,4,985.02873271406,0.217690256191418,3,0.362448935635257,1.79543437232132,0.929718985393265,1,5.24895349517517+0i
256,193,1,1,987.975334583354,0.197450930067134,1,0.264818287094386,1.98454702077288,0.819143690201599,1,19.5423406316664+-0.0434798487222543i
257,16,1,2,991.208584637276,0.197309285806114,2,0.142680840068351,1.69562755285187,0.696289534918833,1,-19.5423406316664+0.0434798487222543i
258,15,1,1,994.275879416251,0.197460294977645,1,0.175960803169801,1.62824088069829,0.728778163138486,1,19.5423406316664+-0.0434798487222543i
259,240,2,8,997.260449849298,0.197315724180953,3,0.323847362504239,2.09151243586894,0.87543031029054,1,-5.24895349517517+0i
260,146,1,2,1000.54200176704,0.197418738189299,2,0.176772038486888,1.74607339572503,0.730990623091202,1,-19.5423406316664+0.0434798487222543i
261,272,2,8,1003.62532663781,0.197337673189395,3,0.195758807916718,1.59882130903316,0.749737416706921,1,-5.24895349517517+0i
262,58,1,2,1006.5613057728,0.197320699289776,2,0.283486649588667,1.76658810872868,0.834201587294956,1,-19.5423406316664+0.0434798487222543i
263,382,2,6,1009.5585059574,0.197370743026113,3,0.128036462278033,1.69726553411783,0.681473662214557,1,-5.24895349517517+0i
264,51,1,1,1012.64170586516,0.197520288929809,1,0.466920065518934,2.08609893266475,1.02018577054514,1,19.5423406316664+-0.0434798487222543i
265,141,1,1,1015.77452896698,0.217888967872568,1,0.0653459997647587,1.78510604736039,0.636097162110673,1,19.5423406316664+-0.0434798487222543i
266,131,1,1,1019.00936373925,0.197313675607802,1,0.108742699394497,1.51036739419214,0.659463197514924,1,19.5423406316664+-0.0434798487222543i
267,109,1,1,1021.92480328568,0.197342062991083,1,0.0819081355020899,1.85113305166306,0.635528829143368,1,19.5423406316664+-0.0434798487222543i
268,52,1,2,1025.20795221321,0.19742166472497,2,0.0711487320349988,1.62370007003301,0.625218063389184,1,-19.5423406316664+0.0434798487222543i
269,388,2,4,1028.27422738762,0.197415519001879,3,0.224057516934408,1.89360057664453,0.777396677973229,1,5.24895349517517+0i
270,359,2,7,1031.45756013077,0.197395911221975,3,0.131544791631313,1.73426043989821,0.680533952041515,1,-5.24895349517517+0i
271,92,1,2,1034.5740847776,0.197393569993437,2,0.203975345702929,1.87346280126076,0.757870548264691,1,-19.5423406316664+0.0434798487222543i
272,261,2,5,1037.77735570649,0.197435712088918,3,0.197229684072227,1.8301577021557,0.74690482412916,1,-5.24895349517517+0i
273,168,1,2,1040.92410881908,0.197271826165888,2,0.119306025060723,1.55537837015981,0.672804974874452,1,-19.5423406316664+0.0434798487222543i
274,244,2,4,1043.87405542446,0.197295823747481,3,0.492105234661722,1.86179266031104,1.04530011755924,1,5.24895349517517+0i
275,302,2,6,1046.77701710647,0.197428981058692,3,0.229089985370592,1.67857024750629,0.778179233253468,1,-5.24895349517517+0i
276,289,2,1,1049.74035904479,0.197395618568407,3,0.0862721834964759,1.73911731627413,0.639572421629055,1,5.24895349517517+0i
277,266,2,2,1052.90707112152,0.197266558405317,3,0.547373128150866,2.31658809409782,1.09958674408699,1,5.24895349517517+0i
278,104,1,2,1056.2082709128,0.197469659886337,2,0.220064553494012,1.67135985222194,0.771616480016746,1,-19.5423406316664+0.0434798487222543i
279,306,2,2,1059.17340740197,0.197339429108979,3,0.20905990645042,1.96200890193359,0.763257127355246,1,5.24895349517517+0i
280,199,1,1,1062.4402660688,0.197245487357577,1,0.252648294079336,1.85512045468931,0.805487603054644,1,19.5423406316664+-0.0434798487222543i
281,112,1,2,1065.55655483696,0.197470537847039,2,0.0727477903947147,1.55480506208551,0.639548131393894,1,-19.5423406316664+0.0434798487222543i
282,169,1,1,1068.55248139383,0.197436297394233,1,0.0386952222288528,1.67876515469288,0.596348094868517,1,19.5423406316664+-0.0434798487222543i
283,166,1,2,1071.70622892347,0.197609255574207,2,0.0182920101797208,1.63783230431545,0.572186334780781,1,-19.5423406316664+0.0434798487222543i
284,204,2,4,1074.84026097663,0.197337673187576,3,0.159731999690848,1.69516018531976,0.712704465979186,1,5.24895349517517+0i
285,422,3,1,1077.90785162822,0.19732128459691,3,0.596805219531234,2.13126735617698,1.14819823524158,1,-19.5423406316664+0.0434798487222543i
286,401,3,1,1080.95696063021,0.197340014416113,3,0.338934817593326,2.07422188573582,0.891580682648055,1,-19.5423406316664+0.0434798487222543i
287,172,1,2,1084.2065752788,0.19737220629213,2,0.0400066022612009,1.79249232735856,0.593529842308271,1,-19.5423406316664+0.0434798487222543i
288,65,1,1,1087.49203382723,0.197327430318182,1,0.489679430356773,2.12290946678149,1.03883832975771,1,19.5423406316664+-0.0434798487222543i
289,59,1,1,1090.6393143013,0.197349671980191,1,0.255100144540847,2.00762449989088,0.808591192711901,1,19.5423406316664+-0.0434798487222543i
290,24,1,2,1093.90552532608,0.197388302231047,2,0.0838220889545482,1.65337571345117,0.637632129366466,1,-19.5423406316664+0.0434798487222543i
291,381,2,5,1097.0076464489,0.197403227557515,3,0.287852453504456,2.05516078233268,0.838970667638932,1,-5.24895349517517+0i
292,444,3,1,1100.28904179706,0.197334454000156,3,0.412667679442166,1.98192279744035,0.965414509932089,1,-19.5423406316664+0.0434798487222543i
293,95,1,1,1103.37302513805,0.197333283387707,1,0.076229488287936,1.76195657549761,0.62812616055453,1,19.5423406316664+-0.0434798487222543i
294,415,3,1,1106.57299054642,0.197338843801845,3,0.449804522140766,2.01813690386189,0.998828215651884,1,-19.5423406316664+0.0434798487222543i
295,372,2,4,1109.6560646132,0.197447710877896,3,0.107115838960453,1.75902623667207,0.659097673375072,1,5.24895349517517+0i
296,418,3,1,1112.82213285237,0.197523800772615,3,0.319239241547621,1.70496992839617,0.872788235097687,1,-19.5423406316664+0.0434798487222543i
297,93,1,1,1115.72257976343,0.217910038922128,1,0.271945568805677,1.74046440002712,0.840259220705775,1,19.5423406316664+-0.0434798487222543i
298,10,1,2,1118.70505567585,0.197279435153177,2,0.162622244999511,1.76557289397169,0.716405361294164,1,-19.5423406316664+0.0434798487222543i
299,122,1,2,1121.82177552253,0.197293775170692,2,0.389150342212815,1.82501109888108,0.941440340695408,1,-19.5423406316664+0.0434798487222543i
300,377,2,1,1124.77234460176,0.197376596097456,3,0.182755337922572,1.68252311742617,0.749469346163096,1,5.24895349517517+0i
301,214,2,6,1127.78624417656,0.197371620986814,3,0.21625303518158,1.82069709462303,0.771841823163413,1,-5.24895349517517+0i
302,25,1,1,1130.90524584205,0.197397081836243,1,0.118959230745531,1.63768509963847,0.671169920144166,1,19.5423406316664+-0.0434798487222543i
303,385,2,1,1133.93775261479,0.197405276132486,3,0.157039880763477,1.89313613564445,0.710729640613863,1,5.24895349517517+0i
304,2,1,2,1137.20621238855,0.197391228768538,2,0.0481291982941912,1.4323322342243,0.599385837504087,1,-19.5423406316664+0.0434798487222543i
305,428,3,1,1140.10518608222,0.197522044851212,3,0.38496598342681,2.05348153693558,0.936136289874412,1,-19.5423406316664+0.0434798487222543i
306,322,2,2,1143.28823348827,0.197411129200191,3,0.129459050611331,1.79860410165566,0.681563506816019,1,5.24895349517517+0i
307,323,2,3,1146.4902114743,0.197305773963308,3,0.185810347113147,1.65236898564399,0.736029529900406,1,5.24895349517517+0i
308,441,3,1,1149.47093995307,0.19742810309981,3,0.348379914492398,1.76754215892288,0.90225931376699,1,-19.5423406316664+0.0434798487222543i
309,358,2,6,1152.40462731902,0.197357573622867,3,0.16983878600513,1.92187060562355,0.721189952273562,1,-5.24895349517517+0i
310,75,1,1,1155.67047428293,0.197318943370192,1,0.315446160399006,1.96815637994587,0.86905426994781,1,19.5423406316664+-0.0434798487222543i
311,315,2,3,1158.85642364043,0.197372791601083,3,0.189692687556089,1.78987805423822,0.73984807189845,1,5.24895349517517+0i
312,371,2,3,1161.97056316178,0.197304018041905,3,0.0387642884379602,1.70791226601068,0.59083069969347,1,5.24895349517517+0i
313,402,3,1,1165.15393658376,0.197320113980822,3,0.405008646444912,1.92433328426341,0.95704432909406,1,-19.5423406316664+0.0434798487222543i
314,35,1,1,1168.20551089827,0.197336502573307,1,0.197537848136562,1.86479060207785,0.74846349631116,1,19.5423406316664+-0.0434798487222543i
315,339,2,3,1171.38830779298,0.197313675605983,3,0.147111905695056,1.89816304366468,0.698369422869291,1,5.24895349517517+0i
316,82,1,2,1174.65333942443,0.197329771548539,2,0.399740299344558,2.16898833512823,0.953664181943168,1,-19.5423406316664+0.0434798487222543i
317,42,1,2,1177.9560557458,0.197354647087195,2,0.18871668835709,1.72225433280619,0.740008445980493,1,-19.5423406316664+0.0434798487222543i
318,124,1,2,1181.00355749513,0.197265095135663,1,0.171006765853235,1.70656752348441,0.724050932232785,0,-19.5423406316664+0.0434798487222543i
319,161,1,1,1184.05344524791,0.197241097557708,1,0.609661484846583,2.32889856075781,1.16257542045059,1,19.5423406316664+-0.0434798487222543i
320,440,3,1,1187.28694083806,0.198230266156315,3,0.399807902285829,1.93551323071733,0.947646934702789,1,-19.5423406316664+0.0434798487222543i
321,198,1,2,1190.33627430523,0.197437468010321,2,0.160553770532715,1.82977813065372,0.712860157604155,1,-19.5423406316664+0.0434798487222543i
322,330,2,2,1193.51920143072,0.197446832920832,3,0.162000941760198,1.61475511785102,0.715865708363708,1,5.24895349517517+0i
323,1,1,1,1196.50614440516,0.197398837754008,1,0.277644116449665,1.86004961646177,0.8266508360648,1,19.5423406316664+-0.0434798487222543i
324,263,2,7,1199.60300917966,0.197522922811913,3,0.33414261762664,1.8031946634037,0.886694248278218,1,-5.24895349517517+0i
325,119,1,1,1202.58636832015,0.197380985897325,1,0.163859876363858,1.71596901502562,0.715493453197269,1,19.5423406316664+-0.0434798487222543i
326,40,1,2,1205.652795967,0.197355817701464,2,0.0793611726767267,1.68151258512444,0.64755483666886,1,-19.5423406316664+0.0434798487222543i
327,406,3,1,1208.76894601744,0.197404105518217,3,0.379998191401683,1.94925682123721,0.934052304775832,1,-19.5423406316664+0.0434798487222543i
328,254,2,6,1211.85260626905,0.19740381286465,3,0.291296106450318,1.9934670974144,0.843241944494366,1,-5.24895349517517+0i
329,106,1,2,1215.06883530665,0.217877261737158,2,0.286065511641937,1.90529295925444,0.855678252133657,1,-19.5423406316664+0.0434798487222543i
330,350,2,6,1218.20169060035,0.197569162053696,3,0.250677858515701,2.02037277608906,0.803975755417923,1,-5.24895349517517+0i
331,137,1,1,1221.4851266209,0.197318943370192,1,0.0220353402437468,1.4247931891332,0.57573914745808,1,19.5423406316664+-0.0434798487222543i
332,436,3,1,1224.40189920372,0.197380693243758,3,0.527245010329352,1.98015253682388,1.08102695601337,1,-19.5423406316664+0.0434798487222543i
333,399,2,7,1227.38725189939,0.19730343273477,3,0.0590109308977844,1.44272465028553,0.610075882108504,1,-5.24895349517517+0i
334,108,1,2,1230.28547610763,0.19739971571471,2,0.0581789171847049,1.56033123686211,0.61158304728815,1,-19.5423406316664+0.0434798487222543i
335,149,1,1,1233.30188108847,0.197548383661342,1,0.513174818577681,2.03207686483802,1.06641828194188,1,19.5423406316664+-0.0434798487222543i
336,145,1,1,1236.3348610818,0.197414933696564,1,0.326875154922163,2.06272148377684,0.878518096666085,1,19.5423406316664+-0.0434798487222543i
337,171,1,1,1239.60327549428,0.197321577252296,1,0.223442359416367,1.67438091361328,0.774721825597226,1,19.5423406316664+-0.0434798487222543i
338,439,3,1,1242.56840759365,0.197322747862927,3,0.435952357191127,1.82149516053687,0.987876538878481,1,-19.5423406316664+0.0434798487222543i
339,287,2,7,1263.35127981736,0.218028563562257,3,0.0524938315975305,2.03828784864891,0.63038661567407,1,-5.24895349517517+0i
340,41,1,1,1266.86907856018,0.197293482520763,1,0.173358236192144,1.84063820690062,0.722212483364274,1,19.5423406316664+-0.0434798487222543i
341,280,2,8,1270.05050876336,0.197346160137386,3,0.0289966874588572,1.51489503545599,0.582025343202986,1,-5.24895349517517+0i
342,178,1,2,1273.0507127428,0.197399130411213,2,0.199203924130416,1.63476880817689,0.751157371163572,1,-19.5423406316664+0.0434798487222543i
343,307,2,3,1276.00027889872,0.197439223928086,3,0.386247512811678,1.80542760910248,0.938905084003636,1,5.24895349517517+0i
344,303,2,7,1278.9337172166,0.19750126645522,3,0.0376987372874282,1.42356755655783,0.590194471129507,1,-5.24895349517517+0i
345,344,2,8,1281.83368593194,0.197278557196114,3,0.213918246092362,1.89963040798102,0.767050208502042,1,-5.24895349517517+0i
346,222,2,6,1285.03339673182,0.197763483934978,3,0.0163859583735757,1.46720715853735,0.584045822506596,1,-5.24895349517517+0i
347,386,2,2,1287.99832309583,0.197396203875542,3,0.0657773709244793,1.5032143589815,0.621192322763818,1,5.24895349517517+0i
348,389,2,5,1290.94988192897,0.197356695662165,3,0.0868730009933643,1.83940145349334,0.640506278730754,1,-5.24895349517517+0i
349,395,2,3,1294.21632327201,0.197447125570761,3,0.0529969028466439,1.58891440501611,0.6068101624478,1,5.24895349517517+0i
350,435,3,1,1297.26604479763,0.197518533012044,3,0.472948140934022,2.05932758191193,1.02353782296996,1,-19.5423406316664+0.0434798487222543i
351,367,2,7,1300.36646882319,0.197317480098718,3,0.0492445005293121,1.73495754037504,0.601664729787444,1,-5.24895349517517+0i
352,183,1,1,1303.56651295533,0.197324211130763,1,0.351924240218068,1.87075107455166,0.904966650679853,1,19.5423406316664+-0.0434798487222543i
353,351,2,7,1306.61768750525,0.197309578459681,3,0.212687931059918,1.76351466237611,0.7639027208279,1,-5.24895349517517+0i
354,158,1,2,1309.68260740162,0.197422835335601,2,0.272731343269697,1.85865307427957,0.826284433969704,1,-19.5423406316664+0.0434798487222543i
355,432,3,1,1312.78260678704,0.197521459544078,3,0.28231486524237,1.93473038278171,0.835931461733708,1,-19.5423406316664+0.0434798487222543i
356,20,1,2,1315.94950762523,0.197373962215352,2,0.357493142400926,1.95957548863589,0.909959610900842,1,-19.5423406316664+0.0434798487222543i
357,349,2,5,1319.08501231047,0.197327722973569,3,0.16384260981431,1.86402823988465,0.714675779505342,1,-5.24895349517517+0i
358,398,2,6,1322.2994751846,0.197309578456043,3,0.0857609179511201,1.73772428593293,0.638118519371346,1,-5.24895349517517+0i
359,86,1,2,1325.46584690538,0.197252218385984,2,0.19798941238696,1.66712896154058,0.750904225944396,1,-19.5423406316664+0.0434798487222543i
360,348,2,4,1328.44926691778,0.197314260913117,3,0.0816564535489306,1.51583942808429,0.648925918001623,1,5.24895349517517+0i
361,136,1,2,1331.39757963905,0.197525849343947,2,0.215788301531575,1.71937081853321,0.770591900345607,1,-19.5423406316664+0.0434798487222543i
362,175,1,1,1334.415272295,0.197481658677134,1,0.0544306120173133,1.57346464497823,0.607721192583995,1,19.5423406316664+-0.0434798487222543i
363,55,1,1,1337.44830555126,0.217410479508544,1,0.300880799037259,1.82048492088506,0.871622596470843,1,19.5423406316664+-0.0434798487222543i
364,338,2,2,1340.48201805613,0.197355817701464,3,0.213176369637949,1.89884024370986,0.766569086255913,1,5.24895349517517+0i
365,201,2,1,1343.68209759933,0.197378059361654,3,0.256831482249254,1.65885330775927,0.810094846048742,1,5.24895349517517+0i
366,291,2,3,1346.61674369793,0.197274752699741,3,0.0621674908288696,1.79598602404076,0.613327847058827,1,5.24895349517517+0i
367,246,2,6,1349.86496151168,0.197432492899679,3,0.0186235865221533,1.72090402986942,0.571502403709019,1,-5.24895349517517+0i
368,113,1,1,1353.08113992024,0.197555699996883,1,0.225120726856403,1.82776233380355,0.778740249887051,1,19.5423406316664+-0.0434798487222543i
369,91,1,1,1356.21649330365,0.197458539056242,1,0.149788221344352,1.90033043499352,0.701008571526472,1,19.5423406316664+-0.0434798487222543i
370,243,2,3,1359.48141665333,0.197497461962485,3,0.212082138456026,1.93124400243323,0.764497099949949,1,5.24895349517517+0i
371,392,2,8,1362.71466963378,0.197315138877457,3,0.275224165212421,1.79413352781194,0.827016067552904,1,-5.24895349517517+0i
372,394,2,2,1365.74787760414,0.197318065405852,3,0.0501013897810481,1.76889568104889,0.602339295950514,1,5.24895349517517+0i
373,355,2,3,1368.98171998861,0.197484292559238,3,0.0718256394247874,1.80673811117231,0.623710312902404,1,5.24895349517517+0i
374,154,1,2,1372.23068875108,0.197354647087195,2,0.228047846496338,1.81395728606003,0.781745800642966,1,-19.5423406316664+0.0434798487222543i
375,144,1,2,1375.33065038421,0.197296116402867,2,0.0669356932121445,1.5860692283386,0.620751001388271,1,-19.5423406316664+0.0434798487222543i
376,125,1,1,1378.38091156277,0.197314553566684,1,0.172794293022889,1.79159856377373,0.724743350256176,1,19.5423406316664+-0.0434798487222543i
377,231,2,7,1381.51368871801,0.197311041727517,3,0.138029113746597,1.89065180065154,0.690815452453535,1,-5.24895349517517+0i
378,12,1,2,1384.78012976839,0.197323918477196,2,0.0180052098148735,1.67108885514244,0.572386217074381,1,-19.5423406316664+0.0434798487222543i
379,370,2,2,1387.94869170746,0.197913322492241,3,0.215114905982773,1.61575950443512,0.762753178143612,1,5.24895349517517+0i
380,3,1,1,1390.86364252266,0.197420494110702,1,0.136457272161351,1.78880840594502,0.689931639084534,1,19.5423406316664+-0.0434798487222543i
381,312,2,8,1394.03009091864,0.197429859017575,3,0.125747912428778,1.87818183787022,0.67957756062242,1,-5.24895349517517+0i
382,255,2,7,1397.29690568746,0.197378937322355,3,0.0670313908849494,1.81921480498568,0.618999763242755,1,-5.24895349517517+0i
383,281,2,1,1400.56384805317,0.197518240358477,3,0.161818326014327,1.68045552092008,0.713503117200162,1,5.24895349517517+0i
384,260,2,4,1403.59688189473,0.197341477683949,3,0.0779166353277105,1.66335870736293,0.630620445765089,1,5.24895349517517+0i
385,409,3,1,1406.69624592956,0.197376596097456,3,0.532303524923918,2.06815810660555,1.08410888932121,1,-19.5423406316664+0.0434798487222543i
386,262,2,6,1409.76490125434,0.197412007160892,3,0.122087695945083,1.83926858883206,0.673386184593255,1,-5.24895349517517+0i
387,268,2,4,1412.99621950295,0.197503315033828,3,0.051776245378278,1.50420030839814,0.605600333157781,1,5.24895349517517+0i
388,361,2,1,1415.96336535059,0.197536970175861,3,0.110956329961482,1.7129608303876,0.662629707658198,1,5.24895349517517+0i
389,71,1,1,1419.09902660542,0.197484877862735,1,0.474940818159666,2.04116053474718,1.02436017911532,1,19.5423406316664+-0.0434798487222543i
390,447,3,1,1422.17934943727,0.197317480098718,3,0.321015062581864,1.85677453189419,0.873195608673996,1,-19.5423406316664+0.0434798487222543i
391,343,2,7,1425.22949560303,0.19733825849471,3,0.0201790395185526,1.6705603230439,0.586835102374607,1,-5.24895349517517+0i
392,424,3,1,1428.39446083141,0.197429859017575,3,0.376631506307604,2.11359752719727,0.930917986508575,1,-19.5423406316664+0.0434798487222543i
393,446,3,1,1431.64552674838,0.197327430320001,3,0.297278527927119,1.96649703498042,0.850887515436625,1,-19.5423406316664+0.0434798487222543i
394,410,3,1,1434.82924637936,0.197594330249558,3,0.268743354939943,1.67072069712594,0.82096223863482,1,-19.5423406316664+0.0434798487222543i
395,164,1,2,1437.74597418621,0.197438345967385,1,0.316020346435835,2.01809183523073,0.867310933444969,0,-19.5423406316664+0.0434798487222543i
396,120,1,2,1440.96243763921,0.197578526964207,2,0.32345491425076,2.02550182016057,0.875056006552768,1,-19.5423406316664+0.0434798487222543i
397,295,2,7,1444.17922301099,0.197356695662165,3,0.0831984444885165,1.56864376497469,0.63485309236421,1,-5.24895349517517+0i
398,393,2,1,1447.17973281327,0.197293189867196,3,0.168957313861029,1.72007903983831,0.720401836577366,1,5.24895349517517+0i
399,334,2,6,1450.26328273453,0.197379815283057,3,0.109746208017896,1.66067478272453,0.661059329337149,1,-5.24895349517517+0i
400,151,1,1,1453.32848738269,0.197336795230513,1,0.386617719403148,1.95550584999728,0.939402302188682,1,19.5423406316664+-0.0434798487222543i
401,310,2,6,1456.43084643275,0.197343818912486,3,0.251832961614127,1.88509548257207,0.802132331446046,1,-5.24895349517517+0i
402,147,1,1,1459.57821411754,0.197330064198468,1,0.414906478203193,2.01756974151067,0.96835362836282,1,19.5423406316664+-0.0434798487222543i
403,44,1,2,1462.69495240138,0.197270948207006,2,0.254142875161051,1.77296941684108,0.805762404630514,1,-19.5423406316664+0.0434798487222543i
404,248,2,8,1465.72801521564,0.197448588838597,3,0.259207535473251,1.811853693187,0.812344180340006,1,-5.24895349517517+0i
405,304,2,8,1468.81354552268,0.197320406638028,3,0.0187058221345069,1.50202179624102,0.568612743711128,1,-5.24895349517517+0i
406,26,1,2,1471.81156250302,0.197360207501333,2,0.146812521234096,1.83201107634886,0.699077936827962,1,-19.5423406316664+0.0434798487222543i
407,224,2,8,1475.01150801095,0.198193099171476,3,0.0793620506337902,1.83216150021326,0.627598213759484,1,-5.24895349517517+0i
408,96,1,2,1478.27962362427,0.197394447954139,2,0.440978387250652,1.9081864237487,0.992265169763414,1,-19.5423406316664+0.0434798487222543i
409,213,2,5,1481.2607697195,0.197325967052166,3,0.077542624239868,1.64669033842802,0.630397443848778,1,-5.24895349517517+0i
410,431,3,1,1484.34420901777,0.197361085462035,3,0.355188789264503,2.0913014327416,0.908820311084128,1,-19.5423406316664+0.0434798487222543i
411,226,2,2,1487.61250256438,0.197331234812737,3,0.181149841191655,1.81491426278808,0.73186009643905,1,5.24895349517517+0i
412,23,1,1,1490.76096126117,0.197445662306563,1,0.283283548105828,2.01860953915457,0.835022187522554,1,19.5423406316664+-0.0434798487222543i
413,8,1,2,1494.01093645879,0.197347916058789,2,0.0893825041821401,1.62467519127313,0.641086610492493,1,-19.5423406316664+0.0434798487222543i
414,221,2,5,1497.07906471475,0.197312212338147,3,0.203355798388657,1.62055667950699,0.753671556805784,1,-5.24895349517517+0i
415,380,2,4,1500.01063209923,0.19740995858956,3,0.043899770884309,1.71284142778313,0.597467201598192,1,5.24895349517517+0i
416,53,1,1,1503.1937629115,0.197339429108979,1,0.153529795486975,1.9056798470956,0.705522458076302,1,19.5423406316664+-0.0434798487222543i
417,241,2,1,1506.46088584438,0.197320699287957,3,0.21990183818707,1.85470137497396,0.771398160555691,1,5.24895349517517+0i
418,256,2,8,1509.61073669356,0.197366060572676,3,0.692270232670126,2.16054996603998,1.24364510386658,1,-5.24895349517517+0i
419,278,2,6,1512.59320587496,0.197449759456504,3,0.0198041504700086,1.80544048585216,0.57032857078957,1,-5.24895349517517+0i
420,64,1,2,1515.89357862764,0.21729575936115,1,0.0185290594599792,1.70366206020481,0.587327052795445,0,-19.5423406316664+0.0434798487222543i
421,429,3,1,1519.09288234659,0.197496584001783,3,0.513360653509153,1.98253590637978,1.06607324354627,1,-19.5423406316664+0.0434798487222543i
422,174,1,2,1522.0765329699,0.197332405427005,2,0.181933274430776,1.55072839976128,0.733626845216349,1,-19.5423406316664+0.0434798487222543i
423,277,2,5,1524.96042242767,0.19737103567968,3,0.132684091448027,1.63464764965465,0.684825714637554,1,-5.24895349517517+0i
424,9,1,1,1527.9770732374,0.197433663513948,1,0.122998726081278,1.87427169534931,0.671936086833739,1,19.5423406316664+-0.0434798487222543i
425,403,3,1,1531.24294244297,0.197420494110702,3,0.364081649138825,1.81615628395957,0.916722831738298,1,-19.5423406316664+0.0434798487222543i
426,7,1,1,1534.2099293798,0.197376596097456,1,0.150200570031302,1.5852445309647,0.701877752224391,1,19.5423406316664+-0.0434798487222543i
427,117,1,1,1537.15990671379,0.197427225139108,1,0.220526945919119,1.75538913980563,0.772076823865063,1,19.5423406316664+-0.0434798487222543i
428,157,1,1,1540.2287856258,0.197439223931724,1,0.174360866851202,1.59044527512742,0.723743060822017,1,19.5423406316664+-0.0434798487222543i
429,437,3,1,1543.15988973989,0.197349086669419,3,0.491006321022724,2.05913618656632,1.04257346552185,1,-19.5423406316664+0.0434798487222543i
430,103,1,1,1546.24272207494,0.197286166185222,1,0.123249237418349,1.80829268621164,0.675013337680866,1,19.5423406316664+-0.0434798487222543i
431,345,2,1,1549.44253940066,0.197367231183307,3,0.192475529049261,1.74433913148096,0.744368104169553,1,5.24895349517517+0i
432,265,2,1,1552.5092046821,0.197430444324709,3,0.278114410517446,1.82991655572914,0.829814127024292,1,5.24895349517517+0i
433,290,2,2,1555.57534523594,0.197429859021213,3,0.362851041452814,2.13168233874603,0.912088957280503,1,5.24895349517517+0i
434,99,1,1,1558.85865658612,0.197318943370192,1,0.0251883883320261,1.54404829250052,0.577185148071294,1,19.5423406316664+-0.0434798487222543i
435,449,3,1,1561.89246361806,0.197353476472927,3,0.252688972905162,1.65433590936664,0.804321671777871,1,-19.5423406316664+0.0434798487222543i
436,111,1,1,1564.80838077489,0.197376303440251,1,0.201685039937729,1.95438879184076,0.755123117836774,1,19.5423406316664+-0.0434798487222543i
437,100,1,2,1568.09412173388,0.197325381741393,2,0.188407646332053,1.80477557724953,0.737835494237515,1,-19.5423406316664+0.0434798487222543i
438,32,1,2,1571.22458546373,0.197425469217706,2,0.186941159976413,1.70616395440447,0.739094489304989,1,-19.5423406316664+0.0434798487222543i
439,30,1,2,1574.25884610849,0.197431322289049,2,0.19895282748621,1.58379560381582,0.750340868085914,1,-19.5423406316664+0.0434798487222543i
440,438,3,1,1577.15824532025,0.197418738189299,3,0.373675121329143,1.89230295132438,0.925755579952238,1,-19.5423406316664+0.0434798487222543i
441,216,2,8,1580.21077456292,0.19742810309981,3,0.173157768585952,1.65614245900724,0.722200777228863,1,-5.24895349517517+0i
442,317,2,5,1583.20878978733,0.19730021354917,3,0.0751522310019936,1.80980072934835,0.626841411980422,1,-5.24895349517517+0i
443,253,2,5,1586.4577459657,0.197382741818728,3,0.0729874735552585,1.82516766846675,0.62182650275281,1,-5.24895349517517+0i
444,69,1,1,1589.72488089737,0.197443028424459,1,0.126949254772626,1.66189280631443,0.679108437168907,1,19.5423406316664+-0.0434798487222543i
445,298,2,2,1592.77448711754,0.197433370864019,3,0.669296060212218,2.38791505207337,1.22086496063639,1,5.24895349517517+0i
446,187,1,1,1596.00757562677,0.197504485644458,1,0.262716742792691,1.91487852980208,0.814420849099406,1,19.5423406316664+-0.0434798487222543i
447,27,1,1,1599.17431638353,0.19745034476,1,0.0531060625799,1.78845692917093,0.605744025990134,1,19.5423406316664+-0.0434798487222543i
448,369,2,1,1602.44310831894,0.197321284595091,3,0.095053835062572,1.71147766278591,0.644083381645032,1,5.24895349517517+0i
449,135,1,1,1605.57360658189,0.197333283387707,1,0.0179431672913779,1.6374053229556,0.571546887033037,1,19.5423406316664+-0.0434798487222543i
450,239,2,7,1608.72621159253,0.197344989523117,3,0.164590924639924,1.76429516907956,0.715406535124202,1,-5.24895349517517+0i
