PresOrder,TrialNumber,Illusory_Fragmented,Fat_Thin,StimPresTime,StimPresLength,Response,RespScreenOnset_to_Resp,ExpStartOnset_to_Resp,StimOnset_to_Resp,Accuracy,StepLevel
1,441,3,1,199.876264595767,0.21787292424051,NaN,NaN,NaN,NaN,0,-4.28948128636153
2,26,1,2,203.279553620267,0.198522915270587,NaN,NaN,NaN,NaN,0,-4.28948128636153
3,433,3,1,206.27961537032,0.198660170131916,NaN,NaN,NaN,NaN,0,-4.28948128636153
4,10,1,2,209.496157010197,0.19873567493778,1,0.440365981748982,2.04523206168233,0.992550485059837,0,-4.28948128636153
5,220,2,4,212.621137658432,0.198565642796893,3,0.322156768464993,1.86402725664993,0.87645218716716,1,3.72460430190767
6,142,1,2,215.680760702149,0.19865987747653,1,0.551059540222923,2.3166472588091,1.11188232019776,0,-4.28948128636153
7,85,1,1,218.961875340394,0.19935551672279,NaN,NaN,NaN,NaN,0,4.28948128636153
8,204,2,4,221.881775276039,0.198730114507271,3,0.258568259125241,1.73951573324121,0.820623698969939,1,3.72460430190767
9,201,2,1,224.876635388753,0.19946731066193,3,0.459472209695377,1.84840215147597,1.01240883453102,1,3.72460430190767
10,224,2,8,227.779432607716,0.198547205576688,3,0.376072175571608,1.89759206977214,0.928407103188874,1,-3.72460430190767
11,375,2,7,230.816011174711,0.198635001863295,3,0.190765528017437,1.80540187140832,0.770514553552857,1,-3.72460430190767
12,159,1,1,233.946903439595,0.198647585997605,1,0.504667396937293,2.14628353927947,1.09371434190325,1,4.28948128636153
13,356,2,4,237.103124933239,0.198658706858623,3,0.241349944000831,1.73398807902049,0.798086392131154,1,3.72460430190767
14,316,2,4,240.111715799909,0.198451800277326,3,0.413756390473281,2.08531428583046,0.965721988375662,1,3.72460430190767
15,270,2,6,243.29773184146,0.22189955460999,3,0.44867677826187,1.96307317440187,1.02721275176737,1,-3.72460430190767
16,208,2,8,246.327069556024,0.199089201320021,3,0.325423960952321,1.79758566064083,0.878135534640023,1,-3.72460430190767
17,60,1,2,249.313167013999,0.198665145255291,1,0.154631795541718,1.8039722552021,0.718223085097634,0,-4.28948128636153
18,77,1,1,252.477601264969,0.199280304570493,1,0.333277924120921,1.85585488561446,0.887035444238791,1,4.28948128636153
19,272,2,8,255.530961799543,0.198618613223516,3,0.331609502018182,1.74592076502267,0.892417063969333,1,-3.72460430190767
20,90,1,2,258.459974989764,0.199275036793551,1,0.619595662979918,2.05676381130797,1.17146029515425,0,-4.28948128636153
21,84,1,2,261.411723028468,0.198439216143015,1,0.735113042110243,2.47299810564982,1.28728525394035,0,-4.28948128636153
22,373,2,5,264.663804019958,0.198519988727639,3,0.204540180116965,1.86893799562858,0.783192630029589,1,-3.72460430190767
23,31,1,1,267.842079648206,0.199263037968194,1,0.884990668717364,2.49052780493912,1.43728169819224,1,4.28948128636153
24,278,2,6,270.961625120977,0.198579397547292,3,0.349813769444154,1.97089055578181,0.902004711148038,1,-3.72460430190767
25,365,2,5,274.096795698919,0.198645537417178,3,0.195816155744978,1.82791722917318,0.758670541799802,1,-3.72460430190767
26,243,2,3,277.259383301322,0.217970085463094,3,0.0186192512101115,1.58729043392304,0.601286625318608,1,3.72460430190767
27,409,3,1,280.343850938294,0.198472871386912,NaN,NaN,NaN,NaN,0,-4.28948128636153
28,198,1,2,283.61500128329,0.19877167141567,NaN,NaN,NaN,NaN,0,-4.28948128636153
29,402,3,1,286.728728496129,0.198508282555849,1,1.41157611601557,2.84392629677313,1.9748015877085,0,-4.28948128636153
30,185,1,1,289.675992485809,0.199251039141018,1,0.67374958333312,2.11272194535559,1.22686560524744,1,4.28948128636153
31,36,1,2,292.62981778466,0.21647081753872,1,1.43072565679722,2.87876298543597,2.00960462112744,0,-4.28948128636153
32,166,1,2,295.59304987034,0.19922645618135,1,0.25920624547507,1.9315054341514,0.812185597838834,0,-4.28948128636153
33,430,3,1,298.781055083098,0.198512965023838,NaN,NaN,NaN,NaN,0,-4.28948128636153
34,152,1,2,302.058944963728,0.198977114727313,1,0.93022741286768,2.38544735573669,1.48278241651133,0,-4.28948128636153
35,331,2,3,305.046107683316,0.198557741130571,3,0.214837221294147,1.86251189273935,0.776765649176014,1,3.72460430190767
36,51,1,1,308.207436579622,0.199380684991411,3,0.388739716494456,2.06098505677801,0.941048012569809,0,4.28948128636153
37,329,2,1,311.394900381943,0.198775768576525,3,0.442625272864461,1.84170973318396,1.00615364174701,1,3.72460430190767
38,275,2,3,314.324531950679,0.199353175490614,3,0.531821617845708,2.08799558443206,1.08483550341407,1,3.72460430190767
39,116,1,2,317.394649869872,0.198650219885167,2,0.990289730672885,2.70589297457082,1.55368552716209,1,-4.28948128636153
40,251,2,3,320.625420361306,0.199122271254964,3,0.241860625736081,1.94697133539012,0.794777935387174,1,3.72460430190767
41,149,1,1,323.845415321799,0.198531987551178,NaN,NaN,NaN,NaN,0,4.28948128636153
42,66,1,2,326.910896426429,0.198533158170903,2,0.893314634675335,2.61370248355161,1.44458810518336,1,-4.28948128636153
43,150,1,2,330.145018687441,0.198625929580885,1,0.310067219763368,2.09154694423523,0.872496086480169,0,-4.28948128636153
44,384,2,8,333.440146783685,0.198756453393798,3,0.231439791792582,1.68442766039698,0.793666141742506,1,-3.72460430190767
45,234,2,2,336.408054606949,0.19918314334609,3,0.275845690415736,1.94826516000467,0.829065604604693,1,3.72460430190767
46,310,2,6,339.594316478106,0.198483699594362,3,0.399570851748649,1.89798364121089,0.962075808582085,1,-3.72460430190767
47,414,3,1,342.606700437022,0.199369564130393,1,1.48860009113378,3.09356508821656,2.04085366085747,0,-4.28948128636153
48,363,2,3,345.726049246108,0.19846496972059,3,0.139829048923275,1.69419324138289,0.691935120885319,1,3.72460430190767
49,209,2,1,348.795203162072,0.198521451999113,3,0.202710505498544,1.81693742553762,0.76478701645101,1,3.72460430190767
50,295,2,7,351.924221854193,0.199373075982294,3,0.0742291266524262,1.68002350599272,0.627592148788608,1,-3.72460430190767
51,381,2,5,355.043685969071,0.198652853774547,3,0.0605893881802331,1.78446070106475,0.631472159358964,1,-3.72460430190767
52,230,2,6,358.283102053527,0.1987157744461,3,0.0174875570701261,1.51011486388234,0.57433931099149,1,-3.72460430190767
53,410,3,1,361.289516157591,0.199319812900285,2,0.971064977740753,2.44260215317445,1.52313534587665,0,-4.28948128636153
54,287,2,7,364.294001084578,0.198512672370271,3,0.132363145341515,1.61414146498646,0.695081739806483,1,-3.72460430190767
55,407,3,1,367.290339101452,0.199395903015102,2,1.02124787203866,2.61018214510477,1.57432204438919,0,-4.28948128636153
56,34,1,2,370.394044075492,0.198675388153788,1,0.754761851108924,2.1861091056162,1.31643566975799,0,-4.28948128636153
57,138,1,2,373.339143008738,0.199377758450282,1,0.192673926640055,1.61716312052704,0.764155761147777,0,-4.28948128636153
58,80,1,2,376.277487188327,0.198667779142852,NaN,NaN,NaN,NaN,0,-4.28948128636153
59,276,2,4,379.22364611541,0.1988465909144,3,0.366766354472929,1.78874779375292,0.919467685258496,1,3.72460430190767
60,173,1,1,382.159592871059,0.198548083539208,1,0.154606334617711,1.72440891881524,0.738609090250975,1,4.28948128636153
61,240,2,8,385.243242831946,0.198513842986358,3,0.268438025039359,1.81677178320933,0.830951468846251,1,-3.72460430190767
62,94,1,2,388.306189843082,0.199455604491959,2,0.2411641085273,1.93062688597456,0.794720575147949,1,-4.28948128636153
63,382,2,6,391.510480974399,0.198654024390635,3,0.805217499204446,2.46953015231702,1.36740609674962,1,-3.72460430190767
64,87,1,1,394.688745189131,0.199350834254801,1,0.795455722724,2.37138853632132,1.36860978384175,1,4.28948128636153
65,253,2,5,397.778561083243,0.19863002673992,3,0.38553456671616,2.08158996734164,0.94567634015948,1,-3.72460430190767
66,352,2,8,400.988365236066,0.199376587832376,3,0.618197946094369,2.25611815741286,1.17003799530539,1,-3.72460430190767
67,129,1,1,404.141119361686,0.1984775538549,1,0.727267565915099,2.21496218467655,1.27941899929101,1,4.28948128636153
68,348,2,4,407.142860947364,0.198522622615201,3,0.220072806534517,1.88498218174209,0.780789353002547,1,3.72460430190767
69,434,3,1,410.322984102142,0.199235821119146,2,0.892991836994042,2.66516164320637,1.44566887747533,0,-4.28948128636153
70,289,2,1,413.609065083681,0.217201575298532,3,0.259901592067763,1.67502204418452,0.839352110227992,1,3.72460430190767
71,143,1,1,416.538596271994,0.199652853481894,1,0.462526349861946,2.18545531593372,1.01584166934663,1,4.28948128636153
72,346,2,2,419.775666732319,0.198515013604265,3,0.201789229795395,1.70034073738861,0.764135275348963,1,3.72460430190767
73,353,2,1,422.789355344059,0.221543101684802,2,0.021156271244763,1.82258389739945,0.603808134676001,0,3.72460430190767
74,41,1,1,426.105772283941,0.199356394687129,1,0.591018849570901,1.96175798602417,1.14305907431662,1,4.28948128636153
75,264,2,8,428.991470005423,0.198632075320347,NaN,NaN,NaN,NaN,0,-3.72460430190767
76,302,2,6,432.258169078676,0.19876084320822,3,0.102939097765557,1.60178121106765,0.665966149848828,1,-3.72460430190767
77,131,1,1,435.287477820464,0.199309862655355,3,0.272832229196865,1.81240157670436,0.826164815287484,0,4.28948128636153
78,218,2,2,438.341353133934,0.198706409508304,3,0.0189563889507554,1.63450405779804,0.58173585550503,1,3.72460430190767
79,284,2,4,441.47082924471,0.199215920627466,3,0.0296242231124779,1.46902707959271,0.582517535112856,1,3.72460430190767
80,42,1,2,444.424600695171,0.198515013604265,1,0.0182458243343717,1.59244758781279,0.588246828139745,0,-4.28948128636153
81,182,1,2,447.513069501591,0.198597834767497,1,0.697871905802458,2.07476087949544,1.25511142665709,0,-4.28948128636153
82,67,1,1,450.403564119531,0.19935815061217,1,0.221808246471483,1.96019872396755,0.773778234188285,1,4.28948128636153
83,175,1,1,453.656507855865,0.198760843206401,NaN,NaN,NaN,NaN,0,4.28948128636153
84,78,1,2,456.753149325974,0.199415510853214,1,0.0418129816171131,1.71472498837466,0.594726486764557,0,-4.28948128636153
85,277,2,5,459.939725507837,0.198673046919794,3,0.423706051007684,1.92798363243128,0.975726667917115,1,-3.72460430190767
86,332,2,4,462.957803055955,0.198518525456166,3,0.361549206454583,2.10971726376374,0.923435199463711,1,3.72460430190767
87,418,3,1,466.220075733077,0.199449458750678,2,0.811150479617936,2.36755622840064,1.38157934399169,0,-4.28948128636153
88,259,2,3,469.290635560248,0.198629441432786,3,0.358346397908463,2.05703217528935,0.921744242978093,1,3.72460430190767
89,250,2,2,472.50371041741,0.199354053451316,3,0.0522554719755135,1.491873136707,0.605663855525563,1,3.72460430190767
90,280,2,8,475.475757542945,0.198664267290951,3,0.0558855557828792,1.53593282530528,0.616803448403516,1,-3.72460430190767
91,64,1,2,478.470237497737,0.199224992911695,1,0.380823710616824,2.08515069208261,0.932888225670467,0,-4.28948128636153
92,369,2,1,481.68893687769,0.198505063359335,3,0.24333677397226,1.82651161061949,0.806912260195531,1,3.72460430190767
93,403,3,1,484.803919870086,0.198792742525256,1,0.842996241441142,2.41532969993204,1.39605022064643,0,-4.28948128636153
94,114,1,2,487.890194647294,0.19852086669016,NaN,NaN,NaN,NaN,0,-4.28948128636153
95,438,3,1,490.853271918855,0.199241966858608,NaN,NaN,NaN,NaN,0,-4.28948128636153
96,319,2,7,493.77403342873,0.198785718821455,3,0.0474852070565248,1.44533232504182,0.609295109950835,1,-3.72460430190767
97,239,2,7,496.686156954593,0.199363711042679,3,0.0457629365628236,1.50118598150948,0.598615276963756,1,-3.72460430190767
98,376,2,8,499.65614174535,0.198533743478038,3,0.525042866536751,2.10721741082307,1.08761454854721,1,-3.72460430190767
99,206,2,6,502.752412715126,0.198442727994916,3,0.157724273420172,1.91486715982865,0.709865463895767,1,-3.72460430190767
100,48,1,2,506.02345711927,0.1986291487774,1,0.552525445558786,2.08391393505553,1.1147667208752,0,-4.28948128636153
101,139,1,1,509.069582947152,0.199417559431822,1,0.294798274861023,1.93387359266308,0.847830304994204,1,4.28948128636153
102,93,1,1,512.222940818572,0.198795083759251,1,0.725442573766486,2.27646904405265,1.307637896507,1,4.28948128636153
103,223,2,7,515.288824908159,0.198678022043168,3,0.487922596452336,1.97047498669053,1.05124113220882,1,-3.72460430190767
104,321,2,1,518.286003428153,0.199398829559868,3,0.224527297476016,1.59712654459327,0.777884173870916,1,3.72460430190767
105,19,1,1,521.172565065097,0.198623588345072,1,0.8705560811959,2.3026329228469,1.43300250716857,1,4.28948128636153
106,233,2,1,524.118374855612,0.199422827208764,3,0.745735514856278,2.50082484611448,1.29818808949676,1,3.72460430190767
107,378,2,2,527.387566465448,0.198522329961634,3,0.610273745895029,2.34374441213185,1.1738378186019,1,3.72460430190767
108,423,3,1,530.634795541471,0.199290254817242,3,1.46382953941247,3.12022706460994,2.01723645969105,1,-4.28948128636153
109,273,2,1,533.805601461632,0.198673046919794,3,0.566097580891437,2.18154399135528,1.12852732556894,1,3.72460430190767
110,256,2,8,536.935856910783,0.198581153474152,3,0.361974433135401,1.8514255629434,0.914266340572794,1,-3.72460430190767
111,187,1,1,539.938791355344,0.198492479225024,NaN,NaN,NaN,NaN,0,4.28948128636153
112,151,1,1,543.134087464417,0.199317179010905,1,0.244287315104884,1.98088967489275,0.827836163933171,1,4.28948128636153
113,437,3,1,546.384485108434,0.199453263256146,3,1.40833584772008,3.11450420997789,1.96187212119548,1,-4.28948128636153
114,145,1,1,571.432910613723,0.198257185174953,NaN,NaN,NaN,NaN,0,4.28948128636153
115,141,1,1,574.80243903938,0.199476968255112,1,0.0525908537929354,1.67244522316469,0.604653612919719,1,4.28948128636153
116,35,1,1,577.937054744791,0.218061978910555,1,0.0447529866105469,1.59390442086442,0.626304177258135,1,4.28948128636153
117,337,2,1,581.00134269788,0.198987064972243,3,0.0333584918480483,1.78544957990925,0.583673812210691,1,3.72460430190767
118,420,3,1,584.284682971998,0.198939069668995,3,0.869609344568744,2.60598753117119,1.42088457100181,1,-4.28948128636153
119,72,1,2,587.535970870364,0.199443605664783,1,0.220721035784663,1.89108168244638,0.773804865730199,0,-4.28948128636153
120,248,2,8,590.720548223428,0.198410536022493,3,0.194499211442235,1.71415519047332,0.746395157624647,1,-3.72460430190767
121,215,2,7,593.754319943131,0.198376588125029,3,0.218904823263074,2.00033362589056,0.799153409670907,1,-3.72460430190767
122,200,1,2,597.050725182697,0.199351419563754,1,0.108801548491101,1.71217772543969,0.6604595667377,0,-4.28948128636153
123,400,2,8,600.169022777576,0.19888990374784,1,0.310822560484667,1.72963104195878,0.862071740686588,0,-3.72460430190767
124,183,1,1,603.102065817366,0.199379514375323,1,0.331733587436247,1.90064942913341,0.883351219386896,1,4.28948128636153
125,21,1,1,606.203039741575,0.198753526850851,1,0.198361077447771,1.7678361814942,0.750526558231286,1,4.28948128636153
126,130,1,2,609.286607759261,0.198826983076287,1,0.59485525465243,2.16402951008786,1.14690162513762,0,-4.28948128636153
127,89,1,1,612.370729771517,0.198372490965994,1,0.0533494137107482,1.76781393976671,0.633144093315423,1,4.28948128636153
128,297,2,1,615.600185367228,0.199210360196957,3,0.463320906255831,2.0663859916931,1.01461837441639,1,3.72460430190767
129,86,1,2,618.718461890998,0.199018671635713,2,0.305898652062751,1.89208460869668,0.857753041334945,1,-4.28948128636153
130,14,1,2,621.819025513894,0.198203044130423,2,0.206600466315649,1.77579725613214,0.757565771855297,1,-4.28948128636153
131,186,1,2,624.903205179045,0.198256014558865,2,0.273022454484817,1.87524586618383,0.824279536354879,1,-4.28948128636153
132,167,1,1,628.019797477378,0.198309862946189,1,0.408977638579017,2.19071899598566,0.970983619845356,1,4.28948128636153
133,308,2,4,631.317006345624,0.198965408555523,3,0.509498241293841,2.04559641627202,1.06071230298221,1,3.72460430190767
134,359,2,7,634.368059301125,0.219415212344757,3,0.175773141418176,1.64231470813138,0.758459538055831,1,-3.72460430190767
135,40,1,2,637.349941074059,0.19932566598618,2,0.214510326452,1.9006230902487,0.765937440462949,1,-4.28948128636153
136,322,2,2,640.55123396218,0.198665730564244,3,0.26636544736175,1.8193295817,0.817733445206613,1,3.72460430190767
137,191,1,1,643.618608832716,0.198575300388256,1,0.387575537730299,1.83972026932497,0.938975727545767,1,4.28948128636153
138,172,1,2,646.585066261321,0.198243430422735,2,1.29116702043575,2.96151830216149,1.84230001688593,1,-4.28948128636153
139,20,1,2,649.770106300819,0.198378636705456,2,0.320383868778663,1.98454258573474,0.883644751640531,1,-4.28948128636153
140,241,2,1,652.949315496249,0.198386831023527,3,0.357837472098254,1.79713585100035,0.909494612380513,1,3.72460430190767
141,385,2,1,655.903076411158,0.19835844356021,3,0.225052611924184,1.93934769114821,0.788612587470197,1,3.72460430190767
142,334,2,6,659.132064345315,0.199159731004329,3,0.538325566776621,2.17436781551987,1.08909303801738,1,-3.72460430190767
143,361,2,1,662.283258330917,0.198915364671848,3,0.157649353921443,1.69487219933399,0.727199377466604,1,3.72460430190767
144,428,3,1,665.334648131506,0.198330641400389,3,1.05690808987129,2.44348889567118,1.60864453946488,1,-4.28948128636153
145,304,2,8,668.235632357146,0.198280890173919,3,0.0616891829995438,1.8308862069407,0.613223701135212,1,-3.72460430190767
146,412,3,1,671.519421855599,0.198571495880969,3,0.564740250294562,1.97885865412354,1.12799937723139,1,-4.28948128636153
147,262,2,6,674.448998697982,0.199071349408769,3,0.220636166042823,1.65715286591876,0.772224532565815,1,-3.72460430190767
148,444,3,1,677.400190693535,0.198804741350614,3,0.807742227761992,2.19420509388146,1.35973474985803,1,-4.28948128636153
149,45,1,1,680.300751741073,0.198427509973044,1,1.00025695046679,2.46944937973421,1.55153773733218,1,4.28948128636153
150,134,1,2,683.283895146651,0.198729529198317,1,1.07786916070654,2.80649756906678,1.65554560856253,0,-4.28948128636153
151,199,1,1,686.526726506665,0.198375124853555,2,1.05930434319453,2.51562642211684,1.61459829833075,0,4.28948128636153
152,247,2,7,689.497118379539,0.199287035618909,3,0.432366569397345,1.9368771036352,0.984059706157495,1,-3.72460430190767
153,283,2,3,692.515898590607,0.199127831687292,3,0.295624730575582,1.79043904289028,0.87250311018397,1,3.72460430190767
154,327,2,7,695.524803767983,0.19827357381655,3,0.218611291011257,1.89335414300513,0.776133223256693,1,-3.72460430190767
155,101,1,1,698.715037835811,0.198977700036266,NaN,NaN,NaN,NaN,0,4.28948128636153
156,108,1,2,701.817283050254,0.198290547765282,NaN,NaN,NaN,NaN,0,-4.28948128636153
157,49,1,1,704.833667300654,0.198401463740083,NaN,NaN,NaN,NaN,0,4.28948128636153
158,213,2,5,707.981029563643,0.199339128083011,3,0.626826272513426,1.99699648902788,1.1786865148697,1,-3.72460430190767
159,7,1,1,710.865515111058,0.199108809158133,NaN,NaN,NaN,NaN,0,4.28948128636153
160,255,2,7,713.850621934263,0.198414925836914,NaN,NaN,NaN,NaN,0,-3.72460430190767
161,194,1,2,716.881231231715,0.199472285785305,1,0.301755545286142,2.07298915042702,0.854692755430733,0,-4.28948128636153
162,98,1,2,720.166678616717,0.198434533675027,2,0.74557835950327,2.31530953605215,1.2975574195043,1,-4.28948128636153
163,338,2,2,723.25039237624,0.198232309559899,3,0.242034755037821,2.02360812888219,0.839469757253028,1,3.72460430190767
164,1,1,1,726.545991645891,0.199314252467957,2,1.02592507289228,2.48016111204015,1.57754855793064,0,4.28948128636153
165,258,2,2,729.515387323563,0.199001112379847,3,0.174305187501886,1.89450193312769,0.726765956464078,1,3.72460430190767
166,254,2,6,732.750192932341,0.198387123678913,3,0.200398829265396,1.8199254258343,0.752094599913107,1,-3.72460430190767
167,164,1,2,735.908374624416,0.198242552462034,2,0.448622344565592,2.00532279621802,1.00395639334056,1,-4.28948128636153
168,39,1,1,738.979158917426,0.19935727264965,NaN,NaN,NaN,NaN,0,4.28948128636153
169,245,2,5,742.01433069525,0.198914779362894,NaN,NaN,NaN,NaN,0,-3.72460430190767
170,5,1,1,744.914273071621,0.19835024924032,NaN,NaN,NaN,NaN,0,4.28948128636153
171,76,1,2,747.879465941041,0.199384196843312,1,1.11898006468255,2.5226167624769,1.67066237323343,0,-4.28948128636153
172,4,1,2,750.797662921375,0.199263915930715,2,0.325156182278079,2.01220339121937,0.877694504626561,1,-4.28948128636153
173,439,3,1,753.998879134071,0.198326544243173,3,0.919772631030355,2.706714455162,1.50565803170684,1,-4.28948128636153
174,83,1,1,757.300267983534,0.198327129550307,2,0.490574629624462,2.02140970985965,1.05280888123889,0,4.28948128636153
175,431,3,1,760.345785090494,0.198927070843638,3,0.802689551450385,2.27210439797818,1.35358081545928,1,-4.28948128636153
176,324,2,4,763.329215882583,0.232009004386782,3,0.937427586353806,2.45640168088903,1.52140751495244,1,3.72460430190767
177,74,1,2,766.362879320201,0.1990432545972,2,0.246600454609506,1.98299678577678,0.798012057943197,1,-4.28948128636153
178,192,1,2,769.614208190165,0.199109979774221,2,0.35266158833474,1.73938433146395,0.905061192548601,1,-4.28948128636153
179,109,1,1,772.514933124106,0.198223237277489,1,0.435588400472625,2.03871318738129,0.987251686494346,1,4.28948128636153
180,231,2,7,775.654597993973,0.198262160298327,1,0.1543139729838,1.54699896195416,0.712055103291277,0,-3.72460430190767
181,162,1,2,778.561951840225,0.199228797417163,NaN,NaN,NaN,NaN,0,-4.28948128636153
182,65,1,1,781.646358897759,0.198995844602905,1,0.103455339931315,1.75524443803261,0.654183302844103,1,4.28948128636153
183,210,2,2,784.812994494296,0.19896745713595,3,0.31710731135172,1.85268251311572,0.868313471375586,1,3.72460430190767
184,44,1,2,787.886995935911,0.1981734860492,2,0.0988129649358598,1.85875333369768,0.657187984434131,1,-4.28948128636153
185,315,2,3,791.160707591249,0.199278548645452,3,0.412924374328213,2.00069359066583,0.964462404313963,1,3.72460430190767
186,257,2,1,794.26292675946,0.230323900988878,3,0.359561791172382,1.8267717802828,0.942069376040308,1,3.72460430190767
187,281,2,1,797.245587578114,0.199263037968194,3,0.3797458648678,1.88408373307357,0.932197268892196,1,3.72460430190767
188,342,2,6,800.263942855154,0.198651975812027,3,0.455097320720597,1.85762807795436,1.00642463961776,1,-3.72460430190767
189,58,1,2,803.180436587523,0.198142464692864,2,0.164033314595144,1.53323191886557,0.714916969587648,1,-4.28948128636153
190,236,2,4,806.063713765376,0.199275329448938,3,0.596533627001918,2.09764556697519,1.14826832067047,1,3.72460430190767
191,330,2,2,809.079284729505,0.199384782152265,3,0.328677106033865,1.86604159612398,0.881608755747948,1,3.72460430190767
192,242,2,2,812.131137509179,0.198383611827012,3,0.290861489358576,1.9184059354975,0.867163925324348,1,3.72460430190767
193,432,3,1,815.272520259725,0.198272403198644,3,0.997364355467653,2.52092375741267,1.55326527560283,1,-4.28948128636153
194,181,1,1,818.311273540745,0.199093591134442,1,0.502927567185907,1.92234359896429,1.05381005156232,1,4.28948128636153
195,189,1,1,821.245849796356,0.198235821411799,1,0.192021307573668,1.61166736562336,0.742831506340735,1,4.28948128636153
196,345,2,1,824.201005208954,0.198359614176297,3,0.0570239809712803,1.76841534433333,0.616969383385367,1,3.72460430190767
197,427,3,1,827.426684979022,0.199232016613678,3,0.536415704882529,2.02277025965122,1.08762303552248,1,-4.28948128636153
198,390,2,6,830.427321209447,0.199301083026512,3,0.0155975956695329,1.38584360964524,0.567354531063756,1,-3.72460430190767
199,303,2,7,833.311884895556,0.199025402685947,3,0.0846648859642301,1.52177391812256,0.637022640614305,1,-3.72460430190767
200,73,1,1,836.263276773991,0.198321861773366,2,0.0165045313133305,1.4321403476315,0.597516360106965,0,4.28948128636153
201,311,2,7,839.193339129841,0.199285279695687,3,0.170714612024312,1.82412121038215,0.721940087229086,1,-3.72460430190767
202,399,2,7,842.361387075978,0.199313667159004,3,0.0708276058448973,1.62362492723878,0.622390218790315,1,-3.72460430190767
203,339,2,3,845.428435929636,0.198928241461545,3,0.0153579118068592,1.40110670146169,0.567187718119385,1,3.72460430190767
204,252,2,4,848.349717486182,0.198235821411799,3,0.0727055684219522,1.65156668084092,0.6336749681941,1,3.72460430190767
205,442,3,1,851.443516112522,0.199459408995608,3,0.538481844167109,2.30966394215284,1.09084428128517,1,-4.28948128636153
206,140,1,2,854.729098411151,0.198228505054431,1,0.357708411556814,1.74405187472803,0.909240003147715,0,-4.28948128636153
207,225,2,1,857.629300957185,0.224227034175783,3,0.148870603197793,1.94774160147972,0.730043684507109,1,3.72460430190767
208,274,2,2,860.943670195005,0.198894586217648,3,0.329774852276387,1.86558242154388,0.880684553501851,1,3.72460430190767
209,158,1,2,863.994101552795,0.198977700036266,1,0.587521338156876,2.22282492747399,1.13852937122465,0,-4.28948128636153
210,232,2,8,867.144145699694,0.199078958419705,3,0.39113392123727,1.9770002993846,0.942812132627296,1,-3.72460430190767
211,23,1,1,870.244588163714,0.198268891346743,1,0.454269401736383,2.20428235168947,1.01384284054984,1,4.28948128636153
212,52,1,2,873.50906803949,0.199294644629845,1,0.146619506404022,1.70016309623497,0.698072666644293,0,-4.28948128636153
213,323,2,3,876.577293656046,0.198881709427951,2,0.0334980879433715,1.50393605386671,0.585643375579821,0,3.72460430190767
214,148,1,2,879.561668843528,0.233092410566314,1,0.339454685557939,1.85550165188761,0.937745994220677,0,-4.28948128636153
215,362,2,2,882.592302723939,0.198807375239994,3,0.232941400952768,1.96876559298653,0.783640391091467,1,3.72460430190767
216,317,2,5,885.843063259274,0.198964823248389,3,0.204330932299854,1.82189440389448,0.787139365776966,1,-3.72460430190767
217,435,3,1,888.976293246622,0.199164706125885,3,0.71766411540375,2.32087874718309,1.26937481141977,1,-4.28948128636153
218,153,1,1,892.094813844071,0.198330641402208,1,0.185133396214951,1.92194236993055,0.737259953977627,1,4.28948128636153
219,341,2,5,895.365756111865,0.198515891566785,3,0.149071656695014,1.62712595050471,0.709420922030404,1,-3.72460430190767
220,366,2,6,898.358007211587,0.199325373330794,3,0.214115243161359,1.81887947940413,0.766402760782512,1,-3.72460430190767
221,96,1,2,901.477877237965,0.198211238452132,1,0.117886122947311,1.60317278221373,0.668627255305182,0,-4.28948128636153
222,229,2,5,904.477541563494,0.198374832199988,3,0.233512076818442,1.61919765314633,0.784587127718623,1,-3.72460430190767
223,377,2,1,907.377469014496,0.198950190533651,3,0.0842030774947489,1.68752745463098,0.636775055085309,1,3.72460430190767
224,388,2,4,910.515202073399,0.198242259806648,3,0.09969619558251,1.8778487334348,0.65957809201791,1,3.72460430190767
225,357,2,5,913.808899968131,0.199005209538882,3,0.226543978184054,1.91169917714251,0.810167453857503,1,-3.72460430190767
226,261,2,5,939.787535912341,0.198328885475348,NaN,NaN,NaN,NaN,0,-3.72460430190767
227,397,2,5,942.925181174955,0.198254258632005,3,0.389661577504739,2.21161802411007,0.972098632690177,1,-3.72460430190767
228,301,2,5,946.261096499533,0.198266842766316,3,0.0197764062686474,1.77204103832628,0.570811948840856,1,-3.72460430190767
229,422,3,1,949.527098470267,0.198363711337151,3,0.721127093611358,2.45742011781658,1.27277047914322,1,-4.28948128636153
230,136,1,2,952.777643026737,0.198508282555849,3,0.0820154866796656,1.55107797744313,0.633139996154569,0,-4.28948128636153
231,292,2,4,955.760563429745,0.198337079795238,3,0.11305293735677,1.83215837513671,0.664410399645931,1,3.72460430190767
232,326,2,6,958.993831432887,0.198443313303869,3,0.372701676118595,1.8709224843642,0.936398321218803,1,-3.72460430190767
233,97,1,1,962.006018435464,0.198838103939124,1,0.108845153981747,1.57871946774503,0.659574872819576,1,4.28948128636153
234,271,2,7,964.990530585153,0.199022768796567,3,0.115723993058054,1.84987156866555,0.698301229645949,1,-3.72460430190767
235,443,3,1,968.238799169214,0.199048522372323,3,0.860592958561028,2.29751059481714,1.41184916246675,1,-4.28948128636153
236,144,1,2,971.190591984025,0.199457360417,1,0.154018684805123,1.85774748090444,0.706099588498546,0,-4.28948128636153
237,59,1,1,974.408205909218,0.198949019915744,1,0.138819976933519,1.79207732160467,0.690924878277656,1,4.28948128636153
238,309,2,5,977.596984314609,0.198468188918923,3,0.273572351896291,1.85132196332415,0.833641254421309,1,-3.72460430190767
239,82,1,2,980.688793769741,0.198567984029069,1,0.143288515280801,1.89578288095436,0.693926925978303,0,-4.28948128636153
240,29,1,1,983.955609319401,0.199016623057105,1,0.0956590296591457,1.74860703874583,0.646387870532635,1,4.28948128636153
241,81,1,1,987.123484892161,0.221076025438379,1,0.14325076287605,1.86083703223994,0.726127384803476,1,4.28948128636153
242,28,1,2,990.355008090428,0.199047059102668,1,0.23728000079609,1.75751075285007,0.788590638398091,0,-4.28948128636153
243,417,3,1,993.389948671365,0.199067544903301,3,0.866309374800039,2.58642300660722,1.41826531511106,1,-4.28948128636153
244,405,3,1,996.62435158784,0.198771964071057,3,0.609600641029829,2.10395665673059,1.18575879843229,1,-4.28948128636153
245,8,1,2,999.632892410626,0.198487504101649,1,0.340229634115531,2.03144833730039,0.897441352812166,0,-4.28948128636153
246,227,2,3,1002.83888971645,0.19876172117074,3,0.353513212316102,2.10543456088999,0.903674303870503,1,3.72460430190767
247,380,2,4,1006.10528325862,0.198239040610133,3,0.258259508849733,1.72681600034593,0.819892063245788,1,3.72460430190767
248,37,1,1,1009.08764820379,0.199277670682932,1,0.143438061622874,1.88039453310012,0.69464714818605,1,4.28948128636153
249,102,1,2,1012.33940756822,0.198946386026364,1,0.331290508840539,1.90077585578729,0.882548468671303,0,-4.28948128636153
250,393,2,1,1015.4233059926,0.198397073925662,3,0.0752739024646871,1.80900327509335,0.634877484671961,1,3.72460430190767
251,395,2,3,1018.67154911573,0.199365466969539,3,0.382161433373767,1.75252772826389,0.933688635152066,1,3.72460430190767
252,3,1,1,1021.5563281954,0.198947849297838,1,0.274038257524808,1.89189994383923,0.824319629989986,1,4.28948128636153
253,211,2,3,1024.68905423206,0.198921803066696,3,0.189439218776897,1.57490735296778,0.740116259843489,1,3.72460430190767
254,13,1,1,1027.61090207466,0.198293766961797,1,0.198618905877083,1.86104686536601,0.759149324218015,1,4.28948128636153
255,180,1,2,1030.78695587154,0.199061399163838,1,0.127709064176088,1.56488452886151,0.679091402080303,0,-4.28948128636153
256,118,1,2,1033.73878497548,0.199284109075961,1,0.017064086314349,1.50569373552935,0.604616153170355,0,-4.28948128636153
257,16,1,2,1036.74122571226,0.198301083319166,1,0.0177088037125941,1.57070981249308,0.569778586544999,0,-4.28948128636153
258,71,1,1,1039.80843113596,0.198284987331135,1,0.0536277279406931,1.75156635892199,0.617056594363021,1,4.28948128636153
259,286,2,6,1043.02084371646,0.198948727262177,3,0.414541874586575,2.0351056379568,0.999760316137326,1,-3.72460430190767
260,170,1,2,1046.15562330828,0.1993230320968,1,0.0674699831815815,1.82025875906947,0.619134439819391,0,-4.28948128636153
261,24,1,2,1049.42272595179,0.198626514889838,1,0.110745650938043,1.68121226771655,0.662758366181151,0,-4.28948128636153
262,91,1,1,1052.50703497014,0.233095922418215,1,0.0192698216960707,1.68901267514957,0.60454357490562,1,4.28948128636153
263,333,2,5,1055.69087893155,0.198388001641433,3,0.368893658504021,1.80508200026816,0.92067810340086,1,-3.72460430190767
264,176,1,2,1058.6413711907,0.198401463738264,1,0.0670462197704182,1.8146670135593,0.629704527449576,0,-4.28948128636153
265,30,1,2,1061.90279136588,0.198453556204186,1,0.0180719876880175,1.67094975974578,0.568859359422277,0,-4.28948128636153
266,401,3,1,1065.07140735399,0.199269183707656,3,0.848142567121613,2.58438788867716,1.3995287095313,1,-4.28948128636153
267,425,3,1,1068.32218193673,0.23134145995391,3,0.725564317950557,2.30952873587194,1.3090271264191,1,-4.28948128636153
268,320,2,8,1071.42107977141,0.199552473060976,3,0.172025703241161,1.64284382708684,0.724577780340041,1,-3.72460430190767
269,398,2,6,1074.40612221068,0.227632652140528,3,0.127316029465874,1.60978559854084,0.708931604058307,1,-3.72460430190767
270,268,2,4,1077.40297764033,0.199250161178497,3,0.101598741117414,1.7890231814381,0.653295975036599,1,3.72460430190767
271,219,2,3,1080.60512829818,0.198862686900611,3,0.19507164323295,1.93052562759112,0.746038704701277,1,3.72460430190767
272,336,2,8,1083.85459091174,0.198251624744444,3,0.0771436707218527,1.4653571948038,0.627528350152716,1,-3.72460430190767
273,358,2,6,1086.75687188854,0.198238747954747,3,0.0918764729649411,1.8270726288938,0.643159015757192,1,-3.72460430190767
274,92,1,2,1090.00589376474,0.198637343097289,1,0.242531389367286,1.96181124910436,0.794275740629018,0,-4.28948128636153
275,47,1,1,1093.2396341119,0.19839005022186,1,0.102272723946953,1.58405835994745,0.682624617318652,1,4.28948128636153
276,404,3,1,1096.23601427099,0.199292303397669,3,0.722903505149588,2.42750148448795,1.27540290447723,1,-4.28948128636153
277,394,2,2,1099.45459161411,0.199102370761466,3,0.0170664275501622,1.55285380367241,0.568649526294394,1,3.72460430190767
278,379,2,3,1102.50441308036,0.199261282043153,3,0.0173927370815363,1.48636713890301,0.568913793118554,1,3.72460430190767
279,306,2,2,1105.48770954413,0.198998478490466,3,0.0191846592970251,1.68931527968562,0.604984604920901,1,3.72460430190767
280,128,1,2,1108.67168461467,0.198652853774547,1,0.379417214100613,1.81602961193312,0.931629519569469,0,-4.28948128636153
281,307,2,3,1111.62251664544,0.198592859644123,3,0.224102656100513,1.77689207582989,0.775885345072311,1,3.72460430190767
282,386,2,2,1114.68963544348,0.198341469609659,1,0.0205376000776596,1.79552332586354,0.610815741640181,0,3.72460430190767
283,237,2,5,1117.97916330724,0.198310448256962,3,0.356997846942249,1.74857045695899,0.914105966021452,1,-3.72460430190767
284,355,2,3,1120.88464562931,0.198560667673519,3,0.0624822761255928,1.51510140032224,0.613104883494088,1,3.72460430190767
285,50,1,2,1123.85318851238,0.198979455961307,1,0.221702305618237,1.69026757674328,0.7725010908689,0,-4.28948128636153
286,46,1,2,1126.85594677906,0.198263038260848,1,0.191292305738898,1.74351719534206,0.742348626763487,0,-4.28948128636153
287,38,1,2,1129.92301348463,0.19827357381655,1,0.174882887069543,1.57234223811975,0.738050705867863,0,-4.28948128636153
288,54,1,2,1132.83595468658,0.198451507623759,1,0.137849827964601,1.75547153776097,0.692216946965345,0,-4.28948128636153
289,110,1,2,1135.96922184102,0.199038279472006,1,0.179131642045832,1.58218244595264,0.730685768015974,0,-4.28948128636153
290,12,1,2,1138.88694647734,0.198693240066859,1,0.116299936698852,1.55223688842852,0.667643351582228,0,-4.28948128636153
291,104,1,2,1141.83756633375,0.198210945796745,1,0.0187980629798403,1.6543995743632,0.569629040202926,0,-4.28948128636153
292,63,1,1,1144.98734328729,0.198349956583115,1,0.876982769392271,2.67613910560794,1.43243739173522,1,4.28948128636153
293,165,1,1,1148.30209999939,0.199089201320021,1,0.584904716153687,1.96111912171,1.14294289056306,1,4.28948128636153
294,238,2,6,1151.19259315406,0.198320105846506,3,0.63881134363146,2.38272567084459,1.1984810657068,1,-3.72460430190767
295,161,1,1,1154.45062292929,0.199274158831031,1,0.851167149205139,2.38849300892798,1.40265601326973,1,4.28948128636153
296,157,1,1,1157.50260945197,0.19834849331346,1,0.514202951651896,2.06454958602626,1.07506494730296,1,4.28948128636153
297,445,3,1,1160.56685497019,0.199203336493156,1,0.525900928912961,2.09627360366721,1.07687911124412,0,-4.28948128636153
298,244,2,4,1163.6522225191,0.198911267512813,1,0.121082200445016,1.72290584638358,0.67189269186747,0,3.72460430190767
299,214,2,6,1166.76873111831,0.198414633183347,3,0.0198182558342523,1.72033604906755,0.577000416447845,1,-3.72460430190767
300,449,3,1,1169.98383114316,0.199415218199647,3,0.580904717324302,2.1514108424326,1.13256975927288,1,-4.28948128636153
301,179,1,1,1173.06928970755,0.198263330916234,3,0.088693857565886,1.52189624761741,0.644376750256924,0,4.28948128636153
302,9,1,1,1176.01726631043,0.199333274998935,1,0.0989133453567774,1.48567823070516,0.650443181024457,1,4.28948128636153
303,202,2,2,1178.91860728165,0.198992040095618,NaN,NaN,NaN,NaN,0,3.72460430190767
304,228,2,4,1181.93660317922,0.198520866688341,NaN,NaN,NaN,NaN,0,3.72460430190767
305,408,3,1,1184.95419228733,0.198337079795238,NaN,NaN,NaN,NaN,0,-4.28948128636153
306,22,1,2,1187.95204742404,0.198231138943811,NaN,NaN,NaN,NaN,0,-4.28948128636153
307,296,2,8,1190.90376678263,0.198342347573998,3,0.32527617053529,1.82367725382574,0.888819464787957,1,-3.72460430190767
308,53,1,1,1193.91755460417,0.199036230893398,NaN,NaN,NaN,NaN,0,4.28948128636153
309,246,2,6,1196.9841240901,0.199038572127392,3,0.0589999827334395,1.67887747179338,0.610716531835351,1,-3.72460430190767
310,113,1,1,1200.11849455122,0.199098858913203,1,0.481242469639255,1.98449780962983,1.03353584034812,1,4.28948128636153
311,69,1,1,1203.13571169572,0.227925013778076,1,0.0970072879699728,1.67950024012316,0.678010629790151,1,4.28948128636153
312,392,2,8,1206.23337277338,0.198980919232781,3,0.253495389670206,1.78959824711819,0.804391043491705,1,-3.72460430190767
313,160,1,2,1209.28429315648,0.199113784281508,1,0.210157679204713,1.96245684446694,0.761492314459247,0,-4.28948128636153
314,347,2,3,1212.55159509757,0.198836640669469,3,0.319338215002062,1.83924207221389,0.871159534341132,1,3.72460430190767
315,429,3,1,1215.58602177758,0.198378929359023,3,0.609609713312238,2.12483168720064,1.18996980100383,1,-4.28948128636153
316,156,1,2,1218.61727549977,0.199062277126359,1,0.886613436752668,2.60561527491518,1.43787549374429,0,-4.28948128636153
317,197,1,1,1221.85059237618,0.199028036573509,1,0.776101323937837,2.42819770904316,1.32737420913872,1,4.28948128636153
318,33,1,1,1225.01752677275,0.235993785194296,1,0.773975483180038,2.35733556999367,1.37246287021844,1,4.28948128636153
319,367,2,7,1228.11656595945,0.199191337667799,3,1.29069731030177,2.82606121566823,1.84178992045963,1,-3.72460430190767
320,340,2,4,1231.16714130315,0.198997893181513,3,0.490461372413847,1.91177029213577,1.04322562387279,1,3.72460430190767
321,325,2,5,1234.10310795929,0.232957496940799,3,1.17406199178913,2.67165476392802,1.7706099588504,1,-3.72460430190767
322,168,1,2,1237.11465697552,0.199279133954406,3,0.934954072297842,2.55610548548248,1.4866890586236,0,-4.28948128636153
323,389,2,5,1240.25069000565,0.1989332165831,3,0.0160675984589034,1.46958165947217,0.568205277084417,1,-3.72460430190767
324,193,1,1,1243.21895750104,0.198363711335332,1,0.38910290046806,1.80382592805654,0.948375198016947,1,4.28948128636153
325,124,1,2,1246.14807312026,0.199031841078977,2,0.908327214419842,2.39458431530875,1.45905751856662,1,-4.28948128636153
326,265,2,1,1249.14930607278,0.199172022483253,3,0.37171777239746,1.84131845439879,0.923281555960784,1,3.72460430190767
327,203,2,3,1252.13378632315,0.19916148692937,3,0.575303606876332,2.12914394815925,1.12795079661919,1,3.72460430190767
328,364,2,4,1255.2021887029,0.198332982636202,3,0.446197118468262,2.06065786928411,0.998223881117156,1,3.72460430190767
329,354,2,2,1258.33233704058,0.199582909106539,3,0.124076346481161,1.56211367804644,0.67719968475285,1,3.72460430190767
330,216,2,8,1261.28470872558,0.198470530151099,3,0.121194872344859,1.65807355631478,0.673564333166723,1,-3.72460430190767
331,184,1,2,1264.33586996316,0.198224700548963,1,0.487574337847036,2.0390497398148,1.03784751599414,0,-4.28948128636153
332,279,2,7,1267.40146461766,0.198241674497694,3,0.143594046357975,1.64542679384613,0.694994236173443,1,-3.72460430190767
333,169,1,1,1270.41716815418,0.198900731958929,1,0.392470473376306,1.82953121757964,0.945383685870183,1,4.28948128636153
334,235,2,3,1273.36865543791,0.198491015951731,NaN,NaN,NaN,NaN,0,3.72460430190767
335,299,2,3,1276.54169167642,0.198227041784776,3,0.16328938739025,1.92105650539816,0.719530957117968,1,3.72460430190767
336,135,1,1,1279.81377061347,0.199361369810504,1,0.196679485899949,1.80054117631153,0.748148742128251,1,4.28948128636153
337,112,1,2,1282.93260552163,0.198641147602757,2,0.191977116775888,1.57787603808174,0.743188837228445,1,-4.28948128636153
338,2,1,2,1285.8332783631,0.198184021603083,1,0.467661554677761,1.8532160218856,1.01843224511867,0,-4.28948128636153
339,6,1,2,1313.00840561651,0.222290540739777,1,0.686151101506766,2.72609548548462,1.26286969187277,0,-4.28948128636153
340,127,1,1,1316.56447598347,0.198239918570835,NaN,NaN,NaN,NaN,0,4.28948128636153
341,111,1,1,1319.84926899348,0.198305765787154,2,0.982894064121865,2.66920963734083,1.53439024454383,0,4.28948128636153
342,126,1,2,1323.05004417617,0.198268598691357,2,0.430957146340006,2.11615653609806,0.981818266953269,1,-4.28948128636153
343,406,3,1,1326.27015532041,0.198346444733033,3,0.855385760787613,2.39986584727376,1.41490944837278,1,-4.28948128636153
344,314,2,2,1329.32883835855,0.19940234140995,3,0.413164058190887,2.11752118304867,0.964978939135108,1,3.72460430190767
345,68,1,2,1332.54822430547,0.198740650061154,2,1.09395256249627,2.5140282370412,1.64582041386529,1,-4.28948128636153
346,147,1,1,1335.48226939354,0.198305473131768,2,0.0960944992402801,1.53191965703263,0.647595654785619,0,4.28948128636153
347,25,1,1,1338.43201392098,0.198201873514336,2,0.729031685972586,2.27802801345388,1.28331832504591,0,4.28948128636153
348,249,2,1,1341.49514003654,0.199137781932222,3,0.189345862057962,1.74286984405444,0.740236833411473,1,3.72460430190767
349,174,1,2,1344.58561089095,0.198254551287391,1,1.07293647265396,2.48471569074718,1.63304049369617,0,-4.28948128636153
350,137,1,1,1347.51147160917,0.19919397155536,1,0.647573120406378,2.13465199454185,1.1986800706236,1,4.28948128636153
351,351,2,7,1350.51371568226,0.198644659454658,3,0.501905325752887,2.17248399985874,1.0536496770128,1,-3.72460430190767
352,79,1,1,1353.69900974568,0.198477261199514,2,0.733865164218514,2.15495049606216,1.32032153341424,0,4.28948128636153
353,300,2,4,1356.63444230774,0.198360492138818,3,0.170438346372976,1.89984053267654,0.731928085475374,1,3.72460430190767
354,100,1,2,1359.87796374657,0.1993681008571,NaN,NaN,NaN,NaN,0,-4.28948128636153
355,119,1,1,1362.97967720817,0.198971261641418,NaN,NaN,NaN,NaN,0,4.28948128636153
356,123,1,1,1365.97970618095,0.19837102769452,1,0.717970524445263,2.21837628961657,1.27652552633117,1,4.28948128636153
357,335,2,7,1368.99487591605,0.199321861478893,3,0.904673718268896,2.49136830805764,1.45606307987509,1,-3.72460430190767
358,107,1,1,1372.09650011809,0.199527890101308,1,0.884027250796862,2.66156726322333,1.46068496907174,1,4.28948128636153
359,391,2,7,1375.38793433189,0.198296986158311,3,0.378812005030341,1.75421809943873,0.936750091674185,1,-3.72460430190767
360,313,2,1,1378.27750504024,0.199230260688637,3,0.188393857655683,1.59240866479013,0.739859602032084,1,3.72460430190767
361,448,3,1,1381.19652613505,0.199008428737216,3,0.793405679425632,2.34520065987817,1.34420563529238,1,-4.28948128636153
362,146,1,2,1384.26303270031,0.198937021090387,3,1.47914940616101,3.23112284719718,2.0301387093532,0,-4.28948128636153
363,387,2,3,1387.5291886072,0.198973895530798,3,0.0156678326984547,1.38436629079115,0.566840337476606,1,3.72460430190767
364,318,2,6,1390.44333320359,0.199426631714232,3,0.0175059942921507,1.5889181770799,0.569232786292559,1,-3.72460430190767
365,424,3,1,1393.52910637135,0.198486040830176,3,0.956470600975081,2.55678385812462,1.51115115272296,1,-4.28948128636153
366,371,2,3,1396.64461292227,0.199275914756072,3,0.0177796260522882,1.60428603913169,0.56939959923875,1,3.72460430190767
367,196,1,2,1399.74611420951,0.198935557817094,2,0.510522238653721,1.97993796314404,1.06229819657528,1,-4.28948128636153
368,106,1,2,1402.73020991214,0.198184899565604,2,0.790998597894941,2.25968268666111,1.34187054671565,1,-4.28948128636153
369,18,1,2,1405.71328600723,0.19828001220958,2,0.220751764485613,1.98050366388634,0.795970208964718,1,-4.28948128636153
370,285,2,5,1408.98750980758,0.198242845115601,3,0.134017812695674,1.64223159431276,0.691354202121147,1,-3.72460430190767
371,132,1,2,1412.00953145756,0.199046473793715,2,0.208571492954434,1.61216136606345,0.759939490799297,1,-4.28948128636153
372,195,1,1,1414.92841617547,0.233033294400229,2,0.215558321464414,1.66948853687791,0.801762422661341,0,4.28948128636153
373,440,3,1,1417.89622010646,0.198691191486432,3,0.496776559326463,1.94959790763824,1.0486157305786,1,-4.28948128636153
374,207,2,7,1420.86366231675,0.198374539544602,3,0.201681533015289,1.65421871401304,0.752379352536082,1,-3.72460430190767
375,436,3,1,1423.83075919498,0.198237869992226,3,1.13100142493386,2.64708819224688,1.71276566790584,1,-4.28948128636153
376,122,1,2,1426.86136849243,0.198938777015428,1,0.301554784444306,1.92025492529865,0.852680464535297,0,-4.28948128636153
377,43,1,1,1429.99467544786,0.199693825083159,2,0.359567644258277,1.74708465113144,0.91288003720183,0,4.28948128636153
378,396,2,4,1432.89620986356,0.198631197356008,3,0.0632619071529916,1.50149590240107,0.650722665870489,1,3.72460430190767
379,343,2,7,1435.84869187922,0.198423120156804,3,0.20137014885222,1.78089763508979,0.763513384983526,1,-3.72460430190767
380,411,3,1,1438.94430905932,0.198795083759251,3,0.545088514752933,1.96508780652948,1.09665083504478,1,-4.28948128636153
381,372,2,4,1441.87887214549,0.198600468656878,3,0.164345284065348,1.56690764796258,0.715756009436518,1,3.72460430190767
382,344,2,8,1444.79550488864,0.198868539984687,3,0.0360898343315057,1.73801412408284,0.587379108170353,1,-3.72460430190767
383,349,2,5,1448.01192595495,0.198918291214795,3,0.038960187603152,1.64182012238234,0.591076795119079,1,-3.72460430190767
384,88,1,2,1451.12876554616,0.19820597067519,2,0.944334812895249,2.47682865764546,1.50414852088215,1,-4.28948128636153
385,305,2,1,1454.17619924607,0.199282645804487,3,0.340773385785724,2.07726043978255,0.892297661019256,1,3.72460430190767
386,103,1,1,1457.42775375249,0.19889078171218,2,0.427610351884141,2.09763708000173,0.979884114754896,0,4.28948128636153
387,368,2,8,1460.63538085005,0.198528183047529,3,0.250029777575037,1.64225090949731,0.8075511245097,1,-3.72460430190767
388,288,2,8,1463.54239960714,0.198932045967013,NaN,NaN,NaN,NaN,0,-3.72460430190767
389,447,3,1,1466.79658302705,0.19826186764476,3,0.774312913574249,2.19297448259567,1.32543039934717,1,-4.28948128636153
390,154,1,2,1469.72949027525,0.19820684863771,3,0.165967174138132,1.86793945919089,0.717300346121192,0,-4.28948128636153
391,75,1,1,1472.94580832724,0.198491601260685,NaN,NaN,NaN,NaN,0,4.28948128636153
392,178,1,2,1475.87607407783,0.199011940587297,2,0.246733319656414,1.84952799252824,0.79800825343591,1,-4.28948128636153
393,125,1,1,1478.99378987598,0.19874562518271,2,0.121503622620367,1.50763900859238,0.673154909816731,0,4.28948128636153
394,99,1,1,1481.89438691999,0.199021890834047,2,0.271698486480091,1.8071428717758,0.823006782848097,0,4.28948128636153
395,328,2,8,1484.94422799408,0.1984567754007,3,0.124772278380988,1.55724391066906,0.677864302644593,1,-3.72460430190767
396,266,2,2,1487.8912010854,0.199094176443396,3,0.0638820415915688,1.65016047698009,0.61461966209572,1,3.72460430190767
397,121,1,1,1490.99219842195,0.199582616452972,2,0.120748574552636,1.7250559774493,0.673326697886296,0,4.28948128636153
398,350,2,6,1494.1109168537,0.19830605844254,3,0.263973876508317,2.04629586002557,0.861795182385322,1,-3.72460430190767
399,421,3,1,1497.40813976935,0.199271232288083,3,0.685516334351632,2.40530248600953,1.23688521015902,1,-4.28948128636153
400,419,3,1,1500.64270510895,0.199071642062336,2,0.0167851867754507,1.60217600170472,0.568003638278242,0,-4.28948128636153
401,294,2,6,1503.74292457041,0.198391220837948,3,0.0181114960159903,1.63772793745193,0.56908382525944,1,-3.72460430190767
402,212,2,4,1506.87688121836,0.198349663929548,3,0.0186262749102752,1.70112797742877,0.573103139273371,1,3.72460430190767
403,269,2,5,1510.0734374968,0.199093005825489,2,0.0840403617094125,1.80343523458214,0.634617022355087,0,-3.72460430190767
404,267,2,3,1513.30733821851,0.199253380376831,3,0.299622973478108,1.76991783145604,0.851064720203794,1,3.72460430190767
405,293,2,5,1516.2922934468,0.222846291237147,2,0.0197266550403583,1.73674576039048,0.602343399958045,0,-3.72460430190767
406,291,2,3,1519.52454125709,0.19915241464696,3,0.019203681824365,1.72256666006251,0.570838873034518,1,3.72460430190767
407,290,2,2,1522.74249466126,0.19888170942977,3,0.0971919528255967,1.56659860503351,0.648570193570777,1,3.72460430190767
408,383,2,7,1525.74812474448,0.198365174606806,3,0.0173186955453275,1.52804110973193,0.576655962348013,1,-3.72460430190767
409,105,1,1,1528.77310951914,0.198883172699425,1,0.845922199026973,2.41569551779503,1.39661475077082,1,4.28948128636153
410,17,1,1,1531.85838078479,0.199537255037285,2,0.843779969629395,2.53059832291547,1.39621644828367,0,4.28948128636153
411,32,1,2,1535.05977727253,0.198402927009738,2,0.163703785863618,1.92935647370359,0.744461883386975,1,-4.28948128636153
412,446,3,1,1538.34097092743,0.199232309269064,2,0.928902274245047,2.44810376116402,1.48029309912454,0,-4.28948128636153
413,226,2,2,1541.3748939494,0.199241381551474,3,0.704962041274484,2.3742284535474,1.2564658307092,1,3.72460430190767
414,263,2,7,1544.55920118256,0.226029784596903,3,0.166787776766796,1.96591689613342,0.748255560944017,1,-3.72460430190767
415,217,2,1,1547.87257159129,0.198978285343401,NaN,NaN,NaN,NaN,0,3.72460430190767
416,163,1,1,1550.99113755015,0.19916236489189,NaN,NaN,NaN,NaN,0,4.28948128636153
417,415,3,1,1553.87503310652,0.198828446347761,NaN,NaN,NaN,NaN,0,-4.28948128636153
418,55,1,1,1556.9499842113,0.198256599865999,2,0.112072838139284,1.68688302988448,0.669239780731004,0,4.28948128636153
419,117,1,1,1560.04148667209,0.198366345226532,NaN,NaN,NaN,NaN,0,4.28948128636153
420,222,2,6,1563.22693993944,0.198399415159656,NaN,NaN,NaN,NaN,0,-3.72460430190767
421,426,3,1,1566.14435114301,0.198242259806648,2,0.85033074324565,2.58033872392662,1.41242686203441,0,-4.28948128636153
422,133,1,1,1569.38960772912,0.198252502705145,2,0.0204126366952551,1.80522042574739,0.582839162176242,0,4.28948128636153
423,190,1,2,1572.69048970135,0.199185191928336,2,0.370891609338287,1.93832662033128,0.953517426540202,1,-4.28948128636153
424,282,2,2,1575.77370155876,0.1993022536426,3,0.016982143113637,1.53631034933824,0.568418622060562,1,3.72460430190767
425,205,2,5,1578.80824530048,0.198358150904824,3,0.0349651638971409,1.58862698606208,0.586846477364816,1,-3.72460430190767
426,177,1,1,1581.87714870438,0.198322739735886,2,0.302164968637953,1.81558858191784,0.864602029674643,0,4.28948128636153
427,61,1,1,1584.90663889182,0.198894878871215,3,0.0203532278737839,1.52186112910204,0.570711861073505,0,4.28948128636153
428,115,1,1,1587.92332574676,0.198397951888182,2,0.254208002867017,1.72133370754091,0.811613166048119,0,4.28948128636153
429,450,3,1,1590.90604831547,0.199333567652502,3,0.617213749717848,2.18669353623227,1.16875938871635,1,-4.28948128636153
430,27,1,1,1593.99127685359,0.198328592821781,1,0.689609104592819,2.40529107249313,1.25073536706623,1,4.28948128636153
431,57,1,1,1597.22243042949,0.199024524721608,1,0.42059835510554,1.98997571262043,0.971658480639235,1,4.28948128636153
432,260,2,4,1600.30701161633,0.198943166829849,3,0.384358974433781,1.75368254208843,0.935989775829512,1,3.72460430190767
433,221,2,5,1603.19190424586,0.198239333261881,3,0.0160845724076353,1.46418716295375,0.578203810884588,1,-3.72460430190767
434,188,1,2,1606.15397507932,0.19832595893422,1,0.513989021366797,2.2666449322096,1.06505382936666,0,-4.28948128636153
435,370,2,2,1609.42221292882,0.199136026007181,3,0.302292273254352,2.02222767859894,0.854148125798019,1,3.72460430190767
436,413,3,1,1612.65671622572,0.199333860306069,3,0.730645674380867,2.28394870238662,1.28328905961644,1,-4.28948128636153
437,155,1,1,1615.74856723776,0.198258063137473,2,0.269582595965403,1.94404332922386,0.825892646797001,0,4.28948128636153
438,298,2,2,1618.93729823316,0.199242552167561,3,0.44122609270562,1.99534123636477,0.992842846695567,1,3.72460430190767
439,15,1,1,1622.00622709797,0.198747673764956,1,0.244316580532541,1.6463480695511,0.795030496039544,1,4.28948128636153
440,120,1,2,1624.92351011896,0.198408780097452,1,0.579219028615626,2.1450625855814,1.13823232712093,0,-4.28948128636153
441,62,1,2,1628.00429909151,0.199063740397833,2,0.772693950044413,2.1920441346083,1.32364930534095,1,-4.28948128636153
442,70,1,2,1630.93937841985,0.198882587392291,1,0.291476356020212,1.94513785626623,0.843924540848093,0,-4.28948128636153
443,171,1,1,1634.10734822729,0.198498917618053,1,0.296689992190295,2.0330073066998,0.848273383589913,1,4.28948128636153
444,56,1,2,1637.35834113013,0.198169974197299,1,0.507074771121552,2.03781473871459,1.06463972354868,0,-4.28948128636153
445,416,3,1,1640.40502007462,0.19905232687961,3,1.193329179594,2.8791697748984,1.74466791200757,1,-4.28948128636153
446,95,1,1,1643.60652425914,0.19827181788969,2,0.405107870908978,2.17397390284532,0.956125854221682,0,4.28948128636153
447,374,2,6,1646.89009777873,0.198423705463938,2,0.0751085527936084,1.49041162118556,0.628708332247697,0,-3.72460430190767
448,360,2,8,1649.82105594935,0.199171437176119,3,0.156691496433268,1.74320932302908,0.708468624972738,1,-3.72460430190767
449,11,1,1,1652.92286598687,0.198829616965668,1,0.50998287679613,1.929671077065,1.09552557930147,1,4.28948128636153
450,312,2,8,1655.857146369,0.198334153254109,3,0.285961578589195,1.95529208214975,0.837678127692925,1,-3.72460430190767
