PresOrder,TrialNumber,Illusory_Fragmented,Fat_Thin,StimPresTime,StimPresLength,Response,RespScreenOnset_to_Resp,ExpStartOnset_to_Resp,StimOnset_to_Resp,Accuracy,StepLevel
1,9,1,1,185.960849052877,0.198363140400033,2,0.513542312022764,1.9762984298286,1.07495542182005,0,5.41140460773636
2,182,1,2,188.954433541861,0.216963498445693,2,0.164639712078497,1.76702494066558,0.743359659303678,1,-5.41140460773636
3,335,2,7,192.074078051955,0.198377772961976,3,0.141473694558954,1.64729117180104,0.71125927742105,1,-4.47041437753666
4,233,2,1,195.096076974412,0.198318072041729,3,0.0422946118924301,1.56929831777234,0.600716528453631,1,4.47041437753666
5,138,1,2,198.144202086551,0.198324803030118,2,0.206058710027719,1.78495044380543,0.765160456532612,1,-5.41140460773636
6,98,1,2,201.240399633476,0.198373383202124,2,0.235932012321427,1.80897919859854,0.806964876799611,1,-5.41140460773636
7,320,2,8,204.328361375694,0.198265394719783,3,0.220856936910423,1.84863818914164,0.77959901446593,1,-4.47041437753666
8,198,1,2,207.472343680798,0.198406745505054,2,0.0818233723985031,1.7691984649864,0.633713302580873,1,-5.41140460773636
9,408,3,1,210.674362626509,0.198332997271791,2,0.455228822916979,2.00667362980312,1.03753931410029,0,-5.41140460773636
10,157,1,1,213.740292376635,0.198306365957251,2,0.40968050918309,1.81279596232343,0.960223656147718,0,5.41140460773636
11,274,2,2,216.658014808752,0.198267150641186,3,0.555450038373237,2.10314509877935,1.11806067900034,1,4.47041437753666
12,44,1,2,219.721739720815,0.198801825317787,2,1.08873756194953,2.8392566529219,1.67046187171945,1,-5.41140460773636
13,400,2,8,222.989726754022,0.198375724430662,3,0.137129572423873,1.90754839507281,0.688728606794029,1,-4.47041437753666
14,348,2,4,226.275281962618,0.198378943605348,3,0.199240510264644,1.62930947946734,0.760356285900343,1,4.47041437753666
15,62,1,2,229.220902883244,0.220389279478695,2,0.278606778796529,1.97968411757029,0.861017064249609,1,-5.41140460773636
16,40,1,2,232.43584181706,0.198994975478854,2,0.697255307313753,2.30073007824831,1.24803345359396,1,-5.41140460773636
17,207,2,7,235.554974186642,0.198661059839651,3,0.0928621952771209,1.82964479984366,0.6446052143001,1,-4.47041437753666
18,391,2,7,238.805717595184,0.198475226032315,3,0.0195596703561023,1.6853698430059,0.57921248007915,1,-4.47041437753666
19,258,2,2,241.987566984317,0.198794509022264,3,0.346390184917254,2.08480578608578,0.899576562223956,1,4.47041437753666
20,261,2,5,245.240391439234,0.198355238797376,1,0.635673191136448,2.19989956193604,1.19857004517689,0,-4.47041437753666
21,199,1,1,248.319618112902,0.199078088538954,1,0.656024191761389,2.39274533945718,1.20742568621063,1,5.41140460773636
22,59,1,1,251.571320833784,0.198287050938234,2,0.708815050253179,2.32524873202783,1.28975359015749,0,5.41140460773636
23,33,1,1,254.70300298708,0.198999657906825,2,0.639063561306102,2.40931235332391,1.19043637590948,0,5.41140460773636
24,413,3,1,257.988213451958,0.198332997271791,NaN,NaN,NaN,NaN,0,-5.41140460773636
25,169,1,1,261.073130153032,0.198210961505538,1,1.1429018349445,2.80720426593325,1.70379870713805,1,5.41140460773636
26,369,2,1,264.253312890622,0.198911277082516,3,1.13550096561085,2.53899511008058,1.68717872328125,1,4.47041437753666
27,271,2,7,267.17123900837,0.198266565334052,3,0.695782683847938,2.13282115379116,1.24768695398234,1,-4.47041437753666
28,225,2,1,270.1406121279,0.198335045832209,3,0.27435454929946,1.78743769077118,0.835218937136233,1,4.47041437753666
29,50,1,2,273.167411123868,0.199097988865105,1,1.09432486857986,2.8646450676024,1.64514983913978,0,-5.41140460773636
30,158,1,2,276.452866538224,0.198867671977496,1,0.21850138323498,1.97145006878418,0.770018182462081,0,-5.41140460773636
31,46,1,2,279.720701685175,0.198311341053341,1,0.365487172908615,1.83137524945778,0.946369231067365,0,-5.41140460773636
32,427,3,1,282.702169514989,0.199035361409187,NaN,NaN,NaN,NaN,0,-5.41140460773636
33,34,1,2,285.887435905606,0.198375139123527,1,0.628891572821885,2.23240351054119,1.1803290634416,0,-5.41140460773636
34,449,3,1,289.00543424979,0.198313389613759,NaN,NaN,NaN,NaN,0,-5.41140460773636
35,375,2,7,291.926859311498,0.198365481599467,3,0.699536234838888,2.2089442559809,1.25713872656343,1,-4.47041437753666
36,260,2,4,294.951499123068,0.198862111574272,NaN,NaN,NaN,NaN,0,4.47041437753666
37,160,1,2,298.202009873494,0.198266857973067,1,0.874382175621577,2.59769460678217,1.4449848420918,0,-5.41140460773636
38,291,2,3,301.440286611381,0.198253396025393,3,0.460425732191652,1.8392929417314,1.02014292526292,1,4.47041437753666
39,105,1,1,304.333063996193,0.199251045734854,NaN,NaN,NaN,NaN,0,5.41140460773636
40,16,1,2,307.502218153706,0.198407916090218,1,0.488914206507616,2.20922168981633,1.04049451116589,0,-5.41140460773636
41,435,3,1,310.739187323721,0.198299049661728,NaN,NaN,NaN,NaN,0,-5.41140460773636
42,311,2,7,313.954651274747,0.198362847761018,3,0.711638846696587,2.30885760180536,1.2716873215395,1,-4.47041437753666
43,436,3,1,317.065829077939,0.199035068770172,NaN,NaN,NaN,NaN,0,-5.41140460773636
44,72,1,2,320.156674610218,0.198255737224827,NaN,NaN,NaN,NaN,0,-5.41140460773636
45,118,1,2,323.200650213577,0.198324510391103,1,0.390611030452419,1.87861596807488,0.942137779842597,0,-5.41140460773636
46,327,2,7,326.203006937896,0.198408501426456,3,0.334683530818438,2.11648972454714,0.89691460217,1,-4.47041437753666
47,81,1,1,329.499480104219,0.19898297675536,1,0.707789013336878,2.45970493098139,1.29054755429388,1,5.41140460773636
48,392,2,8,332.7674217764,0.198269199172501,3,0.829070031846641,2.27963866875507,1.39243688451825,1,-4.47041437753666
49,330,2,2,335.73284936542,0.198720175481867,3,0.228119967301609,1.86650311338599,0.779906006122474,1,4.47041437753666
50,378,2,2,338.885418071994,0.217092850478366,NaN,NaN,NaN,NaN,0,4.47041437753666
51,41,1,1,342.116035236424,0.198740661115153,1,0.752807334793033,2.29114836829831,1.30451699151308,1,5.41140460773636
52,83,1,1,345.168457646418,0.198398843902396,1,0.201004322181689,1.96664209367009,0.76307150858338,1,5.41140460773636
53,74,1,2,348.44964093098,0.199241095542675,1,0.112600675842259,1.53320265456568,0.664672635379247,0,-5.41140460773636
54,194,1,2,351.384737510438,0.198376895015826,1,0.0756929041526746,1.55013109333231,0.647345604986185,0,-5.41140460773636
55,204,2,4,354.373770094564,0.198348800448002,3,0.411414177971892,2.12124970479636,0.968318402738078,1,4.47041437753666
56,394,2,2,357.59971331837,0.198510929534677,3,0.494426009012386,2.21498575809528,1.04587871753029,1,4.47041437753666
57,76,1,2,360.85370720955,0.198131067591021,1,0.172596034390153,1.76907847778057,0.73257222425309,0,-5.41140460773636
58,250,2,2,363.965194930905,0.198692958889296,3,0.187130582082318,1.6414717923326,0.738504859909881,1,4.47041437753666
59,389,2,5,366.935356454167,0.1984058675298,3,0.716699672921095,2.43128318124218,1.27882041456178,1,-4.47041437753666
60,222,2,6,370.164923584234,0.199057895573787,3,0.891328466124833,2.52990446970216,1.44389529974433,1,-4.47041437753666
61,106,1,2,373.318487891956,0.198377187683946,3,0.469430625584209,1.98384503976558,1.04792962077772,0,-5.41140460773636
62,277,2,5,376.347874221799,0.198987659183331,3,0.499787973851198,2.17036017525243,1.05096412645071,1,-4.47041437753666
63,366,2,6,379.533537155483,0.198293489316711,3,0.199102671293076,1.66503230438684,0.759704843192594,1,-4.47041437753666
64,18,1,2,382.515085171879,0.198754708399065,1,0.147069780767197,1.8514801299898,0.698820116056595,0,-5.41140460773636
65,420,3,1,385.733760390227,0.198384796618484,NaN,NaN,NaN,NaN,0,-5.41140460773636
66,419,3,1,388.651142761053,0.198297879076563,NaN,NaN,NaN,NaN,0,-5.41140460773636
67,252,2,4,391.964514808322,0.198569752508774,3,0.282208443531999,1.96989989263238,0.833531799988123,1,4.47041437753666
68,313,2,1,395.16644508054,0.198377187683946,3,0.429091219848488,1.81559342012042,0.980122802517144,1,4.47041437753666
69,209,2,1,398.067930609919,0.198248713568319,3,0.136698203801643,1.93822297779843,0.719176969694672,1,4.47041437753666
70,290,2,2,401.383630994271,0.198295830516145,3,0.373300973878941,1.74261544598266,0.923742570681497,1,4.47041437753666
71,180,1,2,404.267521424306,0.198325095669134,1,0.287037782225525,2.03468771572807,0.848474889469799,0,-5.41140460773636
72,20,1,2,407.530167856254,0.19940966294962,2,0.478655593120493,1.89962397178169,1.03073925871286,1,-5.41140460773636
73,64,1,2,410.465754334669,0.198387723154156,1,0.116732332826359,1.60439223409048,0.669173326197779,0,-5.41140460773636
74,316,2,4,413.486783701985,0.198342654766748,3,0.413018787367037,1.99092282159836,0.971945820783731,1,4.47041437753666
75,217,2,1,416.578760040516,0.198926494951593,NaN,NaN,NaN,NaN,0,4.47041437753666
76,285,2,5,419.613546087232,0.198983562033391,3,0.243414531490998,1.89623594284058,0.794660335232038,1,-4.47041437753666
77,287,2,7,422.800758026482,0.198369286081288,3,0.193292071373435,1.95703960544779,0.755162595829461,1,-4.47041437753666
78,14,1,2,426.078685560642,0.199260703229811,1,0.458365171391051,1.87893905557576,1.00983368311427,0,-5.41140460773636
79,236,2,4,429.014431826916,0.198442156368401,3,0.321574489673367,2.07132888172055,0.881033856567228,1,4.47041437753666
80,87,1,1,432.280334887211,0.198332704603672,1,0.394121680496028,1.96549987400067,0.945846262446139,1,5.41140460773636
81,303,2,7,435.366394100594,0.198392405582126,3,0.154309106350411,1.73515399772441,0.716299910651287,1,-4.47041437753666
82,426,3,1,438.462657494179,0.199013119854499,NaN,NaN,NaN,NaN,0,-5.41140460773636
83,141,1,1,441.744787799689,0.199278847634559,NaN,NaN,NaN,NaN,0,5.41140460773636
84,3,1,1,444.663753123692,0.198685935261892,1,0.817567941267043,2.43765216058819,1.36925213731593,1,5.41140460773636
85,55,1,1,447.797902623657,0.198325973615283,1,0.194548425235553,1.83154030502192,0.745976258331211,1,5.41140460773636
86,184,1,2,450.949157909316,0.19843191356631,1,0.120103095337981,1.58432217908558,0.678597882186295,0,-5.41140460773636
87,92,1,2,453.927918418049,0.199144813144812,1,0.12718292576028,1.61343312368263,0.677894932770869,0,-5.41140460773636
88,166,1,2,456.929256129079,0.198820847697789,1,0.283099275373388,1.83597602712689,0.834209874010412,0,-5.41140460773636
89,144,1,2,459.996386043902,0.198280612617964,1,0.121825643378543,1.90506465994986,0.682520293194102,0,-5.41140460773636
90,264,2,8,463.295260417595,0.199150666157948,3,0.639874791871989,2.09405592165422,1.19211385556264,1,-4.47041437753666
91,341,2,5,466.264121689252,0.19831777937361,3,0.263826696347678,1.91696183031308,0.815156491124071,1,-4.47041437753666
92,354,2,2,469.431240746722,0.198346459248569,3,0.90023268738878,2.38173958621337,1.47928274574224,1,4.47041437753666
93,326,2,6,472.427983533067,0.199282359448262,3,0.0777642930333968,1.66525735353935,0.629900343308691,1,-4.47041437753666
94,191,1,1,475.530022993655,0.198215936572524,1,0.324453304609051,1.81109360727714,0.875762028503232,1,5.41140460773636
95,340,2,4,478.531069808843,0.198256029863842,3,0.35307083837688,1.72205490674241,0.903583842213266,1,4.47041437753666
96,175,1,1,481.414380203147,0.198315145535162,2,1.2955618488777,2.72668085247278,1.87523964518914,0,5.41140460773636
97,189,1,1,484.360928537091,0.199303137720563,2,0.373480076697888,2.01208476012107,0.926784685289022,0,5.41140460773636
98,130,1,2,487.514036893437,0.198342069488717,2,0.0668931595864706,1.5147887156927,0.629774503060617,1,-5.41140460773636
99,356,2,4,490.477247938339,0.199028630420798,3,0.359328024816932,2.07932939444436,0.910867943544872,1,4.47041437753666
100,387,2,3,493.711846922088,0.218084939813707,3,0.312012680020416,1.84506608219817,0.893336934881518,1,4.47041437753666
101,210,2,2,496.7600563179,0.199026874499395,3,0.778374559682561,2.16468624369008,1.32939824074856,1,4.47041437753666
102,323,2,3,499.661091456306,0.198790411901427,3,0.199135155620752,1.68752902737469,0.76880806760164,1,4.47041437753666
103,298,2,2,502.663700153731,0.198299634968862,3,0.25923557614442,1.75699518091278,0.821964448085055,1,4.47041437753666
104,10,1,2,505.676693012152,0.199297284678323,1,0.210560864099534,1.63190764145111,0.763197934109485,0,-5.41140460773636
105,281,2,1,508.612919812556,0.198347629862837,3,0.245984306267928,1.6155487029464,0.796985160501208,1,4.47041437753666
106,289,2,1,511.496888380585,0.198311341053341,3,1.36489221200463,2.99578259605914,1.92483591751079,1,4.47041437753666
107,418,3,1,514.642233272083,0.19902160676429,3,0.992406858451432,2.76219969912199,1.5431513498188,1,-5.41140460773636
108,421,3,1,517.927100163855,0.198542243248085,NaN,NaN,NaN,NaN,0,-5.41140460773636
109,167,1,1,521.011868197849,0.198235836898675,2,0.551518555148505,2.00036230284604,1.11263608670561,0,5.41140460773636
110,417,3,1,523.975655181363,0.199050579278264,NaN,NaN,NaN,NaN,0,-5.41140460773636
111,4,1,2,526.94462883129,0.198364603653317,2,0.271456711983774,1.69182310608448,0.823317962291185,1,-5.41140460773636
112,12,1,2,529.879517042718,0.198335045832209,2,0.0860302408691496,1.716926477995,0.648644978646189,1,-5.41140460773636
113,371,2,3,533.025621365436,0.198424889938906,3,0.24876683880575,1.66674343898194,0.811605455150129,1,4.47041437753666
114,385,2,1,547.316978687042,0.199053213145817,NaN,NaN,NaN,NaN,0,4.47041437753666
115,213,2,5,550.643041283503,0.199343231011881,3,0.306160816195188,1.72894012375036,0.878268883127021,1,-4.47041437753666
116,22,1,2,553.581095986534,0.198330656072358,2,0.199682707025204,1.69463987890049,0.758583987102611,1,-5.41140460773636
117,284,2,4,556.590347585385,0.199023362685693,3,0.144061321072513,1.61368626740295,0.694708652066765,1,4.47041437753666
118,440,3,1,559.574850213539,0.199048530717846,NaN,NaN,NaN,NaN,0,-5.41140460773636
119,49,1,1,562.793267020403,0.198307536571519,NaN,NaN,NaN,NaN,0,5.41140460773636
120,380,2,4,565.794348661148,0.198369871388422,3,0.162731037533376,1.68117994832573,0.71366019215202,1,4.47041437753666
121,358,2,6,568.82706361165,0.198252810689155,3,0.0509632485045586,1.6327656962967,0.631791166058974,1,-4.47041437753666
122,69,1,1,571.924409523926,0.199325086607132,2,0.309829498175532,1.6793055140588,0.861458968342049,0,5.41140460773636
123,193,1,1,574.808709081059,0.198698519263417,2,0.506612026627408,2.24306832451839,1.05813526420388,0,5.41140460773636
124,109,1,1,578.059394837212,0.198223252868047,2,0.132667511643376,1.7683298746706,0.683610713516828,0,5.41140460773636
125,269,2,5,581.209195643809,0.221718796208734,2,0.202235800621565,1.81810788373696,0.784233739745105,0,-4.47041437753666
126,1,1,1,584.340323514771,0.198996438732138,2,0.148044896282954,1.75117111901636,0.699355961376568,0,5.41140460773636
127,395,2,3,587.458248110721,0.199156226561172,3,0.313608217169531,2.03317587694619,0.865719099412672,1,4.47041437753666
128,238,2,6,590.692435918783,0.198399136541411,3,0.156409760413226,1.83868422615342,0.737570130324457,1,-4.47041437753666
129,35,1,1,593.888939842815,0.19827505221474,2,0.452313133806456,2.15450020792196,1.00313547052792,0,5.41140460773636
130,99,1,1,597.105884611519,0.198997316678287,2,0.719037374830805,2.345219578041,1.27624215290416,0,5.41140460773636
131,442,3,1,600.265318049496,0.198310170439072,NaN,NaN,NaN,NaN,0,-5.41140460773636
132,37,1,1,603.389260442753,0.199031556927366,2,0.337394071073504,1.75783684724593,0.889032028091606,0,5.41140460773636
133,216,2,8,606.324236742366,0.198941712849773,3,0.273775684210705,1.94274005707121,0.82512918379507,1,-4.47041437753666
134,390,2,6,609.507321121753,0.198332119325642,3,0.278285447217058,1.91164610447595,0.840774930053158,1,-4.47041437753666
135,96,1,2,612.654865583609,0.19928353006253,2,0.158487002307083,1.81201604550006,0.709560141549446,1,-5.41140460773636
136,406,3,1,615.82319065879,0.199217098124791,NaN,NaN,NaN,NaN,0,-5.41140460773636
137,357,2,5,618.707684829307,0.19886913523078,3,0.210325572115835,1.59917191270506,0.78166689153295,1,-4.47041437753666
138,325,2,5,621.610965484346,0.198211254144553,3,0.63599276682362,2.23188024928095,1.19741729003727,1,-4.47041437753666
139,165,1,1,624.72169816427,0.199259239947423,2,0.533100226486567,1.95305398167693,1.08456756756641,0,5.41140460773636
140,196,1,2,627.656681194872,0.198750611278228,2,0.299616538453847,1.96998622486717,0.851775122893741,1,-5.41140460773636
141,412,3,1,630.841355843702,0.198348507808987,NaN,NaN,NaN,NaN,0,-5.41140460773636
142,355,2,3,633.975412865722,0.19833972826018,3,0.378134994971333,2.13122825048049,0.947102323640138,1,4.47041437753666
143,317,2,5,637.243020914932,0.19836167714675,3,0.496039397927234,2.17580203400576,1.05823125399183,1,-4.47041437753666
144,136,1,2,640.437452279468,0.199244022049243,3,0.355642369046109,2.10888955940027,0.90681588780717,0,-5.41140460773636
145,6,1,2,643.70566787367,0.198308121878654,2,0.144696667965036,1.63284061511513,0.696563478646567,1,-5.41140460773636
146,123,1,1,646.708686283499,0.198378065630095,2,0.0187639503274113,1.66590469912626,0.581184074719204,0,5.41140460773636
147,224,2,8,649.870161259867,0.199281481502112,NaN,NaN,NaN,NaN,0,-4.47041437753666
148,117,1,1,652.93865229786,0.199061700055609,2,0.164719605993014,1.5998959330318,0.715750018076506,0,5.41140460773636
149,93,1,1,655.888830976357,0.199001706438139,2,0.0893834442831576,1.65754744395963,0.640490531106479,0,5.41140460773636
150,372,2,4,658.972119948565,0.19826363879838,3,0.492002267448697,2.14190916033112,1.05464392917929,1,4.47041437753666
151,85,1,1,662.138113467518,0.199056432320504,2,0.0939151561760809,1.69621551575256,0.645248755434295,0,5.41140460773636
152,82,1,2,665.255272193899,0.19919631985249,2,0.115078265313059,1.65109740005573,0.666955026157666,1,-5.41140460773636
153,439,3,1,668.305869042437,0.198815872630803,NaN,NaN,NaN,NaN,0,-5.41140460773636
154,177,1,1,671.439623755228,0.19832919278997,2,0.0757856747659389,1.87446441079373,0.638032549322816,0,5.41140460773636
155,401,3,1,674.754380630446,0.198505076492438,2,1.25588120214525,2.92745280917734,1.8072639668826,0,-5.41140460773636
156,137,1,1,677.9401328229,0.198271833069157,2,0.330583480215864,1.94960742234252,0.882426878786646,0,5.41140460773636
157,29,1,1,681.07337510254,0.198329778097104,NaN,NaN,NaN,NaN,0,5.41140460773636
158,71,1,1,683.957394006662,0.198319827934029,2,0.195918620593147,1.58057828564779,0.746398554765619,0,5.41140460773636
159,181,1,1,686.874935580039,0.198318657348864,2,0.264493064285489,1.7272556204407,0.825517825287534,0,5.41140460773636
160,304,2,8,689.869292376912,0.199095062358538,3,0.331124885880854,2.10059815086424,0.88224894652376,1,-4.47041437753666
161,58,1,2,693.153793161357,0.199208318575984,2,0.123467712168349,1.57616158589371,0.675031043036142,1,-5.41140460773636
162,255,2,7,696.121558745013,0.198823188926326,NaN,NaN,NaN,NaN,0,-4.47041437753666
163,139,1,1,699.23787404914,0.198515904601663,2,0.181047230755212,1.96366845953162,0.741208961815573,0,5.41140460773636
164,423,3,1,702.536680820282,0.199114377377555,NaN,NaN,NaN,NaN,0,-5.41140460773636
165,234,2,2,705.721131005237,0.198264224105515,3,0.270584317186149,1.64034098607954,0.822339042293606,1,4.47041437753666
166,11,1,1,708.605805449217,0.198357872664928,2,0.32272841539816,1.79571358879912,0.893890631967224,0,5.41140460773636
167,134,1,2,711.593247471261,0.198430157644907,2,0.0421108266164083,1.55223204003414,0.601401040825294,1,-5.41140460773636
168,273,2,1,714.618846887839,0.199305771588115,3,0.352897295932053,1.82279265244142,0.90440297438181,1,4.47041437753666
169,379,2,3,717.60388828782,0.198742124368437,3,0.273582241439726,1.9415097492456,0.824309758958407,1,4.47041437753666
170,388,2,4,720.80536963229,0.198295537848026,3,0.90810794517165,2.66014004554017,1.45870523268241,1,4.47041437753666
171,438,3,1,724.072247808101,0.198363140400033,NaN,NaN,NaN,NaN,0,-5.41140460773636
172,386,2,2,727.200823463412,0.19926245912211,3,0.698178330843803,2.36850031503127,1.24976390323718,1,4.47041437753666
173,248,2,8,730.386032786948,0.198623600444989,3,0.14341075628181,1.64719049958512,0.695420966338133,1,-4.47041437753666
174,114,1,2,733.404254160996,0.198287343606353,2,0.63599276682362,2.30090947373537,1.19936635048361,1,-5.41140460773636
175,282,2,2,736.584205411054,0.198999657877721,NaN,NaN,NaN,NaN,0,4.47041437753666
176,434,3,1,739.821959472989,0.198276808136143,NaN,NaN,NaN,NaN,0,-5.41140460773636
177,127,1,1,743.084131809155,0.199219146685209,NaN,NaN,NaN,NaN,0,5.41140460773636
178,90,1,2,746.00222064124,0.198941127542639,2,0.23370844454621,1.70295645546867,0.785352839913685,1,-5.41140460773636
179,133,1,1,748.986055730842,0.198398843902396,2,0.129848104959819,1.67906583228614,0.691054017370334,0,5.41140460773636
180,43,1,1,752.05077068368,0.199100915371673,2,0.0189491988858208,1.68864022596972,0.570405126549304,0,5.41140460773636
181,176,1,2,755.235180190037,0.198549852182623,2,0.117350413260283,1.85356146903359,0.668636017624522,1,-5.41140460773636
182,42,1,2,758.486153622827,0.198232032416854,2,0.0163565972761717,1.50161997359828,0.567188006185461,1,-5.41140460773636
183,376,2,8,761.505088189122,0.198247542983154,3,0.351506907609291,2.04785206806264,0.913126629515318,1,-4.47041437753666
184,299,2,3,764.717507391644,0.199010193347931,3,0.26557148588472,1.65144038788276,0.817082724737702,1,4.47041437753666
185,91,1,1,767.618983848835,0.198306951264385,2,0.269293430465041,2.02165769055136,0.820444122393383,0,5.41140460773636
186,119,1,1,770.886348411819,0.198390649660723,NaN,NaN,NaN,NaN,0,5.41140460773636
187,192,1,2,774.100630635192,0.199094477051403,2,0.0328267434379086,1.65186590346275,0.583882030914538,1,-5.41140460773636
188,276,2,4,777.23489456196,0.198565070080804,3,0.47650284707197,1.87793526018504,1.02721075693262,1,4.47041437753666
189,283,2,3,780.15147828625,0.19873334481963,3,0.170805591187673,1.65719011623878,0.722878136031795,1,4.47041437753666
190,111,1,1,783.152456328302,0.198321583855432,2,0.266325942036929,1.84788168442901,0.828062431974104,0,5.41140460773636
191,214,2,6,786.248900873295,0.199095062358538,3,0.204507070593536,1.82354798653978,0.755193031625822,1,-4.47041437753666
192,108,1,2,789.383176213509,0.199028923059814,2,0.218030213931343,1.98521260122652,0.80081509356387,1,-5.41140460773636
193,312,2,8,792.665425920917,0.199342645704746,3,0.276765414164402,1.86281687230803,0.827863136160886,1,-4.47041437753666
194,296,2,8,795.766758920247,0.198222667560913,3,0.216515741311014,1.73739512459724,0.768151357129682,1,-4.47041437753666
195,65,1,1,798.802490524657,0.19826773594832,2,0.300850650761276,1.66969453892671,0.851920278160833,0,5.41140460773636
196,112,1,2,801.704904930608,0.198182866937714,1,0.835062661120901,2.4633437624725,1.39490949892206,0,-5.41140460773636
197,242,2,2,804.848700523929,0.199266263603931,3,0.197468504076824,1.58340266739833,0.748845708440058,1,4.47041437753666
198,179,1,1,807.749785120483,0.198717248975299,2,0.0844645541801583,1.7544625728915,0.636212548241019,0,5.41140460773636
199,2,1,2,810.934372559102,0.198324803001015,2,0.484288260777248,1.95383155727177,1.03620950467302,1,-5.41140460773636
200,243,2,3,813.937244935718,0.198335923807463,NaN,NaN,NaN,NaN,0,4.47041437753666
201,15,1,1,816.914893367939,0.199010778655065,2,0.0692788564192597,1.60509196436033,0.620280295959674,0,5.41140460773636
202,27,1,1,819.965969287354,0.198529073939426,2,0.327461471664719,1.91390157130081,0.878760245395824,0,5.41140460773636
203,381,2,5,823.067494558869,0.198300805583131,3,1.20903644128703,2.82808467349969,1.7605924558593,1,-4.47041437753666
204,324,2,4,826.201206544501,0.198420500120847,3,0.236375087028136,1.6385669313604,0.787302778335288,1,4.47041437753666
205,307,2,3,829.117995710316,0.217493198055308,3,0.187736663792748,1.60194215388037,0.767429092695238,1,4.47041437753666
206,393,2,1,832.048236027127,0.199189881503116,3,0.465212051058188,2.15164158592233,1.01687663939083,1,4.47041437753666
207,450,3,1,835.249453985045,0.198763195308857,NaN,NaN,NaN,NaN,0,-5.41140460773636
208,382,2,6,838.232877898961,0.198568581894506,3,0.262557173176901,1.81458699086215,0.813802391610807,1,-4.47041437753666
209,185,1,1,841.299574396602,0.216929843474645,2,0.0219518055091612,1.80412381392671,0.602942144818371,0,5.41140460773636
210,275,2,3,844.597740553116,0.199232608661987,NaN,NaN,NaN,NaN,0,4.47041437753666
211,110,1,2,847.633716521726,0.198354946158361,2,0.181680236448301,1.93399328249507,0.732966426119674,1,-5.41140460773636
212,159,1,1,850.901323985629,0.198335923778359,NaN,NaN,NaN,NaN,0,5.41140460773636
213,215,2,7,853.930038679769,0.199105012521613,3,0.267466698423959,2.02126290337765,0.819087096373551,1,-4.47041437753666
214,428,3,1,857.198495711636,0.198268906533485,NaN,NaN,NaN,NaN,0,-5.41140460773636
215,280,2,8,860.082651284116,0.198310170439072,3,0.0203138338401914,1.76860906439833,0.600714479893213,1,-4.47041437753666
216,288,2,8,863.346530365088,0.199079844460357,3,0.0336663612397388,1.63685960121802,0.5853692869714,1,-4.47041437753666
217,131,1,1,866.464936958422,0.19859579851618,2,0.365544825297548,2.11814876715653,0.917150298017077,0,5.41140460773636
218,286,2,6,869.732700405701,0.198364896321436,3,0.255207810521824,1.81026979268063,0.825712438672781,1,-4.47041437753666
219,97,1,1,872.802963449853,0.198342947434867,NaN,NaN,NaN,NaN,0,5.41140460773636
220,79,1,1,875.945230523212,0.199033020209754,2,0.124579203402391,1.49370579313836,0.675203122256789,0,5.41140460773636
221,411,3,1,878.829666748701,0.199043848289875,NaN,NaN,NaN,NaN,0,-5.41140460773636
222,36,1,2,882.128916009242,0.199319818872027,2,0.161467660072958,1.61420074914349,0.712889640155481,1,-5.41140460773636
223,347,2,3,885.097529697552,0.198575605551014,NaN,NaN,NaN,NaN,0,4.47041437753666
224,231,2,7,888.131709369918,0.198373090563109,3,0.269289040705189,1.95527228168794,0.821122489083791,1,-4.47041437753666
225,57,1,1,891.332778075477,0.198387137847021,2,0.165133122878615,1.96216686355183,0.723313309135847,0,5.41140460773636
226,322,2,2,923.324438379408,0.19910910964245,NaN,NaN,NaN,NaN,0,4.47041437753666
227,262,2,6,926.696185372624,0.198366944852751,NaN,NaN,NaN,NaN,0,-4.47041437753666
228,266,2,2,929.760295707005,0.199080429767491,3,0.424764071503887,2.07797412431682,0.976152103976347,1,4.47041437753666
229,155,1,1,932.947362783656,0.198491029208526,2,0.069633550272556,1.75483219203306,0.620897791115567,0,5.41140460773636
230,226,2,2,936.147330240783,0.198496296943631,3,0.212328187859384,1.9308727371681,0.763347771804547,1,4.47041437753666
231,397,2,5,939.380706525641,0.198324217722984,3,0.19246181845665,1.88963781716302,0.751445041038096,1,-4.47041437753666
232,173,1,1,942.59244355699,0.199042970343726,2,0.107444445195142,1.49353956695995,0.658717172889737,0,5.41140460773636
233,186,1,2,945.493852996937,0.199275043152738,2,0.324520907190163,1.92802786981338,0.876672760641668,1,-5.41140460773636
234,60,1,2,948.612359384511,0.198318364680745,2,0.127082546212478,1.82559625591966,0.707326623611152,1,-5.41140460773636
235,363,2,3,951.826487087761,0.1990096080699,3,0.11897960540955,1.55533414825913,0.670506062160712,1,4.47041437753666
236,132,1,2,954.778131658735,0.198856258532032,2,0.140848297829507,1.65994923663675,0.692353098333115,1,-5.41140460773636
237,5,1,1,957.811802995042,0.198260127013782,1,0.688558283494785,2.45791624367121,1.23977745595039,1,5.41140460773636
238,334,2,6,961.095462113153,0.198263346188469,3,0.15250403052778,1.73410484130727,0.712994702131255,1,-4.47041437753666
239,339,2,3,964.192046253011,0.199273287231335,3,0.0710040382982697,1.75751961278729,0.622429530194495,1,4.47041437753666
240,407,3,1,967.393657534849,0.198725735855987,NaN,NaN,NaN,NaN,0,-5.41140460773636
241,362,2,2,970.294408508431,0.198275052243844,3,0.132913631736301,1.50316605262924,0.684713425202062,1,4.47041437753666
242,107,1,1,973.179364483367,0.198344410688151,2,0.21245841786731,1.62640754503082,0.775139587552985,0,5.41140460773636
243,154,1,2,976.108817859698,0.198200133367209,1,0.724199165881146,2.14498873439152,1.27488893133705,0,-5.41140460773636
244,170,1,2,979.04393287623,0.198546047729906,2,0.341049291018862,1.87351124410634,0.922567866684403,1,-5.41140460773636
245,232,2,8,982.091919856728,0.199036824662471,3,0.276053685200168,1.74563912357553,0.827430889563402,1,-4.47041437753666
246,368,2,8,985.076983205596,0.198279442003695,3,0.41572259660461,2.16840760296327,0.966971326852217,1,-4.47041437753666
247,301,2,5,988.344429711055,0.198343532742001,3,1.33218604105059,3.06889314143336,1.9174171963823,1,-4.47041437753666
248,208,2,8,991.595826025557,0.198322169133462,3,0.165432212932501,1.94559663053951,0.727527493872913,1,-4.47041437753666
249,247,2,7,994.891547369625,0.198829041939462,3,0.0175772476359271,1.63647915396723,0.568299204780487,1,-4.47041437753666
250,278,2,6,998.025256136083,0.199233779247152,3,0.0347523917735089,1.80407611170085,0.58621592837153,1,-4.47041437753666
251,32,1,2,1001.30961849628,0.198916837456636,2,0.0529825453704689,1.63941825521761,0.605311453138711,1,-5.41140460773636
252,80,1,2,1004.41038492188,0.217796092561912,1,0.808332145679742,2.50674489050289,1.38909480188158,0,-5.41140460773636
253,256,2,8,1007.62421587631,0.199113206763286,3,0.222813313681399,1.70865467711701,0.774144279072061,1,-4.47041437753666
254,221,2,5,1010.62520796561,0.219856653362513,3,0.176090003282297,1.87610267510172,0.758421272737905,1,-4.47041437753666
255,153,1,1,1013.84069679203,0.199129302607616,1,0.457775478193071,2.06024177130894,1.0087564321293,1,5.41140460773636
256,319,2,7,1016.95830356822,0.198740368447034,3,0.338917615881655,1.77468100230908,0.890124789613765,1,-4.47041437753666
257,361,2,1,1019.90894785561,0.198293196648592,3,0.0183419465611223,1.60088948562043,0.580388354690513,1,4.47041437753666
258,446,3,1,1023.0070956336,0.19907604000764,NaN,NaN,NaN,NaN,0,-5.41140460773636
259,404,3,1,1026.09141269131,0.198331534018507,NaN,NaN,NaN,NaN,0,-5.41140460773636
260,398,2,6,1029.04274851471,0.19836226242478,3,0.126821793528507,1.5298965680995,0.678746549267089,1,-4.47041437753666
261,73,1,1,1031.96079022987,0.198356116772629,1,0.524478121515131,1.97974469649489,1.09531783586135,1,5.41140460773636
262,84,1,2,1034.93101818507,0.198346459248569,2,0.67834210456931,2.12161990921595,1.23705199046526,1,-5.41140460773636
263,148,1,2,1037.88967849573,0.198998487263452,2,0.718065185821615,2.20319511296111,1.26876577938674,1,-5.41140460773636
264,24,1,2,1040.89082715375,0.198262760881335,NaN,NaN,NaN,NaN,0,-5.41140460773636
265,445,3,1,1043.88955675263,0.199083648913074,NaN,NaN,NaN,NaN,0,-5.41140460773636
266,292,2,4,1046.82474961449,0.19841493977583,3,0.579372560547199,2.01175552696805,1.14229604590219,1,4.47041437753666
267,200,1,2,1049.77298508558,0.199008437455632,2,1.37532992823981,2.87958405996324,1.94505229833885,1,-5.41140460773636
268,343,2,7,1052.79244993679,0.198436888633296,3,0.367181333742337,2.03609858968412,0.918769539974164,1,-4.47041437753666
269,39,1,1,1055.97606840558,0.198512978065992,NaN,NaN,NaN,NaN,0,5.41140460773636
270,448,3,1,1059.20924715052,0.198265980026918,NaN,NaN,NaN,NaN,0,-5.41140460773636
271,54,1,2,1062.41020962349,0.198267443280201,2,0.702300622971961,2.08195594363497,1.2644673109462,1,-5.41140460773636
272,163,1,1,1065.30591381816,0.198904838733142,NaN,NaN,NaN,NaN,0,5.41140460773636
273,129,1,1,1068.19106440651,0.198222374921897,2,0.521578235580819,1.9413005032693,1.07346465394949,0,5.41140460773636
274,251,2,3,1071.12543257582,0.198350556369405,NaN,NaN,NaN,NaN,0,4.47041437753666
275,201,2,1,1074.12180779161,0.199105890467763,3,0.477871579176281,1.93033074619598,1.02889350432088,1,4.47041437753666
276,279,2,7,1077.08933632736,0.198752659838647,3,0.421607530035544,2.09061931248289,0.972720469901105,1,-4.47041437753666
277,259,2,3,1080.27323105937,0.199017216975335,3,0.17257759734639,1.93853260329342,0.75485326294438,1,4.47041437753666
278,246,2,6,1083.55456886403,0.199297869985458,3,0.127932114177383,1.89754468132742,0.679566266713664,1,-4.47041437753666
279,56,1,2,1086.83909481653,0.199010485986946,2,0.726257678092225,2.41260497781332,1.27831002997118,1,-5.41140460773636
280,23,1,1,1090.03996539686,0.198272125708172,NaN,NaN,NaN,NaN,0,5.41140460773636
281,51,1,1,1093.05813058178,0.218372031144099,1,0.540470367384842,2.33759278157959,1.11979873754899,1,5.41140460773636
282,102,1,2,1096.37068086301,0.198996146064019,2,0.457649052637862,1.9771997971402,1.00892587745329,1,-5.41140460773636
283,183,1,1,1099.40508734045,0.198241689911811,2,0.44120027005556,2.17450646479847,1.00348723787465,0,5.41140460773636
284,415,3,1,1102.65404996325,0.199109109613346,2,0.630871361703612,2.13380417093867,1.18242649832973,0,-5.41140460773636
285,190,1,2,1105.67236849768,0.198860355652869,2,0.311711248737993,1.73125909597729,0.863771502219606,1,-5.41140460773636
286,135,1,1,1108.60679168554,0.198380699497648,NaN,NaN,NaN,NaN,0,5.41140460773636
287,122,1,2,1111.5415397168,0.198354068212211,NaN,NaN,NaN,NaN,0,-5.41140460773636
288,67,1,1,1114.82020122148,0.19915183680132,NaN,NaN,NaN,NaN,0,5.41140460773636
289,197,1,1,1117.73771148111,0.19914217927726,NaN,NaN,NaN,NaN,0,5.41140460773636
290,149,1,1,1120.70781535198,0.198297293769429,1,0.283259941148572,1.67971786033013,0.844940534618217,1,5.41140460773636
291,206,2,6,1123.61983488005,0.199483118514763,3,0.31245048699202,1.78368794429116,0.865373477718094,1,-4.47041437753666
292,309,2,5,1126.60564127163,0.198318657348864,3,0.350178268796299,1.88550996463164,0.901510697440244,1,-4.47041437753666
293,178,1,2,1129.65595102884,0.217157233855687,NaN,NaN,NaN,NaN,0,-5.41140460773636
294,31,1,1,1132.71999639453,0.199224707059329,1,0.656463754654396,2.22722064855043,1.20909789815778,1,5.41140460773636
295,429,3,1,1135.80561136262,0.198310170439072,NaN,NaN,NaN,NaN,0,-5.41140460773636
296,188,1,2,1139.02351427305,0.198424304602668,2,0.850910629698774,2.34758683783002,1.42955126834568,1,-5.41140460773636
297,416,3,1,1142.03575560186,0.198999072570587,NaN,NaN,NaN,NaN,0,-5.41140460773636
298,125,1,1,1145.15345427068,0.198920934577473,2,1.43915317126084,2.82584325398784,1.991326680989,0,5.41140460773636
299,306,2,2,1148.05536531567,0.198397965956246,3,0.310792029689765,1.97959046903998,0.861960866051959,1,4.47041437753666
300,187,1,1,1151.23952636073,0.218031969852746,NaN,NaN,NaN,NaN,0,5.41140460773636
301,364,2,4,1154.41925490287,0.199333280848805,NaN,NaN,NaN,NaN,0,4.47041437753666
302,443,3,1,1157.33784972978,0.198335631139344,NaN,NaN,NaN,NaN,0,-5.41140460773636
303,315,2,3,1160.5723190688,0.198382748058066,2,0.334720697574085,1.99844367816695,0.892617596953642,0,4.47041437753666
304,302,2,6,1163.75228378086,0.198788655980024,3,0.19938215368893,1.58665549126454,0.751345539436443,1,-4.47041437753666
305,367,2,7,1166.6548237344,0.198401185130933,NaN,NaN,NaN,NaN,0,-4.47041437753666
306,168,1,2,1169.82320382813,0.198297001101309,NaN,NaN,NaN,NaN,0,-5.41140460773636
307,253,2,5,1172.98515933863,0.199119937751675,3,0.144366849475773,1.91339879561565,0.695782391208922,1,-4.47041437753666
308,95,1,1,1176.26964197867,0.198530244553695,1,1.18987009482225,2.7088396330073,1.74112906790106,1,5.41140460773636
309,47,1,1,1179.30347661464,0.198254859249573,1,0.497978800907731,2.05102265678579,1.04948418668937,1,5.41140460773636
310,145,1,1,1182.38988964396,0.198268906562589,1,0.243279911694117,1.78860507850186,0.803606405679602,1,5.41140460773636
311,240,2,8,1185.45134621253,0.19938771406305,3,0.164838129945565,1.53485555152292,0.716961596190231,1,-4.47041437753666
312,230,2,6,1188.33706834968,0.198342654795852,3,0.234106158226496,1.85753480141284,0.806368452613242,1,-4.47041437753666
313,409,3,1,1191.47560118712,0.198338557645911,NaN,NaN,NaN,NaN,0,-5.41140460773636
314,396,2,4,1194.76771706197,0.198976831045002,NaN,NaN,NaN,NaN,0,4.47041437753666
315,405,3,1,1198.01870776122,0.198218570440076,NaN,NaN,NaN,NaN,0,-5.41140460773636
316,350,2,6,1201.15528597779,0.198247835622169,3,0.17243039351888,1.93503219608101,0.733597968530376,1,-4.47041437753666
317,402,3,1,1204.43400220835,0.199495117238257,NaN,NaN,NaN,NaN,0,-5.41140460773636
318,338,2,2,1207.45325927684,0.198387430486036,3,0.324509493773803,1.78886553851771,0.88762905576732,1,4.47041437753666
319,441,3,1,1210.4336217611,0.198695007449714,NaN,NaN,NaN,NaN,0,-5.41140460773636
320,410,3,1,1213.56962491706,0.198367822828004,NaN,NaN,NaN,NaN,0,-5.41140460773636
321,195,1,1,1216.6166642913,0.198968636803329,NaN,NaN,NaN,NaN,0,5.41140460773636
322,377,2,1,1219.70118210808,0.198613064974779,3,0.284348898218013,1.75667940970743,0.855587789526908,1,4.47041437753666
323,212,2,4,1222.68911754093,0.198231154470704,3,0.0468111058871727,1.82474961449043,0.606490254256641,1,4.47041437753666
324,353,2,1,1225.98258751529,0.199443903198699,3,0.115160207787994,1.83535238634795,0.667081159044756,1,4.47041437753666
325,30,1,2,1229.21756197119,0.218214291875483,1,1.45318904041778,2.95237444437225,2.03475356235867,0,-5.41140460773636
326,124,1,2,1232.23237746453,0.199014583136886,NaN,NaN,NaN,NaN,0,-5.41140460773636
327,444,3,1,1235.23405962661,0.198474640696077,NaN,NaN,NaN,NaN,0,-5.41140460773636
328,370,2,2,1238.46954124793,0.198482249630615,NaN,NaN,NaN,NaN,0,4.47041437753666
329,103,1,1,1241.39864051569,0.199000243184855,1,0.947590466705151,2.65088376429048,1.49884709855542,1,5.41140460773636
330,305,2,1,1244.61697742864,0.198594042623881,3,0.125975737406407,1.52880380657734,0.677663737908006,1,4.47041437753666
331,425,3,1,1247.53443676687,0.198267150641186,NaN,NaN,NaN,NaN,0,-5.41140460773636
332,7,1,1,1250.67099508314,0.198493663046975,1,0.317468000721419,1.76243235723814,0.877818492124788,1,5.41140460773636
333,70,1,2,1253.63148271115,0.199068138404982,NaN,NaN,NaN,NaN,0,-5.41140460773636
334,346,2,2,1256.81667037847,0.19827358899056,2,0.476221901422832,1.91260570945451,1.02773870064993,0,4.47041437753666
335,28,1,2,1259.76815282038,0.198242860555183,1,0.967821480124258,2.66526379185962,1.54679661963019,0,-5.41140460773636
336,331,2,3,1262.98115322922,0.199104719853494,3,0.172697291913209,1.89226934142062,0.72418365534395,1,4.47041437753666
337,268,2,4,1266.21622894262,0.198592286673374,3,1.0442837656592,2.69685671565821,1.5958368536667,1,4.47041437753666
338,162,1,2,1269.38365235785,0.198403233691351,1,1.30887194172828,2.76145138865104,1.89224036890664,0,-5.41140460773636
339,218,2,2,1298.16355368154,0.217441398679512,NaN,NaN,NaN,NaN,0,4.47041437753666
340,328,2,8,1301.45724490061,0.198311341053341,3,0.677541702141752,2.36758782697143,1.23202218534425,1,-4.47041437753666
341,293,2,5,1304.66284853721,0.199366935790749,3,0.253366738528712,1.8579181751702,0.806091311416822,1,-4.47041437753666
342,140,1,2,1307.78224487868,0.198338557675015,1,0.963887948339107,2.46653542210697,1.51490606906009,0,-5.41140460773636
343,337,2,1,1310.79969921257,0.198328022175701,1,0.202420463843737,1.63306098186877,0.761551475530723,0,4.47041437753666
344,433,3,1,1313.746335342,0.198985317954794,NaN,NaN,NaN,NaN,0,-5.41140460773636
345,101,1,1,1316.86430734751,0.198449765302939,2,0.98595066886628,2.688105258625,1.53712535824161,0,5.41140460773636
346,115,1,1,1320.08126967534,0.19826773594832,1,1.1218317890598,2.57519671315094,1.67244751364342,1,5.41140460773636
347,78,1,2,1323.0493296666,0.198295537848026,1,1.2642838183092,2.89486340628355,1.82674198743189,0,-5.41140460773636
348,297,2,1,1326.19539565194,0.198980342887808,3,1.3495277040347,2.86910273862304,1.90089788474143,1,4.47041437753666
349,270,2,6,1329.22959756583,0.19870495761279,3,0.481325162108988,2.17089163078344,1.05245723554981,1,-4.47041437753666
350,318,2,6,1332.4344002147,0.198340020928299,3,0.342475382843986,1.83764180072467,0.903100674244342,1,-4.47041437753666
351,53,1,1,1335.4449503092,0.198837236181134,1,1.06588907152764,2.8353948208096,1.61705615196843,1,5.41140460773636
352,17,1,1,1338.72913327388,0.199055554374354,1,0.258617495710496,1.71084458995028,0.809753847715911,1,5.41140460773636
353,344,2,8,1341.69648826716,0.199455609283177,3,0.83583848082344,2.43987836223096,1.40663195622619,1,-4.47041437753666
354,38,1,2,1344.8149662675,0.198304317396833,2,0.588147722388385,2.16901953771594,1.15152950031916,1,-5.41140460773636
355,249,2,1,1347.91168151531,0.199290553719038,1,1.26263648181339,3.03246209942154,1.81454514167854,0,4.47041437753666
356,171,1,1,1351.19621390617,0.198333875217941,1,0.144447328668321,1.74789868749212,0.696037583489669,1,5.41140460773636
357,126,1,2,1354.31445749247,0.198336509085493,1,0.442033449508017,1.98946717195213,1.02124505161191,0,-5.41140460773636
358,113,1,1,1357.37791931065,0.198908935853979,1,0.933834079944063,2.45412611123174,1.48538511942024,1,5.41140460773636
359,384,2,8,1360.41274281678,0.198468202375807,3,0.174308339628624,1.92319501930615,0.735095760028344,1,-4.47041437753666
360,374,2,6,1363.67725548876,0.199098281504121,3,0.0657093833724502,1.61859111022204,0.617129022226436,1,-4.47041437753666
361,351,2,7,1366.74593967685,0.19874944066396,3,0.239039095642511,1.95767261111178,0.790774213062832,1,-4.47041437753666
362,48,1,2,1369.97911725121,0.217141138040461,NaN,NaN,NaN,NaN,0,-5.41140460773636
363,205,2,5,1372.9102565941,0.199003169720527,1,0.523787756101228,1.99355961359106,1.07537801092258,0,-4.47041437753666
364,432,3,1,1375.89527955701,0.198402063077083,NaN,NaN,NaN,NaN,0,-5.41140460773636
365,349,2,5,1378.91375085563,0.198251347435871,2,1.20883538958151,3.00593439157819,1.7882632612891,0,-4.47041437753666
366,229,2,5,1382.22656832787,0.199018680257723,2,0.788172539265361,2.34107767825481,1.33959920174675,0,-4.47041437753666
367,272,2,8,1385.29490308985,0.19883518764982,3,0.293531138595426,1.89636763610179,0.845459991454845,1,-4.47041437753666
368,295,2,7,1388.41267111711,0.19837689504493,NaN,NaN,NaN,NaN,0,-4.47041437753666
369,77,1,1,1391.61313725277,0.198364311014302,2,1.26342488551745,2.79415053594857,1.84252089020447,0,5.41140460773636
370,245,2,5,1394.65997294142,0.198922983137891,2,0.100626538071083,1.80350924530649,0.652006961609004,0,-4.47041437753666
371,254,2,6,1397.87806900201,0.198316316120327,3,0.322234711959027,2.04103299032431,0.873420522082597,1,-4.47041437753666
372,314,2,2,1401.12937664305,0.198249006236438,3,0.197406169259921,1.96572726441082,0.748014577577123,1,4.47041437753666
373,156,1,2,1404.41257220085,0.198324510361999,NaN,NaN,NaN,NaN,0,-5.41140460773636
374,45,1,1,1407.70939654921,0.198709054733627,NaN,NaN,NaN,NaN,0,5.41140460773636
375,360,2,8,1410.88011814936,0.198434547433862,3,0.171921179542551,1.93488469958538,0.733332533447538,1,-4.47041437753666
376,294,2,6,1414.15908401183,0.199117303884123,3,0.255403009214206,2.00809679512167,0.807011701079318,1,-4.47041437753666
377,128,1,2,1417.42717991144,0.198570630454924,2,0.800707105081528,2.4196084261639,1.35209513755399,1,-5.41140460773636
378,61,1,1,1420.56105314818,0.198424304602668,NaN,NaN,NaN,NaN,0,5.41140460773636
379,89,1,1,1423.87567657419,0.198279734671814,2,0.919752849760698,2.30698960588779,1.47109171675402,0,5.41140460773636
380,333,2,5,1426.77775091885,0.198424011963652,NaN,NaN,NaN,NaN,0,-4.47041437753666
381,174,1,2,1429.96173959205,0.19833416788606,NaN,NaN,NaN,NaN,0,-5.41140460773636
382,172,1,2,1432.88044416337,0.198372212587856,2,1.01719328854233,2.46240698429756,1.57734272824018,1,-5.41140460773636
383,399,2,7,1435.84175004557,0.199482240568614,2,0.854515513638034,2.54112122484366,1.40667936578393,0,-4.47041437753666
384,151,1,1,1439.04368675614,0.198184622859117,2,0.976589325640816,2.67482384562027,1.55717404963798,0,5.41140460773636
385,342,2,6,1442.25757653354,0.199107353721047,3,0.188121500803391,1.57320375496056,0.738855456671445,1,-4.47041437753666
386,116,1,2,1445.15807143686,0.199037702608621,1,1.46284186476259,3.04854653059738,2.01427028319449,0,-5.41140460773636
387,142,1,2,1448.25920894483,0.198364603653317,1,0.652493348752614,2.13938533188775,1.20418749493547,0,-5.41140460773636
388,414,3,1,1451.26118609984,0.198358457972063,NaN,NaN,NaN,NaN,0,-5.41140460773636
389,430,3,1,1454.27435015954,0.199150666157948,NaN,NaN,NaN,NaN,0,-5.41140460773636
390,146,1,2,1457.24222782877,0.198710225347895,2,0.652150946232723,2.40438614692539,1.20360072821495,1,-5.41140460773636
391,228,2,4,1460.50933076112,0.198216814547777,3,0.897418255801313,2.32927971679601,1.45940642623464,1,4.47041437753666
392,52,1,2,1463.45723904757,0.19911554796272,2,1.20351059149834,2.78896006505238,1.75470166935702,1,-5.41140460773636
393,329,2,1,1466.55784714859,0.199267141579185,1,0.387877078086603,1.8242802011373,0.940318949404173,0,4.47041437753666
394,447,3,1,1469.50908464103,0.198270662454888,NaN,NaN,NaN,NaN,0,-5.41140460773636
395,241,2,1,1472.69347278384,0.198484590859152,NaN,NaN,NaN,NaN,0,4.47041437753666
396,223,2,7,1475.62306634034,0.199081893020775,3,0.853324421099387,2.23902299979818,1.40426820827997,1,-4.47041437753666
397,383,2,7,1478.52391359632,0.198555997863878,NaN,NaN,NaN,NaN,0,-4.47041437753666
398,437,3,1,1481.67546738675,0.198298757022712,NaN,NaN,NaN,NaN,0,-5.41140460773636
399,257,2,1,1484.87657530763,0.198315438174177,NaN,NaN,NaN,NaN,0,4.47041437753666
400,203,2,3,1487.85637151083,0.198619503295049,3,0.945417235023342,2.5814383890538,1.4962290362455,1,4.47041437753666
401,8,1,2,1491.00750271213,0.19839942920953,1,1.03841726927203,2.45429263007827,1.60015873427619,0,-5.41140460773636
402,161,1,1,1493.9394085099,0.199010193347931,1,0.269691729452461,1.70645130230696,0.821495912678074,1,5.41140460773636
403,263,2,7,1496.89136563291,0.198423426656518,3,0.547357340343297,2.06647788680857,1.0988758954918,1,-4.47041437753666
404,332,2,4,1499.92532786503,0.198256907839095,3,0.270241914695362,1.78449244389776,0.850112861138768,1,4.47041437753666
405,403,3,1,1502.95570335767,0.198930592072429,NaN,NaN,NaN,NaN,0,-5.41140460773636
406,104,1,2,1506.05693627012,0.198677740991116,2,0.821536883915542,2.54089266381925,1.37319971635588,1,-5.41140460773636
407,88,1,2,1509.29140707239,0.1984058675298,NaN,NaN,NaN,NaN,0,-5.41140460773636
408,227,2,3,1512.52172661002,0.199064333923161,3,0.43881018346292,1.90801429661224,0.990067107981304,1,4.47041437753666
409,66,1,2,1515.50656169053,0.198277686111396,2,1.24360299919499,2.7471178926935,1.79534543293994,1,-5.41140460773636
410,237,2,5,1518.52524077188,0.198419622203801,2,0.132418465043884,1.58416443984606,0.716214749001665,0,-4.47041437753666
411,13,1,1,1521.4922226342,0.198230569192674,2,0.0338448787806556,1.69714644088526,0.59556468759547,0,5.41140460773636
412,265,2,1,1524.67120725565,0.199064919230295,2,0.098765858419938,1.51841730438173,0.650376013567438,0,4.47041437753666
413,75,1,1,1527.60617828753,0.198435425380012,2,0.139043514674995,1.77499267636449,0.690538365044631,0,5.41140460773636
414,150,1,2,1530.75765979296,0.21813030084013,NaN,NaN,NaN,NaN,0,-5.41140460773636
415,352,2,8,1533.83785953361,0.199520577938529,3,1.10919859961723,2.67933741307934,1.66157199040754,1,-4.47041437753666
416,202,2,2,1536.92302850046,0.198462056665448,3,0.868675174453529,2.33813301665941,1.42008954557241,1,4.47041437753666
417,68,1,2,1539.90784748513,0.198400014516665,2,1.01658164645778,2.51350075547816,1.59524042948033,1,-5.41140460773636
418,26,1,2,1542.92031386311,0.199069894326385,2,0.347008558019297,1.71652788633946,0.898367910645902,1,-5.41140460773636
419,300,2,4,1545.80572227761,0.198378650937229,3,0.126327504782239,1.77523616261897,0.689738840534119,1,4.47041437753666
420,147,1,1,1548.97023146701,0.198789241287159,2,0.570365911233239,2.21066182895447,1.14141750542331,0,5.41140460773636
421,220,2,4,1552.12602197638,0.198392990860157,2,0.989785284356913,2.53480433745426,1.55050188305904,0,4.47041437753666
422,143,1,1,1555.1872110613,0.198944054078311,2,0.117959128838265,1.72163202497177,0.670252040436026,0,5.41140460773636
423,164,1,2,1558.30586406737,0.198265687358798,2,0.730177747871494,2.49915847997181,1.28120757464785,1,-5.41140460773636
424,321,2,1,1561.58982666529,0.198243445833214,3,0.25779865621007,2.05521313680219,0.837707354716258,1,4.47041437753666
425,424,3,1,1564.90334357516,0.199001706438139,NaN,NaN,NaN,NaN,0,-5.41140460773636
426,63,1,1,1568.02181806369,0.198330948682269,1,0.63194246700732,2.33465982603957,1.18354296463076,1,5.41140460773636
427,86,1,2,1571.23960245019,0.218200244591571,2,0.117197649058653,1.78123786411015,0.696846180217108,1,-5.41140460773636
428,21,1,1,1574.41978430984,0.198900448944187,2,0.23769231242477,1.62498350173701,0.789765735215042,0,5.41140460773636
429,19,1,1,1577.32198712858,0.198481664323481,2,0.175833055080147,1.59475989534985,0.727064811508171,0,5.41140460773636
430,100,1,2,1580.25636554073,0.198385967232753,2,0.307221971364925,1.80404187142267,0.86671996829682,1,-5.41140460773636
431,244,2,4,1583.26879182542,0.199012534576468,3,0.134010197740281,1.70360614228412,0.68543159251567,1,4.47041437753666
432,359,2,7,1586.35380158975,0.199403224600246,3,0.172706071432913,1.65864166873507,0.725400793831795,1,-4.47041437753666
433,422,3,1,1589.3556391499,0.198368993442273,NaN,NaN,NaN,NaN,0,-5.41140460773636
434,239,2,7,1592.60484233242,0.198340313567314,3,0.166388013458345,1.64775356149767,0.729276673228014,1,-4.47041437753666
435,235,2,3,1595.60222661134,0.199326549860416,3,0.190371992532164,1.62630658017588,0.741809190483764,1,4.47041437753666
436,219,2,3,1598.554073112,0.198703201720491,3,0.143277892406331,1.57835910766153,0.694865220721113,1,4.47041437753666
437,336,2,8,1601.50406010365,0.198255151917692,3,0.178415999165736,1.86013969435589,0.740813004027586,1,-4.47041437753666
438,25,1,1,1604.70188359427,0.199351132614538,1,0.861957646877272,2.58244950074004,1.41457891371101,1,5.41140460773636
439,94,1,2,1607.93747934976,0.198412013240159,2,0.187795779434964,1.60244171036175,0.75082900916459,1,-5.41140460773636
440,310,2,6,1610.88584212435,0.198275344882859,3,0.0701249125122558,1.79025885337614,0.621720142429695,1,-4.47041437753666
441,152,1,2,1614.12181832708,0.19833885031403,2,0.317616667802213,1.91440873668762,0.879473730281461,1,-5.41140460773636
442,345,2,1,1617.23415210456,0.198761439387454,1,0.170392952219117,1.9220211932552,0.721037942013936,0,4.47041437753666
443,308,2,4,1620.50128313145,0.198200426064432,3,0.504640139348339,2.15841705855564,1.05571796101867,1,4.47041437753666
444,431,3,1,1623.67001908968,0.198359628557228,NaN,NaN,NaN,NaN,0,-5.41140460773636
445,121,1,1,1626.8211543881,0.198349093116121,1,1.22796515453956,2.66275781521108,1.77875500690425,1,5.41140460773636
446,373,2,5,1629.77110801745,0.198411427933024,NaN,NaN,NaN,NaN,0,-4.47041437753666
447,365,2,5,1632.95664598886,0.198401770438068,3,1.3580245540652,2.91928665558225,1.91810375734349,1,-4.47041437753666
448,267,2,3,1636.03412055669,0.199462340242462,NaN,NaN,NaN,NaN,0,4.47041437753666
449,120,1,2,1639.20292411745,0.19832919278997,2,0.409133543114876,1.94492821401218,0.960267261252739,1,-5.41140460773636
450,211,2,3,1642.27281432331,0.198527903325157,3,0.110932561045047,1.53897199057974,0.670613465335919,1,4.47041437753666
