PresOrder,TrialNumber,Illusory_Fragmented,Fat_Thin,StimPresTime,StimPresLength,Response,RespScreenOnset_to_Resp,ExpStartOnset_to_Resp,StimOnset_to_Resp,Accuracy,StepLevel
1,301,2,5,203.528991358211,0.23528702508338,3,0.800555809026264,2.66688508431798,1.41436013627026,1,-2.44841346045556
2,214,2,6,206.938139906895,0.198363126026379,3,0.730309121945538,2.49804755690639,1.29243596943525,1,-2.44841346045556
3,213,2,5,210.222516762506,0.198381270594837,3,0.773031087786876,2.27760512800523,1.35706193823171,1,-2.44841346045556
4,372,2,4,213.242560654797,0.198432777748167,3,0.668264656638712,2.08134384508412,1.22719308539854,1,2.44841346045556
5,403,3,1,216.176668078237,0.198327714859261,3,0.925278921486097,2.58769576011218,1.51680435563139,1,-6.25934772656071
6,266,2,2,219.357227287905,0.198197191046347,3,0.638470401385348,2.08677053357678,1.19966573026977,1,2.44841346045556
7,50,1,2,222.321612724139,0.198291133072416,2,1.43987841970193,2.97803014983037,1.99120544594552,1,-6.25934772656071
8,424,3,1,225.37459222283,0.198371905657041,3,0.997569798779296,2.44504113402218,1.55785672875209,1,-6.25934772656071
9,360,2,8,228.338083014902,0.230821998587999,3,0.713934529137987,2.38551730011204,1.29836953515587,1,-2.44841346045556
10,253,2,5,231.525076521781,0.198371027692701,3,0.754522167244431,2.33450795009958,1.31370344931202,1,-2.44841346045556
11,249,2,1,234.620168972733,0.198550424773202,3,0.629895338044662,2.35171631497906,1.1816789049808,1,2.44841346045556
12,109,1,1,237.856035745966,0.198339713684618,1,1.21737687521818,2.66765827695053,1.79764067964788,1,6.25934772656071
13,95,1,1,240.821202569154,0.198374832198169,2,1.22336545994585,2.79047825856651,1.78672233341422,0,6.25934772656071
14,291,2,3,243.904222445355,0.198375710162509,3,0.692939510407086,2.24357704314389,1.25598968218037,1,2.44841346045556
15,383,2,7,246.969021665489,0.198729821851884,3,0.762185905125079,2.23483165501057,1.31397766637929,1,-2.44841346045556
16,430,3,1,249.976417917349,0.198383319173445,3,1.11003625693957,2.75498631694973,1.66765564306297,1,-6.25934772656071
17,282,2,2,253.136900750102,0.198261282335807,3,0.744790534155982,2.48275490700871,1.29553254447455,1,2.44841346045556
18,243,2,3,256.389080073433,0.198421071578196,3,0.641772127079093,2.39060099777453,1.1928872716162,1,2.44841346045556
19,351,2,7,259.652299194528,0.198971846950371,3,0.721735814533531,2.12728910527039,1.27363819911079,1,-2.44841346045556
20,231,2,7,262.573074459153,0.198380392630497,3,0.715149922403725,2.24642603265238,1.27653372065288,1,-2.44841346045556
21,364,2,4,265.618793497573,0.198819081411784,3,0.773273112885363,2.32893756835256,1.32515969412998,1,2.44841346045556
22,104,1,2,268.688902051828,0.198403804974078,2,1.3552170455896,2.77049875022021,1.91077380428032,1,-6.25934772656071
23,397,2,5,271.619803740181,0.198342640227565,3,1.00533830689528,2.54383302785027,1.55651959130228,1,-2.44841346045556
24,19,1,1,274.673304748814,0.198462043177642,NaN,NaN,NaN,NaN,0,6.25934772656071
25,228,2,4,277.970045955502,0.198319227883985,3,0.808230960423316,2.42554099340487,1.37051584123037,1,2.44841346045556
26,143,1,1,281.102528796451,0.198545156996261,2,1.42453075079538,3.01274626492523,1.9761038992965,0,6.25934772656071
27,185,1,1,284.20534673534,0.198278841591673,2,0.910134647312589,2.55878502815722,1.4721040467939,0,6.25934772656071
28,74,1,2,287.369287863832,0.198386538371778,1,1.10031135489953,2.81801878313672,1.68126406752708,0,-6.25934772656071
29,137,1,1,290.60306332951,0.198309570292622,NaN,NaN,NaN,NaN,0,6.25934772656071
30,242,2,2,293.50598434124,0.198413169911873,3,0.771201413170274,2.3852111837241,1.33114652293079,1,2.44841346045556
31,198,1,2,296.633983718471,0.219920333649497,2,1.19807720278732,2.61749733172473,1.78064302585881,1,-6.25934772656071
32,270,2,6,299.569486224909,0.198311618873049,3,0.793355635541957,2.19382025349114,1.35532913218231,1,-2.44841346045556
33,310,2,6,302.48557814294,0.198369564423047,3,0.889740447837539,2.26175028921534,1.44093460903423,1,-2.44841346045556
34,307,2,3,305.372112563035,0.198355517015443,3,0.736619333736598,2.35101745653446,1.29754600598608,1,2.44841346045556
35,432,3,1,308.521752554359,0.198389464914726,3,0.882281860613148,2.31362940777581,1.44335368939028,1,-6.25934772656071
36,268,2,4,311.46917955248,0.198347322695554,3,0.806786418850606,2.37382078612063,1.36860451606481,1,2.44841346045556
37,64,1,2,314.55187399711,0.198482821631842,NaN,NaN,NaN,NaN,0,-6.25934772656071
38,299,2,3,317.78485402843,0.198363126028198,3,0.759605864908735,2.39430014799473,1.31259077770301,1,2.44841346045556
39,394,2,2,320.934708535351,0.198420778922809,3,0.746309409918467,2.16437806134672,1.30981290318596,1,2.44841346045556
40,31,1,1,323.867158950203,0.198316301342857,2,1.06788204042095,2.64022222996027,1.61920292092509,0,6.25934772656071
41,241,2,1,326.954719065052,0.223714596513673,3,0.748740196448125,2.49665803434073,1.32604029088725,1,2.44841346045556
42,39,1,1,330.217199819373,0.198328592821781,1,1.00259379496674,2.44212102952224,1.5544048714055,1,6.25934772656071
43,434,3,1,333.172470537762,0.198388001641433,3,0.741408913840132,2.25455216430964,1.30087641180035,1,-6.25934772656071
44,293,2,5,336.201299033861,0.198252502706964,3,0.588179517651952,2.02596604449354,1.13926422614531,1,-2.44841346045556
45,16,1,2,339.15332450883,0.19829435227075,2,0.809609947435092,2.44181871764158,1.36652345141374,1,-6.25934772656071
46,202,2,2,342.300766373788,0.198366345224713,3,0.794129413481642,2.36644355679164,1.34604760138973,1,2.44841346045556
47,216,2,8,345.387761958513,0.198388001643252,3,0.66513764555566,2.27944416756145,1.22378219965503,1,-2.44841346045556
48,421,3,1,348.517430635811,0.19833415325229,3,0.811625164873476,2.42949446020066,1.37394896870137,1,-6.25934772656071
49,371,2,3,351.650067120261,0.19837746608755,3,0.753358281135661,2.30506078283361,1.31627178335657,1,2.44841346045556
50,148,1,2,354.71606944218,0.19877986573556,1,0.8653763929251,2.47086904569369,1.41729897064579,0,-6.25934772656071
51,199,1,1,357.835968148678,0.198528475701096,1,1.01636932503243,2.61576569629324,1.57633813978828,1,6.25934772656071
52,368,2,8,360.949467676481,0.198957214235634,3,0.554733229519115,2.29368911510392,1.10663678471246,1,-2.44841346045556
53,427,3,1,364.202381854731,0.198365467262192,3,0.724220156798765,2.45665599746644,1.28639090243269,1,-6.25934772656071
54,138,1,2,367.450344322404,0.198536084712032,2,0.972853973411475,2.44065073437196,1.53661529510828,1,-6.25934772656071
55,90,1,2,370.433895395407,0.198446825153951,2,0.784015866545815,2.38488926400714,1.34670929273852,1,-6.25934772656071
56,272,2,8,373.549752253512,0.198279719554193,3,0.511764263457735,2.11710619926635,1.06311001957511,1,-2.44841346045556
57,179,1,1,376.669271387394,0.198443898611004,1,1.24022849276298,2.92574424180748,1.82119261890693,1,6.25934772656071
58,446,3,1,379.869126172336,0.198259819062514,3,1.28759049236396,2.66962462112315,1.84847238850671,1,-6.25934772656071
59,100,1,2,382.765626348953,0.198866198750693,3,0.809838217781362,2.56542213479042,1.3616817788461,0,-6.25934772656071
60,304,2,8,386.035882635095,0.19843511898398,3,0.645571365066644,2.04705383463443,1.22588872523011,1,-2.44841346045556
61,10,1,2,388.951963724916,0.198352297818928,2,0.698297425138662,2.13057649090479,1.25977340948884,1,-6.25934772656071
62,439,3,1,391.898374042034,0.198973310220026,3,0.742337213245264,2.26450036157439,1.29384012471746,1,-6.25934772656071
63,93,1,1,394.935206047643,0.198491893914252,1,0.894789904948993,2.64349966534974,1.45685207584029,1,6.25934772656071
64,43,1,1,398.199858882102,0.198337372450624,1,1.01007023410239,2.81083851014228,1.57254095038297,1,6.25934772656071
65,24,1,2,401.51609671756,0.198395025345235,1,0.966241449739755,2.35067183182036,1.52980727836984,0,-6.25934772656071
66,417,3,1,404.415407838627,0.198244308387075,3,0.649559072415286,2.3713461014504,1.20086824674581,1,-6.25934772656071
67,48,1,2,407.651832410937,0.216133387144509,2,0.863200215626421,2.49501887766382,1.44162498050355,1,-6.25934772656071
68,37,1,1,410.798837343038,0.198347908004507,2,0.797051859219209,2.43601333449988,1.34847312014244,0,6.25934772656071
69,172,1,2,413.952871538522,0.19837834405007,2,0.705493208810367,2.38599286333192,1.26478452888841,1,-6.25934772656071
70,303,2,7,417.148035367856,0.198298449429785,3,0.728669087307935,2.23072659329046,1.28982168866787,1,-2.44841346045556
71,176,1,2,420.165640864607,0.198419608304903,1,1.04570499101283,2.70089443930374,1.5967709696306,0,-6.25934772656071
72,332,2,4,423.335387083585,0.198371320348087,3,0.753927201076294,2.43505050188833,1.31394898626058,1,2.44841346045556
73,203,2,3,426.531509648374,0.198347322695554,3,0.742149621846693,2.52714968476721,1.32259867644098,1,2.44841346045556
74,152,1,2,429.83201058472,0.198364589297853,1,1.07935233264652,2.63463399630382,1.63124798617173,0,-6.25934772656071
75,71,1,1,432.902130259839,0.198402049049037,2,1.01042902826157,2.72443613566429,1.57034165339792,0,6.25934772656071
76,161,1,1,436.131855097496,0.198265964803795,2,1.03190458533572,2.47058400041533,1.58323951324564,0,6.25934772656071
77,135,1,1,439.084744780585,0.198300205356645,2,0.854772357397451,2.57390588998896,1.43676077355667,0,6.25934772656071
78,386,2,2,442.318137747106,0.198387708987866,3,0.871202554521005,2.65239372186261,1.43163844552691,1,2.44841346045556
79,165,1,1,445.614070642649,0.198965993864476,2,1.08490164328396,2.54029571545288,1.63694713580844,0,6.25934772656071
80,190,1,2,448.58493251831,0.198391220839767,2,0.815458643412057,2.24924692735112,1.39466684382023,1,-6.25934772656071
81,308,2,4,451.533258257752,0.198416096454821,3,0.673826551412276,2.3730777368819,1.23598120105999,1,2.44841346045556
82,256,2,8,454.747497586333,0.19816265783993,3,0.908629818955887,2.44679618179907,1.45954069079926,1,-2.44841346045556
83,225,2,1,457.800518349277,0.19823845530118,3,0.778441680293326,2.51380347854865,1.35974850461025,1,2.44841346045556
84,205,2,5,461.050644995421,0.198324495660927,3,0.754385205038488,2.13585685225189,1.31524427414479,1,-2.44841346045556
85,259,2,3,463.947720237717,0.198375124853555,3,0.754163958394201,2.14273539867281,1.30546757229604,1,2.44841346045556
86,361,2,1,466.851013505702,0.198405268245551,3,0.762795504011592,2.27938417343285,1.34186615690123,1,2.44841346045556
87,222,2,6,469.882722890628,0.198391220839767,3,0.663172472000952,2.29570725908525,1.22561099630911,1,-2.44841346045556
88,157,1,1,473.030883514521,0.198271232580737,1,1.03998564823451,2.81129709941524,1.59120380708009,1,6.25934772656071
89,5,1,1,476.31630953576,0.198423705465757,1,0.934132884363862,2.70215490132978,1.51478357776432,1,6.25934772656071
90,363,2,3,479.599091425493,0.198266257457362,3,0.715871022572173,2.11511761336988,1.27823287145657,1,2.44841346045556
91,146,1,2,482.513873130269,0.198318349921465,1,1.43074702056037,2.95206147144745,1.98212965111816,0,-6.25934772656071
92,431,3,1,485.549564662111,0.198391220839767,3,0.783450458458901,2.34858988920496,1.34522290160385,1,-6.25934772656071
93,128,1,2,488.629681700415,0.198352883127882,1,0.833921909885248,2.55662758073595,1.38546286641395,0,-6.25934772656071
94,201,2,1,491.867143732179,0.198370442385567,3,0.729594752825506,2.32695717677598,1.2898559292189,1,2.44841346045556
95,338,2,2,494.979444255358,0.198437460216155,3,0.727691329326262,2.38277893392478,1.27908888525235,1,2.44841346045556
96,391,2,7,498.148702326982,0.198246649621069,3,0.865934777310031,2.28520799379294,1.44860273672748,1,-2.44841346045556
97,114,1,2,501.082156253393,0.198382441210924,2,0.61973262518768,2.35196068131154,1.18180796552406,1,-6.25934772656071
98,288,2,8,504.329757000363,0.198331812018296,3,0.872168021021935,2.54418216441809,1.42405811411845,1,-2.44841346045556
99,246,2,6,507.516195927365,0.198422827501417,3,0.692095202781275,2.29398557389868,1.27351440634629,1,-2.44841346045556
100,229,2,5,510.633270519967,0.19837746608755,3,0.780188533746696,2.16083401790092,1.34064461789603,1,-2.44841346045556
101,355,2,3,513.528173096818,0.198654317046021,3,0.618366514965601,2.08968127313892,1.16920919835866,1,2.44841346045556
102,175,1,1,516.513809038979,0.198332104671863,1,0.805360314498103,2.35995336261294,1.35673767727894,1,6.25934772656071
103,356,2,4,519.582456077713,0.198239625917267,3,0.805686916684863,2.4037019596999,1.38380029739528,1,2.44841346045556
104,294,2,6,522.694974920991,0.198661926056957,3,0.710253230829039,2.09919048896882,1.26195426925369,1,-2.44841346045556
105,210,2,2,525.597942757406,0.198375710162509,3,0.630893874482354,2.17996307288195,1.19256622986177,1,2.44841346045556
106,85,1,1,528.661579847358,0.217622997475701,1,0.779748674349321,2.54845491704509,1.36155564484761,1,6.25934772656071
107,235,2,3,531.94507054578,0.198917998561228,3,1.49901799853069,3.10493470736401,2.05143428404153,1,2.44841346045556
108,385,2,1,535.069694741091,0.198375124853555,3,0.798512204122744,2.29215794786069,1.35544180408397,1,2.44841346045556
109,155,1,1,538.077971589706,0.198373661582082,2,0.94117239064326,2.56401973543507,1.49282221456815,0,6.25934772656071
110,163,1,1,541.215042957259,0.19834761535094,2,0.709039300838413,2.09057211279833,1.27042836686451,0,6.25934772656071
111,69,1,1,544.112095079867,0.198436289600068,2,0.677067405014895,2.26562561731771,1.22862533549232,0,6.25934772656071
112,194,1,2,547.215103829352,0.198373954237468,2,0.595535090566045,2.17869529449854,1.17472543906297,1,-6.25934772656071
113,211,2,3,550.313069267466,0.198373954237468,3,0.650889771468428,2.40083745951415,1.21339326503039,1,2.44841346045556
114,298,2,2,571.351286698482,0.198409658059973,3,1.13560575487099,2.9300872314634,1.69339429517277,1,2.44841346045556
115,290,2,2,574.661597406615,0.198413169910054,3,0.602689902636484,2.2198588762476,1.16236694106919,1,2.44841346045556
116,441,3,1,577.794010010533,0.198916535287935,3,0.727827998880457,2.19939004992921,1.27966219500559,1,-6.25934772656071
117,449,3,1,580.779682827135,0.198371613001655,3,0.73422103183475,2.34997765584376,1.31356765772034,1,-6.25934772656071
118,125,1,1,583.910560166649,0.198683289821929,1,0.798133216818314,2.20301749984901,1.34974236179733,1,6.25934772656071
119,402,3,1,586.8303614778,0.198416389108388,3,0.714825368795573,2.16311233154374,1.27268502408879,1,-6.25934772656071
120,78,1,2,589.793595612058,0.198953409730166,1,0.840887081976689,2.49605458119549,1.39294545128905,0,-6.25934772656071
121,3,1,1,592.963050054712,0.198388001641433,1,0.829265780139394,2.49456380024458,1.39180000239867,1,6.25934772656071
122,408,3,1,596.144032442484,0.198935557818913,3,0.872014377519008,2.39334141254221,1.42426209415862,1,-6.25934772656071
123,59,1,1,599.179781919876,0.198293474306411,1,1.05294906264317,2.75778087276012,1.62134866217457,1,6.25934772656071
124,252,2,4,602.39874322542,0.198271525234304,3,0.506562040805875,2.00268861495715,1.06654929278557,1,2.44841346045556
125,97,1,1,605.410323848309,0.198462335831209,2,0.823053314879871,2.51096473194048,1.37454686141427,0,6.25934772656071
126,367,2,7,608.612479188621,0.198368101151573,3,0.70225294051852,2.10109420512345,1.26458084150363,1,-2.44841346045556
127,23,1,1,611.525325570581,0.199149195448626,1,0.838463904459786,2.47592757508755,1.38954919825846,1,6.25934772656071
128,189,1,1,614.677775043087,0.198495113112585,1,0.72604134444191,2.34776548207083,1.27742338969256,1,6.25934772656071
129,226,2,2,617.813535612077,0.198279719556012,3,0.862861029307169,2.57978121750602,1.44333964198449,1,2.44841346045556
130,63,1,1,621.045121731015,0.198419608304903,2,0.642952401829461,2.29214653434428,1.20637102535147,0,6.25934772656071
131,334,2,6,624.209069590555,0.198827861040627,3,0.835671982536951,2.2402156159751,1.3871763572788,1,-2.44841346045556
132,233,2,1,627.128266863252,0.198347615349121,3,0.653036683337632,2.36893989788223,1.21567596848763,1,2.44841346045556
133,365,2,5,630.358750553483,0.199076909841096,3,0.571768928366509,2.25866190849774,1.12288524352334,1,-2.44841346045556
134,237,2,5,633.560655381722,0.198509745825504,3,0.554764543529018,2.00856803963507,1.10579130647056,1,-2.44841346045556
135,425,3,1,636.528254747365,0.21613250918017,3,0.658186520870004,2.05706085540987,1.237524074475,1,-6.25934772656071
136,258,2,2,639.441797939187,0.198832836162183,NaN,NaN,NaN,NaN,0,2.44841346045556
137,352,2,8,642.395056659334,0.198379514667977,3,0.838786994794646,2.4541394632306,1.4019510090875,1,-2.44841346045556
138,113,1,1,645.525323814654,0.198970383678898,2,0.87644048099537,2.3318693790261,1.42871687775369,0,6.25934772656071
139,118,1,2,648.49491205885,0.198364296644286,2,0.78954615465409,2.33817842019926,1.34892819756351,1,-6.25934772656071
140,419,3,1,651.557980521517,0.198950483185399,3,0.617013866838533,2.15517115739749,1.16861130564394,1,-6.25934772656071
141,88,1,2,654.610907927741,0.198489552680257,3,1.42998553409961,2.86238107627105,1.99259584647552,0,-6.25934772656071
142,312,2,8,657.558913210736,0.198810009127556,3,0.63530622320468,2.10595870472389,1.18698853175556,1,-2.44841346045556
143,413,3,1,660.544024716412,0.198385953062825,3,0.556370922922724,2.28886266055997,1.11941290037612,1,-6.25934772656071
144,1,1,1,663.8070524416,0.1988881478228,1,0.599040210992825,2.33782606443492,1.15059170307541,1,6.25934772656071
145,45,1,1,667.060503933128,0.19844594719325,1,0.846090182589251,2.42863376393507,1.4044321321544,1,6.25934772656071
146,400,2,8,670.157904255808,0.198766696292296,3,0.850583011242634,2.33908242930011,1.40270313061046,1,-2.44841346045556
147,433,3,1,673.160790412412,0.198355809670829,3,0.72701032279474,2.39231302536791,1.28939090155473,1,-6.25934772656071
148,348,2,4,676.340592525434,0.19883488474261,3,0.562913794874476,2.30041255475226,1.11374857660303,1,2.44841346045556
149,181,1,1,679.59276950753,0.198428095280178,1,0.947820910792871,2.46431827207562,1.51098931489832,1,6.25934772656071
150,17,1,1,682.624086443053,0.198839274557031,1,0.965925090451492,2.7210641729398,1.51794892655926,1,6.25934772656071
151,87,1,1,685.893424380034,0.198418437688815,2,0.986834361476213,2.52349033553037,1.53749120939756,0,6.25934772656071
152,318,2,6,688.944311107898,0.198367808496187,3,0.658274317156611,2.37643067707722,1.23942135223297,1,-2.44841346045556
153,224,2,8,692.176819965813,0.198404682936598,3,0.646647747542374,2.11208337369499,1.20895896723414,1,-2.44841346045556
154,131,1,1,695.157013708806,0.198656072971062,2,0.768982215689903,2.33962852220429,1.31975495470942,0,6.25934772656071
155,127,1,1,698.242988515367,0.198458531325741,2,0.650883625728966,2.15005819430553,1.21057763811041,0,6.25934772656071
156,442,3,1,701.256799163944,0.198929412079451,3,0.694438485677892,2.21587409544372,1.2461357195989,1,-6.25934772656071
157,111,1,1,704.292716039592,0.198374539546421,1,0.597598303307677,2.38012134032033,1.16030314302043,1,6.25934772656071
158,346,2,2,707.589919640059,0.198386538369959,3,0.96747528022388,2.4027929754775,1.52934400662889,1,2.44841346045556
159,96,1,2,710.54077508318,0.19898911355267,2,0.906120308422032,2.44410785949367,1.45826735198534,1,-6.25934772656071
160,147,1,1,713.59335481611,0.198380685284064,2,0.888618118637169,2.50354097057607,1.45017897272919,0,6.25934772656071
161,315,2,3,716.723964669603,0.198624173654025,3,0.555165772559121,2.06094408517856,1.12487441472695,1,2.44841346045556
162,170,1,2,719.744212249279,0.198227919745477,NaN,NaN,NaN,NaN,0,-6.25934772656071
163,331,2,3,722.891531492089,0.198404390283031,3,0.569457252133361,2.06938686877766,1.13259229365212,1,2.44841346045556
164,154,1,2,725.906383697284,0.198818496101012,2,0.604799647409891,2.12656273732318,1.15658994539262,1,-6.25934772656071
165,187,1,1,728.94277818473,0.198322154426933,2,0.770139663407463,2.55421815796944,1.35092966024786,0,6.25934772656071
166,136,1,2,732.241939935049,0.198348200659893,1,1.20871430824809,2.77473843291227,1.77165151546797,0,-6.25934772656071
167,84,1,2,735.323028878247,0.198718700989048,2,0.916999438981293,2.42164722808229,1.4686085839603,1,-6.25934772656071
168,327,2,7,738.342061064659,0.198296400849358,3,1.06642696329254,2.49868290937047,1.62911921887098,1,-2.44841346045556
169,34,1,2,741.289831638915,0.198347322697373,1,0.983843141983016,2.45493548289778,1.53492843578351,0,-6.25934772656071
170,217,2,1,744.2750326968,0.198383904482398,3,0.82437786819537,2.37353632615304,1.38706866050234,1,2.44841346045556
171,316,2,4,747.339782165705,0.198572373845309,3,0.792418556506163,2.19698384636285,1.34412632597923,1,2.44841346045556
172,278,2,6,750.259371009841,0.198370149730181,3,0.792105123762667,2.47734899697207,1.37417694639225,1,-2.44841346045556
173,32,1,2,753.459074492515,0.198410536024312,2,0.787316128968087,2.48533465456967,1.34858667000844,1,-6.25934772656071
174,436,3,1,756.6727887993,0.198850688075254,3,0.67418622353398,2.46378973842911,1.24455509377913,1,-6.25934772656071
175,116,1,2,759.976556050175,0.198268013382403,1,0.754311748811233,2.36812661160911,1.31481582826564,0,-6.25934772656071
176,414,3,1,763.105877932139,0.198357272942303,3,0.668698662950192,2.40658957957567,1.22002685980988,1,-6.25934772656071
177,244,2,4,766.358929072599,0.198367223187233,3,0.645947425828126,2.20130752083423,1.21463704575945,1,2.44841346045556
178,166,1,2,769.428742046022,0.198371027692701,2,0.77765736679612,2.35571309461193,1.33568705423204,1,-6.25934772656071
179,336,2,8,772.522817230665,0.198322154426933,3,0.683526577839075,2.22156680668195,1.23482667988719,1,-2.44841346045556
180,110,1,2,775.576388183674,0.198342347572179,3,1.44388924674058,3.2239686204357,2.00363359565927,0,-6.25934772656071
181,418,3,1,778.872681336647,0.198251624742625,3,0.728306195987898,2.49549912335351,1.29138329195666,1,-6.25934772656071
182,103,1,1,782.155776951777,0.198330641402208,2,0.87452330274391,2.61268375397049,1.42631477134637,0,6.25934772656071
183,65,1,1,785.408269122543,0.198376588125029,1,1.38286819348286,2.8642198231737,1.94374130999677,1,6.25934772656071
184,333,2,5,788.420861451314,0.199439215850362,3,0.80699098419791,2.21122469674447,1.35863056522248,1,-2.44841346045556
185,378,2,2,791.340271483677,0.198421071578196,3,0.68679318501745,2.43600572548894,1.2495896255241,1,2.44841346045556
186,141,1,1,794.603938658491,0.198920632450609,1,0.99465876656177,2.36442921731577,1.54517338449841,1,6.25934772656071
187,144,1,2,797.488849139932,0.198285279986521,1,0.706754548798926,2.40721410383048,1.28701747526611,0,-6.25934772656071
188,438,3,1,800.704255866474,0.199198361369781,3,0.6360071302297,2.02408603333788,1.1881796347152,1,-6.25934772656071
189,261,2,5,803.60746455737,0.198393562073761,3,0.751560798489663,2.41655153159263,1.31338094428429,1,-2.44841346045556
190,359,2,7,806.787220138362,0.198699093150935,3,0.708518668854595,2.19715973158964,1.26017639444581,1,-2.44841346045556
191,129,1,1,809.81001205443,0.198373076273128,2,0.628924018459657,2.35791005036299,1.18838332209998,0,6.25934772656071
192,159,1,1,813.054006422592,0.199144805636024,1,0.810990397720161,2.28191065791361,1.36261476072104,1,6.25934772656071
193,388,2,4,816.03972957573,0.19829435227075,3,0.57896237080422,2.2645638675549,1.16150331826066,1,2.44841346045556
194,262,2,6,819.240764050113,0.198276207702293,3,1.20198911267471,2.58333608916109,1.76234218251557,1,-2.44841346045556
195,401,3,1,822.137662236564,0.198422534849669,3,0.746911107136839,2.11864321959547,1.29841957904137,1,-6.25934772656071
196,375,2,7,825.023934731069,0.198337957759577,3,1.00770880663913,2.67231323608212,1.57002353818461,1,-2.44841346045556
197,255,2,7,828.203669240951,0.19829084041703,3,0.720742253222852,2.09226862971445,1.27190451509887,1,-2.44841346045556
198,92,1,2,831.089774629858,0.198373661582082,1,0.75374721868684,2.5022231483108,1.33220973596326,0,-6.25934772656071
199,390,2,6,834.353484532197,0.198630904702441,3,1.3549764837644,2.74272732141435,1.90619317934033,1,-2.44841346045556
200,329,2,1,837.255582600064,0.198307814367581,3,0.614601224875514,2.28050269812593,1.19395311853987,1,2.44841346045556
201,99,1,1,840.436595423882,0.19835493170649,2,0.939329546581575,2.62755410373029,1.49057316635117,0,6.25934772656071
202,257,2,1,843.640027614858,0.198451214970191,3,0.74710045446227,2.31177719877815,1.30870198750381,1,2.44841346045556
203,42,1,2,846.72066850434,0.198284987331135,1,1.05246208590506,2.80732461009029,1.62118419046419,0,-6.25934772656071
204,132,1,2,849.989889672259,0.198371320348087,1,1.02274743261842,2.55409612113181,1.58397290489484,0,-6.25934772656071
205,447,3,1,853.037018719046,0.198306643749675,3,0.796516594522473,2.43477335827629,1.34806486740854,1,-6.25934772656071
206,341,2,5,856.189665440543,0.19845150762194,3,0.512851474144554,2.13014950829711,1.09378428627861,1,-2.44841346045556
207,267,2,3,859.321687058329,0.198235528756413,3,0.686340448832198,2.10231311023927,1.24951616929502,1,2.44841346045556
208,105,1,1,862.251885791078,0.198893708255127,2,0.788728478570192,2.45988953471169,1.33976958157291,0,6.25934772656071
209,377,2,1,865.437491531316,0.198304887824634,3,0.7349075987986,2.13812316706935,1.28609385832715,1,2.44841346045556
210,269,2,5,868.371532522233,0.198345566768694,3,0.622041374877881,2.20449862320675,1.18516295429799,1,-2.44841346045556
211,232,2,8,871.469293980306,0.198817910792059,3,0.609188876444023,2.33031889660015,1.16073217420671,1,-2.44841346045556
212,407,3,1,874.70509812552,0.1982808901721,3,0.772165709053297,2.27078277120745,1.3336782751885,1,-6.25934772656071
213,300,2,4,877.719072953154,0.198436289600068,3,0.764602644247134,2.23259958074414,1.34596126837459,1,2.44841346045556
214,18,1,2,880.702223382434,0.199026865957421,1,0.720127971868351,2.24160806508371,1.27202450335972,0,-6.25934772656071
215,319,2,7,883.738002710565,0.198371320348087,3,0.620984307584877,2.26984100970367,1.1834591210245,1,-2.44841346045556
216,67,1,1,886.902940326912,0.198348785967028,2,1.0361059303159,2.64095240241295,1.58702821567749,0,6.25934772656071
217,343,2,7,890.039735136163,0.198341176956092,3,0.536341956001706,2.20000286801042,1.09739651817472,1,-2.44841346045556
218,126,1,2,893.218502130961,0.198827275729855,1,1.401827216323,3.17313866750555,1.95323647842088,0,-6.25934772656071
219,66,1,2,896.504967660238,0.198323032389453,NaN,NaN,NaN,NaN,0,-6.25934772656071
220,62,1,2,899.55431034407,0.198274159123685,1,1.37534434435292,2.75748148742241,1.93817678133564,0,-6.25934772656071
221,80,1,2,902.452492112236,0.198360199485251,1,1.11473511421173,2.61922516264895,1.66632991913139,0,-6.25934772656071
222,227,2,3,905.471640189746,0.198351127202841,3,0.67471680575909,2.05602046941203,1.2362805863977,1,2.44841346045556
223,134,1,2,908.385289322421,0.198282353443574,1,1.14653668523897,2.71826698324003,1.69839956148644,0,-6.25934772656071
224,264,2,8,911.471905334532,0.198329470784302,3,1.06177580867006,2.77580603575916,1.62291875243682,1,-2.44841346045556
225,89,1,1,914.701458384121,0.198439801450149,3,1.41901685132507,2.8738677571364,1.969856608177,0,6.25934772656071
226,347,2,3,1454.74137438063,0.745579530121177,3,1.35481201205403,9.45469082391355,2.45313361043736,1,2.44841346045556
227,57,1,1,1464.35784537376,0.19824108919056,2,0.549255033873123,2.27842368205347,1.10760459244921,0,6.25934772656071
228,35,1,1,1467.60193953704,0.198683875129063,2,1.00578050752847,2.47410404620859,1.58731648015419,0,6.25934772656071
229,281,2,1,1470.58557723571,0.19846321379373,3,0.362385612412254,2.03447877246799,0.913951737209572,1,2.44841346045556
230,450,3,1,1473.77236149477,0.198581446127719,3,0.64144493958338,2.25588666787007,1.20215095049753,1,-6.25934772656071
231,20,1,2,1476.90207319225,0.198238455299361,1,0.548102561280757,1.9659367966251,1.10985276270003,0,-6.25934772656071
232,344,2,8,1479.83537991356,0.19838917225934,3,0.466753741071443,2.10478808756488,1.01818465958786,1,-2.44841346045556
233,406,3,1,1482.98772842033,0.198413755219008,3,0.730072364625812,2.31222291126141,1.29233266247138,1,-6.25934772656071
234,40,1,2,1486.0848586231,0.198739479443248,2,0.628806078781054,2.16700931606465,1.18032450092869,1,-6.25934772656071
235,38,1,2,1489.13733504907,0.198352297818928,2,0.71843643007378,2.45080086309463,1.28111463824644,1,-6.25934772656071
236,275,2,3,1492.38481727105,0.198884928626285,3,0.407988759732689,1.96309102631312,0.960076394476346,1,2.44841346045556
237,27,1,1,1495.45451347541,0.19832420300736,1,0.603477435330205,2.30163321579312,1.16576436471587,1,6.25934772656071
238,117,1,1,1498.66783357687,0.198871466529454,2,1.07376614756686,2.52820675206203,1.62546806395403,0,6.25934772656071
239,426,3,1,1501.65400858823,0.198291425727803,3,0.769438463728875,2.31810233593751,1.33142864166621,1,-6.25934772656071
240,200,1,2,1504.71825235053,0.198630612048873,2,0.874888242642555,2.24590920517767,1.42647719447632,1,-6.25934772656071
241,169,1,1,1507.60350377422,0.198276207704112,2,0.875340393520673,2.42430452902954,1.43256791554995,0,6.25934772656071
242,207,2,7,1510.66806535907,0.198667486489285,3,0.532017696219555,2.11964204868491,1.08349982923573,1,-2.44841346045556
243,218,2,2,1513.77036383659,0.198404682936598,3,0.840123546933683,2.50539991062215,1.40226590510065,1,2.44841346045556
244,46,1,2,1516.94987827045,0.199315423085864,1,1.09478428598777,2.56603553818059,1.64641274614769,0,-6.25934772656071
245,158,1,2,1519.95419960369,0.198294059615364,1,0.797863974872598,2.34579679666422,1.35912046850535,0,-6.25934772656071
246,8,1,2,1523.01766841742,0.198794498450297,1,0.815551122168472,2.37025801280106,1.36753427932854,0,-6.25934772656071
247,192,1,2,1526.08696397806,0.198483699594362,2,1.15870525059836,2.6286922362633,1.74223302831888,1,-6.25934772656071
248,437,3,1,1529.07167659594,0.198377758742936,3,0.619124489572641,2.11597128593166,1.17997507170912,1,-6.25934772656071
249,139,1,1,1532.08384223476,0.198735382284212,2,0.67954647949955,2.16780738431225,1.23147227642039,0,6.25934772656071
250,292,2,4,1535.08679482388,0.198350541892069,3,0.522264699366133,2.03707315274369,1.08395315072994,1,2.44841346045556
251,353,2,1,1538.11666282802,0.198241089188741,3,0.530068033342104,2.11921535873262,1.08089696198476,1,2.44841346045556
252,149,1,1,1541.22036136366,0.198245771658549,2,0.85015573597957,2.63123657265533,1.41111518551043,0,6.25934772656071
253,395,2,3,1544.51650350702,0.199067837556868,3,0.561291026839172,2.18302452940588,1.11335320065882,1,2.44841346045556
254,429,3,1,1547.65303170821,0.198350541892069,3,0.652368553593988,2.15060867702414,1.21427152055185,1,-6.25934772656071
255,56,1,2,1550.68299423969,0.198611296866147,1,0.915510706612622,2.32053195184926,1.46705810153435,0,-6.25934772656071
256,28,1,2,1553.60259625326,0.198372783619561,1,0.827374940772643,2.20916353258326,1.38893374628788,0,-6.25934772656071
257,36,1,2,1556.49903263125,0.198605151124866,1,1.02818846116679,2.56850993019907,1.59804577171599,0,-6.25934772656071
258,404,3,1,1559.55410548607,0.198497161693012,3,0.607820717641516,2.12135056442821,1.16832450444053,1,-6.25934772656071
259,286,2,6,1562.58320263881,0.198399122506089,3,0.349520237190518,1.82060877359982,0.900777319058761,1,-2.44841346045556
260,122,1,2,1565.56869635098,0.198388001641433,2,0.907942666683084,2.30677602962351,1.47023691242612,1,-6.25934772656071
261,167,1,1,1568.49979265444,0.198366052569327,2,0.8926763556683,2.44784446946323,1.44424043188701,0,6.25934772656071
262,296,2,8,1571.56944027818,0.198353468435016,3,0.46081900473655,2.24202041497847,1.02218787761558,1,-2.44841346045556
263,156,1,2,1574.86625435579,0.198938484360042,2,0.457404899792891,2.16104531429846,1.00882440479108,1,-6.25934772656071
264,393,2,1,1578.08459142974,0.198293181651024,3,0.490570532463607,2.22299144776298,1.05109539037221,1,2.44841346045556
265,26,1,2,1581.33267915345,0.198313082144523,2,0.812870408877643,2.35072743613455,1.36420475147679,1,-6.25934772656071
266,208,2,8,1584.38532180705,0.198365174606806,3,0.539104027186113,1.95402605969321,1.100851594716,1,-2.44841346045556
267,223,2,7,1587.31627295397,0.198437460217974,3,0.526034379270641,2.03103306086268,1.07742959396273,1,-2.44841346045556
268,53,1,1,1590.33584099039,0.198383904482398,1,1.11191568278628,2.65954941189739,1.67324972980714,1,6.25934772656071
269,306,2,2,1593.39935487288,0.198311618873049,3,0.674715927798388,2.19583312969371,1.22623815445331,1,2.44841346045556
270,238,2,6,1596.43485354555,0.216886093976427,3,0.404603042259623,1.93627833295977,0.983177938784138,1,-2.44841346045556
271,420,3,1,1599.48187313963,0.19823669937432,3,0.576376184848414,2.29767857837942,1.12753493487435,1,-6.25934772656071
272,188,1,2,1602.71788038692,0.198308399676534,2,0.47042508913546,2.08563854678323,1.03298418701161,1,-6.25934772656071
273,284,2,4,1605.84869539108,0.198458531325741,3,0.470766616690526,1.842667005365,1.02234386235068,1,2.44841346045556
274,73,1,1,1608.73520054574,0.218261861791689,2,0.400255662785639,2.14798561662792,0.978618970260868,0,6.25934772656071
275,119,1,1,1611.99836494048,0.199177875569148,2,1.08826102187231,2.49266447390619,1.64062375164576,0,6.25934772656071
276,212,2,4,1614.91757157812,0.198395610654188,3,0.416671227196275,2.18174328892383,0.978620140878775,1,2.44841346045556
277,160,1,2,1618.1974637994,0.199345859133246,2,1.17967861291254,2.73362401708437,1.73113821154948,1,-6.25934772656071
278,184,1,2,1621.26589251803,0.198360199485251,2,0.985758564307616,2.47327495660647,1.5368927313757,1,-6.25934772656071
279,75,1,1,1624.26835549653,0.198251917396192,2,0.597502020045795,2.09498533948499,1.15841142569116,0,6.25934772656071
280,392,2,8,1627.28140553661,0.218299028883848,3,0.347655736710294,1.88194413756537,0.928975145163349,1,-2.44841346045556
281,335,2,7,1630.33129372804,0.198506819284376,3,0.499792654434714,2.27172775190775,1.05196106176118,1,-2.44841346045556
282,21,1,1,1633.61796762717,0.198382733864491,1,0.841694807815657,2.28919833503096,1.40241750002497,1,6.25934772656071
283,337,2,1,1636.58080784875,0.198527597738575,3,0.55959041276401,1.98244835164041,1.12930344474444,1,2.44841346045556
284,277,2,5,1639.51826148134,0.198435411637547,3,0.50561237763759,2.25271780722323,1.06635438502963,1,-2.44841346045556
285,265,2,1,1642.78030647343,0.199059935890546,3,0.42168995560678,2.12674242705725,0.973670771532852,1,2.44841346045556
286,121,1,1,1646.000078724,0.198407902133113,1,0.64885055637933,2.38715850536755,1.21724049831937,1,6.25934772656071
287,177,1,1,1649.25301016886,0.198431607132079,2,0.999793093416883,2.46197996430237,1.55925707952701,0,6.25934772656071
288,236,2,4,1652.23063440719,0.198299327392306,3,0.517657150230662,2.17242868819812,1.06913372281815,1,2.44841346045556
289,124,1,2,1655.3997683934,0.198385953062825,2,0.629694577202827,2.41140227936739,1.19142897529127,1,-6.25934772656071
290,410,3,1,1658.71302261837,0.198632075320347,3,0.521283722187945,2.04174069600776,1.07193091251793,1,-6.25934772656071
291,370,2,2,1661.74809401578,0.198266842766316,2,0.667936298525092,2.2387602461913,1.21846876837299,0,2.44841346045556
292,412,3,1,1664.83343464049,0.198395025345235,3,0.607540354832963,2.10542812249696,1.16921388082665,1,-6.25934772656071
293,260,2,4,1667.84670417129,0.198423412810371,3,0.575501148521653,2.05999705589784,1.13785948555415,1,2.44841346045556
294,11,1,1,1670.84645424453,0.198625636925499,1,0.451554740546271,2.15633884801355,1.00311179306118,1,6.25934772656071
295,171,1,1,1674.06600788235,0.198461750524075,1,0.806936843155199,2.4886668163108,1.36947457726819,1,6.25934772656071
296,248,2,8,1677.26305406407,0.198202166167903,3,0.385721280152211,1.94001611354543,0.936480264417696,1,-2.44841346045556
297,399,2,7,1680.33183543113,0.198275622395158,3,0.361783622538496,2.01506730609617,0.912748050117443,1,-2.44841346045556
298,324,2,4,1683.4996641792,0.198300498010212,3,0.457786813642088,1.83894415014947,1.01944102445486,1,2.44841346045556
299,72,1,2,1686.39638618777,0.198359906829864,2,0.758931004116675,2.43034901072679,1.34243478418648,1,-6.25934772656071
300,444,3,1,1689.58232145674,0.198330348746822,3,0.374099393005963,1.7724223668647,0.935487873723105,1,-6.25934772656071
301,220,2,4,1692.49549795274,0.198974773493319,3,0.364688216362993,1.80334246317034,0.916760925736526,1,2.44841346045556
302,54,1,2,1695.44909293266,0.198420193615675,1,0.584199711969632,2.06544393753575,1.14618901194444,0,-6.25934772656071
303,174,1,2,1698.46234344093,0.198291425727803,1,0.647737592116755,2.23646320267471,1.19877869511947,0,-6.25934772656071
304,219,2,3,1701.56575868722,0.198253965976619,3,0.269698194411831,1.90096052064291,0.831006195197915,1,2.44841346045556
305,305,2,1,1704.71283444166,0.198289669800943,3,0.787556690793281,2.2256206539023,1.33911023145811,1,2.44841346045556
306,405,3,1,1707.68278762576,0.198423120156804,3,0.469131264520911,1.99980918940309,1.02912495489363,1,-6.25934772656071
307,29,1,1,1710.72902612554,0.198935557818913,2,0.889354729482875,2.39353719826249,1.44102123470293,0,6.25934772656071
308,317,2,5,1713.74817244713,0.198380392630497,3,0.640800222183316,2.02253994072635,1.20249745317597,1,-2.44841346045556
309,58,1,2,1716.6456076542,0.198231138943811,2,1.11661688129425,2.62109522355968,1.66773700095473,1,-6.25934772656071
310,123,1,1,1719.66490820459,0.198276207702293,NaN,NaN,NaN,NaN,0,6.25934772656071
311,68,1,2,1722.84412383842,0.199089201320021,2,1.05778956459289,2.44645670282262,1.60981252273632,1,-6.25934772656071
312,81,1,1,1725.74813235349,0.198369564421228,2,1.03211090660989,2.43025331277204,1.59472209695014,0,6.25934772656071
313,271,2,7,1728.66184791869,0.198331226709342,3,0.606786184727753,2.0286221748247,1.15826158669552,1,-2.44841346045556
314,251,2,3,1731.5988122333,0.198311326219482,3,0.503888058563462,2.26781730529183,1.06493588968806,1,2.44841346045556
315,193,1,1,1734.8782318179,0.198335323870197,1,1.04779805449289,2.65211482232371,1.59885291224782,1,6.25934772656071
316,140,1,2,1737.99759964952,0.19834498146156,1,1.10863297962169,2.55684238898357,1.68695707142069,0,-6.25934772656071
317,79,1,1,1740.96146064927,0.198317179303558,1,0.913255220000792,2.58507328502492,1.46492874892283,1,6.25934772656071
318,328,2,8,1744.14784543522,0.198414340527961,3,0.521353081254347,2.102572987249,1.08369444433811,1,-2.44841346045556
319,398,2,6,1747.24467098488,0.198657243588968,3,0.994553996324612,2.38151027757885,1.54590794676369,1,-2.44841346045556
320,25,1,1,1750.14645327877,0.198322154426933,1,1.25538915557809,2.79187187829302,1.83863569252753,1,6.25934772656071
321,415,3,1,1753.19763324623,0.19833678714167,3,0.979057951695722,2.67691815132639,1.53992287388792,1,-6.25934772656071
322,196,1,2,1756.41097734534,0.198601346619398,2,1.08129438651122,2.53532088518659,1.63243265073652,1,-6.25934772656071
323,133,1,1,1759.39674937174,0.198572666498876,1,0.776666439371184,2.5417750828874,1.33807686916043,1,6.25934772656071
324,250,2,2,1762.67745048948,0.198580568165198,3,0.561564658599309,2.1327245733919,1.11296689699702,1,2.44841346045556
325,76,1,2,1765.76334188957,0.198410536022493,2,0.776369687921033,2.17480591899221,1.33808740471613,1,-6.25934772656071
326,112,1,2,1768.69365592811,0.198796839686111,2,0.874489062192879,2.62859448972995,1.42593929589202,1,-6.25934772656071
327,423,3,1,1771.96243431009,0.198371027692701,3,0.612267306916692,2.32808565171763,1.17465812857517,1,-6.25934772656071
328,186,1,2,1775.19395311854,0.198451800277326,2,1.01775943290522,2.48850936830422,1.56888277176404,1,-6.25934772656071
329,379,2,3,1778.17960398607,0.198332104673682,3,0.51828343041052,2.16663296264778,1.07994378696458,1,2.44841346045556
330,182,1,2,1781.34353194512,0.198729821851884,1,1.04791365293568,2.61883505448168,1.59963781105034,0,-6.25934772656071
331,108,1,2,1784.42927321356,0.198373661583901,1,0.666118915387415,2.36473855290023,1.22791740476532,0,-6.25934772656071
332,98,1,2,1787.64397756981,0.19840175639365,1,1.06570820435809,2.6703676703637,1.61687866055581,0,-6.25934772656071
333,340,2,4,1790.76392456426,0.198409950715359,3,0.641640725301841,2.02213051737453,1.20210266254071,1,2.44841346045556
334,22,1,2,1793.66056697086,0.19836839380514,1,0.93012264263416,2.30153722518662,1.48148215350193,0,-6.25934772656071
335,13,1,1,1796.54701096078,0.198370735039134,2,1.03586068602272,2.78296494499045,1.59387632605285,0,6.25934772656071
336,357,2,5,1799.81021018138,0.198278548938106,3,0.6215380095,2.35992819434432,1.17281791840287,1,-2.44841346045556
337,254,2,6,1803.06391803807,0.198311911526616,3,0.556815757443474,2.17028909268629,1.11770321401673,1,-2.44841346045556
338,107,1,1,1806.19339092965,0.198350541892069,1,0.952368758451485,2.64043528228285,1.50408033243184,1,6.25934772656071
339,178,1,2,1826.47830363526,0.198354639052923,2,0.700071202789331,2.33183133396778,1.26205201578705,1,-6.25934772656071
340,448,3,1,1829.64410399646,0.198316593996424,3,1.0152844555796,2.79776915488219,1.57681458097431,1,-6.25934772656071
341,180,1,2,1832.9426567332,0.198353175783268,1,0.531294547470679,2.31519657149693,1.09490837140584,0,-6.25934772656071
342,380,2,4,1836.24281614199,0.198303424551341,3,0.600324378016012,2.32707043398477,1.17354779820016,1,2.44841346045556
343,313,2,1,1839.48525183341,0.19831249683557,3,0.536167534046399,2.06052471158182,1.09080038314278,1,2.44841346045556
344,311,2,7,1842.52576923448,0.198387416334299,3,0.522742311166439,2.13994259878746,1.08639974059042,1,-2.44841346045556
345,384,2,8,1845.65901180597,0.198394147382714,3,0.534253282337886,2.03896282149253,1.08583521046603,1,-2.44841346045556
346,120,1,2,1848.67908350041,0.19837834405007,1,0.770247945494702,2.55492052826412,1.35139263933524,0,-6.25934772656071
347,263,2,7,1851.97914896718,0.198376588125029,3,0.482485665061176,2.26268385639924,1.04278078935204,1,-2.44841346045556
348,382,2,6,1855.2754725562,0.19834498146156,3,0.501542434432849,2.10206786594426,1.06471932551358,1,-2.44841346045556
349,83,1,1,1858.3919741317,0.198262160296508,2,1.2719943599659,2.80975510396456,1.82291547470959,0,6.25934772656071
350,314,2,2,1861.44500133304,0.198271525236123,3,0.422194198949001,2.05291306616527,0.983148088045709,1,2.44841346045556
351,323,2,3,1864.5918701809,0.198361955410292,3,0.495132134876258,2.26607103714559,1.04674508435892,1,2.44841346045556
352,273,2,1,1867.87833863672,0.198361077447771,3,0.480466643117325,2.21925630106489,1.04951710579007,1,2.44841346045556
353,443,3,1,1871.13234763467,0.198419900960289,3,0.55085409691128,2.07730141138381,1.10850655296781,1,-6.25934772656071
354,209,2,1,1874.17492854114,0.198627978159493,3,0.534752843210299,1.93853030771788,1.08620512548987,1,2.44841346045556
355,55,1,1,1877.09416473686,0.198391220839767,1,0.858738993638326,2.41129780178562,1.44155884063184,1,6.25934772656071
356,115,1,1,1880.16209067542,0.198345274115127,1,0.515939269551382,2.29571603871409,1.07618288668891,1,6.25934772656071
357,164,1,2,1883.45793167751,0.198331226709342,1,0.820281586104102,2.40748393108515,1.37147691791688,0,-6.25934772656071
358,283,2,3,1886.56061558074,0.19834761535094,3,0.548578124500636,2.31295981476251,1.11044129047696,1,2.44841346045556
359,416,3,1,1889.84114081325,0.19836927176766,3,0.571471884262792,1.97618584249722,1.12250654887248,1,-6.25934772656071
360,381,2,5,1892.7614299791,0.198433070403553,3,0.736836775873599,2.2002680127971,1.29698615833149,1,-2.44841346045556
361,30,1,2,1895.74100212438,0.198281768134621,2,0.961477623213796,2.33261242826666,1.51303965085208,1,-6.25934772656071
362,279,2,7,1898.627579272,0.198305473131768,3,0.636529810790307,2.15017613398413,1.21372191579576,1,-2.44841346045556
363,173,1,1,1901.65736972275,0.19830342455316,1,1.14804736668157,2.73607880126474,1.69931586206803,1,6.25934772656071
364,197,1,1,1904.76068429597,0.198299327392306,1,1.18229406429782,2.71276332667003,1.74288476942274,1,6.25934772656071
365,130,1,2,1907.80731612312,0.198413169911873,2,0.528931071426996,2.25004762948629,1.08024961069714,1,-6.25934772656071
366,297,2,1,1911.04383961257,0.198324788314494,3,0.713145533174611,2.09359025648519,1.27485973811417,1,2.44841346045556
367,320,2,8,1913.94036027499,0.198402927011557,3,1.12577637524919,2.79727252055272,1.67694302694144,1,-2.44841346045556
368,102,1,2,1917.12724140262,0.198341469609659,2,1.02507666810743,2.65809609069402,1.60613619955075,1,-6.25934772656071
369,94,1,2,1920.27542075639,0.198274451779071,2,0.697631929286217,2.24624136779676,1.25998412057925,1,-6.25934772656071
370,150,1,2,1923.34020827035,0.198376002816076,2,0.872664362696014,2.49308823731553,1.42395656307963,1,-6.25934772656071
371,362,2,2,1926.47607829205,0.198325958932401,3,0.812924842573921,2.2774251456176,1.39120415826619,1,2.44841346045556
372,47,1,1,1929.45665102234,0.198354639054742,1,1.1834046873264,2.70480576388582,1.73462548006319,1,6.25934772656071
373,280,2,8,1932.49371539546,0.198395903307755,3,0.508094086013443,2.17136869436035,1.06880273081515,1,-2.44841346045556
374,445,3,1,1935.67313939914,0.198919754486269,3,0.674044286204662,2.31199698214914,1.22648281343754,1,-6.25934772656071
375,6,1,2,1938.84305418699,0.198337372450624,1,1.00182587011295,2.3821655305328,1.5619038449222,0,-6.25934772656071
376,373,2,5,1941.73968196088,0.198273866470117,3,0.578518706901377,2.34976694475699,1.12963677798143,1,-2.44841346045556
377,153,1,1,1945.02625811347,0.198321569117979,1,1.12800962013171,2.77508083843168,1.6888572757216,1,6.25934772656071
378,274,2,2,1948.18948136099,0.198603687853392,3,0.739809850801976,2.24369351955102,1.29141987374169,1,2.44841346045556
379,86,1,2,1951.20961978062,0.198383319175264,2,1.14723437306566,2.92746095187067,1.7051551931072,1,-6.25934772656071
380,339,2,3,1954.50594805211,0.198379514667977,3,0.608976994739351,2.1593142641741,1.17248253658727,1,2.44841346045556
381,49,1,1,1957.57235628553,0.219479010980649,1,1.08511528091549,2.66894566317023,1.66632435869906,1,6.25934772656071
382,345,2,1,1960.67235596361,0.198245771658549,3,0.878868633633829,2.63289972698294,1.43000660520738,1,2.44841346045556
383,60,1,2,1963.94171643497,0.198297278811879,1,1.12239241369934,2.80347913272453,1.68394975594128,0,-6.25934772656071
384,70,1,2,1967.13883021983,0.198340884300706,1,1.36471514055847,2.83823036633476,1.93524818986043,0,-6.25934772656071
385,240,2,8,1970.12763502264,0.198448581080811,3,0.6986603164587,2.39363845664593,1.25758962318287,1,-2.44841346045556
386,330,2,2,1973.33867739576,0.198413755219008,3,0.847400395843579,2.50224685330795,1.3989422303348,1,2.44841346045556
387,321,2,1,1976.50917983343,0.198384782444919,3,0.605360373028816,2.25186413466145,1.18153169987272,1,2.44841346045556
388,9,1,1,1979.67178060527,0.198167340307918,2,0.587720050418284,2.02506876644293,1.13899352092631,0,6.25934772656071
389,234,2,2,1982.62439431537,0.198296986158311,3,1.04994789290322,2.46459131852862,1.61168404691671,1,2.44841346045556
390,101,1,1,1985.55514909126,0.198349956584934,1,1.05337458197937,2.75792515132525,1.60459244817321,1,6.25934772656071
391,342,2,6,1988.77482974105,0.198402341702604,3,0.945314326803782,2.36200428387383,1.52594072989632,1,-2.44841346045556
392,396,2,4,1991.70707090809,0.198349663929548,3,0.636290126927634,2.31781582738768,1.1981778758618,1,2.44841346045556
393,302,2,6,1994.90483262955,0.198378636705456,3,0.608464557077241,2.27997123793648,1.15975412357147,1,-2.44841346045556
394,276,2,4,1998.10925077283,0.198433948366073,3,0.565743176544856,2.01149604580132,1.12545094367852,1,2.44841346045556
395,389,2,5,2001.07122971284,0.198259819062514,NaN,NaN,NaN,NaN,0,-2.44841346045556
396,309,2,5,2004.32474441769,0.198224407895395,3,0.548763082013465,2.2123151266278,1.10989227102982,1,-2.44841346045556
397,44,1,2,2007.50437474265,0.198330056093255,1,0.849230363117385,2.53630625217738,1.40030073154776,0,-6.25934772656071
398,325,2,5,2010.70664216955,0.198447995770039,3,0.544715965843352,1.96603922562645,1.1296127803289,1,-2.44841346045556
399,354,2,2,2013.64314994347,0.198366052569327,3,0.573549729719161,2.1018050623934,1.13197391513677,1,2.44841346045556
400,428,3,1,2016.68759739901,0.198378636705456,3,0.567262052309161,2.33717227475063,1.1180599595973,1,-6.25934772656071
401,230,2,6,2019.97257097671,0.216719573683804,3,0.566458716284615,2.34836220416582,1.14484953326064,1,-2.44841346045556
402,142,1,2,2023.27069877943,0.198340884302525,1,1.00295083320088,2.47414765169924,1.55456963577126,0,-6.25934772656071
403,411,3,1,2026.25735491444,0.198401463740083,3,0.689185048526269,2.43955064689726,1.27036778742513,1,-6.25934772656071
404,215,2,7,2029.52325767537,0.19834585942408,3,0.333934640346342,1.98160170277879,0.895820340701903,1,-2.44841346045556
405,221,2,5,2032.68711042227,0.198335323870197,3,0.521756651520263,2.00970822074669,1.07341145056671,1,-2.44841346045556
406,15,1,1,2035.69076333311,0.198403804974078,1,0.863207824639176,2.50987488736428,1.4234338825172,1,6.25934772656071
407,387,2,3,2038.86959851636,0.198314838069564,3,0.428049918627949,1.88315982348286,0.979321633209111,1,2.44841346045556
408,4,1,2,2041.84001585016,0.19828996245451,2,1.33009413810578,2.96070355261691,1.89167635596277,1,-6.25934772656071
409,7,1,1,2044.98677027019,0.198429265898085,1,1.02250979733435,2.49373529595141,1.57347042040601,1,6.25934772656071
410,191,1,1,2047.97346591353,0.198447703116472,1,0.577682886249022,2.09128765253627,1.1384673285138,1,6.25934772656071
411,435,3,1,2051.00324260953,0.198330934055775,3,0.602657418010494,2.15729758346606,1.15442957142841,1,-6.25934772656071
412,52,1,2,2054.07374536911,0.198338250413144,1,0.971139019275142,2.55090414079496,1.53108237311062,0,-6.25934772656071
413,195,1,1,2057.16954721406,0.218207428093592,2,1.04259349060703,2.74305304563859,1.62344260361715,0,6.25934772656071
414,41,1,1,2060.38611753406,0.19830605844254,2,0.955406509978275,2.51037122903836,1.50697585397393,0,6.25934772656071
415,366,2,6,2063.45669053067,0.198217676845161,3,0.571885112120071,2.35183688854704,1.13285187800648,1,-2.44841346045556
416,151,1,1,2066.75273346423,0.198398829850703,2,1.41627438797877,2.88766699219559,1.9677421809356,0,6.25934772656071
417,91,1,1,2069.73942559572,0.198404975591984,2,0.992109162392808,2.78913058556282,1.55203232308122,0,6.25934772656071
418,247,2,7,2073.05319577021,0.198352883127882,3,0.750053336245401,2.48324627355942,1.31298937284373,1,-2.44841346045556
419,145,1,1,2076.3025070815,0.198457360709654,1,1.03918582406004,2.79377178994037,1.59099016945038,1,6.25934772656071
420,206,2,6,2079.57269137469,0.198275915048725,3,0.489807875386759,2.21985916890299,1.06662567555577,1,-2.44841346045556
421,350,2,6,2082.81896961692,0.198351419856408,3,0.758833550238705,2.21334878157722,1.30995220662771,1,-2.44841346045556
422,2,1,2,2085.78905244687,0.198292011034937,1,0.961716721767516,2.6752907008231,1.52233552170401,0,-6.25934772656071
423,358,2,6,2089.01878401557,0.198457360707835,3,0.843033701190507,2.61354825474154,1.42675199685254,1,-2.44841346045556
424,376,2,8,2092.3050417603,0.198359028867344,3,0.93626691944155,2.36702593882728,1.49634343097932,1,-2.44841346045556
425,14,1,2,2095.25199202458,0.198319227883985,1,0.778910805118358,2.50026207191695,1.33023636809048,0,-6.25934772656071
426,349,2,5,2098.4892187623,0.215835465076452,3,0.50696297718423,1.90329092675165,1.08343837183565,1,-2.44841346045556
427,440,3,1,2101.40172742121,0.198307521712195,3,0.569798194381292,2.27029491650683,1.13332831918888,1,-6.25934772656071
428,33,1,1,2104.61841187638,0.198360199485251,2,1.00791600587763,2.44574643086162,1.55957695066536,0,6.25934772656071
429,285,2,5,2107.58907328385,0.198351419856408,3,0.53750554945691,2.06715040469862,1.09713517789532,1,-2.44841346045556
430,239,2,7,2110.63478734715,0.198297864120832,3,0.753111280915618,2.14119925630803,1.30486324118647,1,-2.44841346045556
431,168,1,2,2113.53855061792,0.198355517015443,2,1.10688027308242,2.85359061937743,1.66726904674579,1,-6.25934772656071
432,287,2,7,2116.80186602228,0.198320105846506,3,0.46556205280649,1.90240711079787,1.04933770870957,1,-2.44841346045556
433,374,2,6,2119.75437964461,0.19831249683557,3,0.661286607759394,2.34190771381145,1.22192238164462,1,-2.44841346045556
434,326,2,6,2122.95110566254,0.198694410684766,3,0.66387630556892,2.40108797158791,1.2154485761057,1,-2.44841346045556
435,77,1,1,2126.20372133342,0.198406731517025,1,1.03179659590387,2.51636039907498,1.61393485105873,1,6.25934772656071
436,295,2,7,2129.2038462968,0.198375417507123,3,0.718220743861821,2.33243566507736,1.27908303216827,1,-2.44841346045556
437,106,1,2,2132.33430338475,0.198376002816076,NaN,NaN,NaN,NaN,0,-6.25934772656071
438,369,2,1,2135.32137040639,0.198355224361876,3,0.897310243690299,2.51054799222948,1.45831125012774,1,2.44841346045556
439,183,1,1,2138.45058107973,0.198262452951894,1,1.01986244663021,2.77354118421317,1.5707384926136,1,6.25934772656071
440,409,3,1,2141.73644549709,0.198277963630971,3,0.546210258644351,1.92750192347012,1.10735349506831,1,-6.25934772656071
441,322,2,2,2144.63389211768,0.198774890612185,3,0.787159851577599,2.17433386762241,1.33886176796477,1,2.44841346045556
442,82,1,2,2147.53681371472,0.198417852379862,2,0.906441057524717,2.5749524217299,1.48875080809194,1,-6.25934772656071
443,51,1,1,2150.72083004951,0.198328885475348,2,0.766323158817613,2.26303650481896,1.32735050413976,0,6.25934772656071
444,422,3,1,2153.73350637006,0.198386538369959,3,0.587064797464336,2.2585665032002,1.1384336732699,1,-6.25934772656071
445,162,1,2,2156.92069741858,0.198359906829864,1,0.627699845566895,2.343143592876,1.20685156369655,0,-6.25934772656071
446,61,1,1,2160.15185333572,0.198476383238813,2,1.10536022670203,2.70391609484432,1.6670238024526,0,6.25934772656071
447,289,2,1,2163.2667025851,0.198320983810845,3,1.20010119985454,2.82128187846683,1.75177736266414,1,2.44841346045556
448,204,2,4,2166.40349271188,0.198266842766316,3,0.449724773272465,1.93243256294045,1.02940473239505,1,2.44841346045556
449,12,1,2,2169.40169259535,0.198415511145868,2,0.499089991486471,2.01428943099563,1.06212026276808,1,-6.25934772656071
450,245,2,5,2172.43317722178,0.198328592821781,3,0.473817830314147,2.11076994124232,1.02497453175965,1,-2.44841346045556
