PresOrder,TrialNumber,Illusory_Fragmented,Fat_Thin,StimPresTime,StimPresLength,Response,RespScreenOnset_to_Resp,ExpStartOnset_to_Resp,StimOnset_to_Resp,Accuracy,StepLevel
1,105,1,1,244.083980881434,0.198244245199021,NaN,NaN,NaN,NaN,0,6.75
2,142,1,2,247.31074670353,0.198217613622546,2,0.88645627500955,2.466763457458,1.44572594843339,1,-6.75
3,307,2,3,250.407618747675,0.198289314110298,3,0.486568303371314,1.96990042709513,1.04835129843559,1,5.81464681053937
4,391,2,7,253.407242685964,0.198398767097387,3,0.597754106507637,2.18605896644294,1.14935709536076,1,-5.81464681053937
5,240,2,8,256.516453360149,0.198255366121884,3,0.587277055368759,2.04482948745135,1.13885048602242,1,-5.81464681053937
6,67,1,1,259.491485493665,0.198252732225228,2,0.964030644507147,2.62984724575654,1.52604337380035,0,6.75
7,12,1,2,262.673478018085,0.19825126894284,2,1.07779590936843,2.61583872599294,1.62823881354416,1,-6.75
8,75,1,1,265.727054672607,0.198250976274721,1,1.38735706725856,3.03417420940241,1.94747105054557,1,6.75
9,189,1,1,268.889618705551,0.198320920870174,1,0.681340781564359,2.21553372091148,1.24490663129836,1,6.75
10,101,1,1,271.939152623119,0.19854304601904,1,0.591858277679421,2.02998455951456,1.14352711389074,1,6.75
11,264,2,8,274.892129393353,0.198365404445212,3,0.499561310047284,1.98114774626447,1.06144907569978,1,-5.81464681053937
12,15,1,1,277.889197867597,0.19886204006616,1,1.01321191265015,2.58377573022153,1.56464545422932,1,6.75
13,430,3,1,280.974155924283,0.198211760551203,3,1.35055305954302,2.98763795755804,1.90141650906298,1,-6.75
14,409,3,1,284.125761195784,0.198229027155321,3,0.820368616608903,2.25136669917265,1.38250338309444,1,-6.75
15,376,2,8,287.073438275547,0.198381793103181,3,0.793345726269763,2.44755211600568,1.34385096596088,1,-5.81464681053937
16,149,1,1,290.242678355658,0.198389109515119,1,1.23703947797185,2.95117342978483,1.79851606325246,1,6.75
17,192,1,2,293.472615388047,0.198402278940193,2,0.627157453098334,2.04873584717279,1.17866210982902,1,-6.75
18,58,1,2,296.409137627459,0.198342577321455,2,0.810782114800531,2.2247432830045,1.37159056856763,1,-6.75
19,62,1,2,299.3383077865,0.198622355586849,2,1.00934710999718,2.44688515510643,1.56051696930081,1,-6.75
20,393,2,1,302.291711247759,0.19821556500392,NaN,NaN,NaN,NaN,0,5.81464681053937
21,125,1,1,305.438977322716,0.198358380701393,1,0.856025416520424,2.59397534443997,1.40767142560799,1,6.75
22,301,2,5,308.692406069429,0.198423642781563,1,1.2148190572625,2.82841897197068,1.77516248205211,0,-5.81464681053937
23,133,1,1,311.82100367808,0.198930521321017,NaN,NaN,NaN,NaN,0,6.75
24,230,2,6,314.924310621747,0.198354868858587,3,0.735414657101501,2.51688795286464,1.29788451362401,1,-5.81464681053937
25,384,2,8,318.220880236186,0.19857114093611,3,0.473377754446119,2.06029133225093,1.02396727883024,1,-5.81464681053937
26,61,1,1,321.32232560101,0.19815586344339,2,1.15279608499259,2.62266549054766,1.7037666462129,0,6.75
27,201,2,1,324.307015351485,0.198241611360572,3,0.662121245812159,2.09410996572115,1.22386034269584,1,5.81464681053937
28,327,2,7,327.254980696482,0.198357795423362,3,0.599018961715046,2.17020876839524,1.1501267781714,1,-5.81464681053937
29,312,2,8,330.341407588858,0.198397889151238,3,0.512811560591217,2.04353536682902,1.0731915673241,1,-5.81464681053937
30,106,1,2,333.387399502215,0.198282875702716,1,1.22789312939858,2.74952209432377,1.77921019424684,0,-6.75
31,270,2,6,336.423626101518,0.198325603327248,3,0.692300128284842,2.25720516761066,1.25385309651028,1,-5.81464681053937
32,7,1,1,339.503556636919,0.198623233532999,3,0.663904393091798,2.18523748376174,1.21516468282789,0,6.75
33,293,2,5,342.53916192957,0.198222881415859,3,0.691444404888898,2.35751707933377,1.25402108050184,1,-5.81464681053937
34,24,1,2,345.719600748271,0.198820483055897,2,0.723200405482203,2.14523387816735,1.27508024597773,1,-6.75
35,437,3,1,348.656654156628,0.198363941162825,3,0.890346246073022,2.67199689080007,1.45193316228688,1,-6.75
36,259,2,3,351.953814934299,0.198550362430979,3,0.653828864684328,2.37499502487481,1.20532327849651,1,5.81464681053937
37,86,1,2,355.189100237854,0.198338187532499,1,1.25472198938951,3.00366755324649,1.81704932288267,0,-6.75
38,290,2,2,358.454094419896,0.198235172952991,3,0.804636358574498,2.44273033121135,1.35550185665488,1,5.81464681053937
39,172,1,2,361.606699401105,0.198218198900577,2,1.15642617834965,2.55433404585347,1.71772570727626,1,-6.75
40,129,1,1,364.51934654807,0.199001343862619,1,0.909723815566394,2.51338545716135,1.46090186928632,1,6.75
41,242,2,2,367.639554906753,0.198364819108974,3,0.676474220585078,2.44126500736456,1.23746880295221,1,5.81464681053937
42,447,3,1,370.919868410565,0.198232831666246,3,0.767856641148683,2.28894214559114,1.31870340928435,1,-6.75
43,260,2,4,373.955903613474,0.198276729963254,1,1.24974656070117,2.76476181385806,1.8114780485048,0,5.81464681053937
44,117,1,1,376.986570059264,0.198146791080944,2,1.3673625808442,3.02198190690251,1.91842679172987,0,6.75
45,213,2,5,380.156514852832,0.1984192529344,3,0.63993974821642,2.40413264062954,1.20067825732986,1,-5.81464681053937
46,47,1,1,383.43556086754,0.198887208418455,1,1.03612387739122,2.7732733936864,1.58691562636523,1,6.75
47,151,1,1,386.68739318091,0.198329407838173,1,0.802722394408192,2.47357237007236,1.35342400567606,1,6.75
48,41,1,1,389.872739239654,0.198322969430592,1,1.00966698199045,2.62412379076704,1.57045143801952,1,6.75
49,419,3,1,393.003542882157,0.198362185212318,3,0.982335925858933,2.63698715128703,1.53358275350183,1,-6.75
50,210,2,2,396.173744626867,0.198319164919667,3,0.698355454136617,2.19489861256443,1.25881886755815,1,5.81464681053937
51,378,2,2,399.185236313089,0.198651913728099,3,0.551068893342745,2.25562541559339,1.10221446229843,1,5.81464681053937
52,145,1,1,402.404245020181,0.198216735618189,1,1.42105659010122,3.12451770441839,1.97177137079416,1,6.75
53,392,2,8,405.622234702343,0.19830219092546,3,0.676552652206738,2.07456177828135,1.23845417256234,1,-5.81464681053937
54,344,2,8,408.535128850141,0.198682935209945,3,0.632530307339039,2.33743362582754,1.1840934951324,1,-5.81464681053937
55,108,1,2,411.754318418039,0.198290777392685,2,1.4054589534062,2.85449365992099,1.96739793359302,1,-6.75
56,22,1,2,414.718630011426,0.19826590170851,2,0.622678952699061,2.19401801348431,1.17365478177089,1,-6.75
57,436,3,1,417.804854971822,0.198264731094241,3,1.00978638522793,2.70793610287365,1.57111664291006,1,-6.75
58,400,2,8,421.018464485707,0.198225515312515,3,0.749333331768867,2.25418789393734,1.30019268410979,1,-5.81464681053937
59,221,2,5,424.037787621375,0.198241318692453,3,0.871752699429635,2.58693816082086,1.43320177512942,1,-5.81464681053937
60,394,2,2,427.269017018436,0.198452030308545,3,0.901563421881292,2.33948894235073,1.45296301541384,1,5.81464681053937
61,263,2,7,430.22235990013,0.198347259836737,3,0.641964335925877,2.12239917449187,1.20189219055464,1,-5.81464681053937
62,281,2,1,433.218182834506,0.198356039472856,3,1.24294174526585,2.61445300426567,1.79421227792045,1,5.81464681053937
63,26,1,2,436.104191932536,0.198365404387005,2,1.02552654501051,2.64053822780261,1.58676959149307,1,-6.75
64,113,1,1,439.234364903416,0.198324725381099,1,0.724712846858893,2.26243696204619,1.2754893777892,1,6.75
65,197,1,1,442.286532716476,0.198225807980634,1,0.610413193877321,2.11392505455296,1.16076010715915,1,6.75
66,127,1,1,445.304551195877,0.19826443848433,1,1.14866584411357,2.87993709091097,1.7097347608651,1,6.75
67,331,2,3,448.550902372575,0.19825068366481,3,0.803362138394732,2.24152646539733,1.35432509059319,1,5.81464681053937
68,288,2,8,451.503615460591,0.198334675631486,3,0.520512193150353,1.9691108437255,1.08307628461625,1,-5.81464681053937
69,191,1,1,454.467894569272,0.198270291497465,NaN,NaN,NaN,NaN,0,6.75
70,94,1,2,457.570529576857,0.198244245199021,2,0.572698736155871,2.25411355955293,1.13419375871308,1,-6.75
71,84,1,2,460.767335715122,0.198159082618076,2,0.598143337760121,2.36938336410094,1.14890699187526,1,-6.75
72,43,1,1,464.053123039193,0.198215272394009,1,0.820824865833856,2.41955819621217,1.38245655829087,1,6.75
73,253,2,5,467.167163399863,0.198284631595016,3,0.738685370073654,2.19336275878595,1.28978001698852,1,-5.81464681053937
74,427,3,1,470.13647617551,0.198336431581993,3,0.792134719609749,2.22404091083445,1.35430957988137,1,-6.75
75,308,2,4,473.084032096027,0.19862294086488,3,0.991259856615216,2.41241946135415,1.54285962623544,1,5.81464681053937
76,54,1,2,476.020802214334,0.19835925870575,NaN,NaN,NaN,NaN,0,-6.75
77,353,2,1,479.251469713694,0.198241318634246,1,0.923738481127657,2.46102829620941,1.47487351443851,0,5.81464681053937
78,414,3,1,482.303693716589,0.198225807980634,3,0.596208595205098,2.16067289590137,1.15645837038755,1,-6.75
79,52,1,2,485.383713219082,0.198585773643572,NaN,NaN,NaN,NaN,0,-6.75
80,60,1,2,488.536542666727,0.198330871120561,2,0.73523262568051,2.19992115872446,1.29517803958151,1,-6.75
81,366,2,6,491.516354150081,0.198296337854117,3,0.478009313461371,1.91623480536509,1.02912151976489,1,-5.81464681053937
82,187,1,1,494.469042362412,0.198334675631486,1,0.874002631520852,2.53943029424408,1.43563754321076,1,6.75
83,309,2,5,497.649876558105,0.198131865647156,3,0.75441557954764,2.35847669525538,1.30484004644677,1,-5.81464681053937
84,429,3,1,500.768410051882,0.198210004542489,3,0.598651094303932,2.04774228326278,1.16028512793127,1,-6.75
85,196,1,2,503.733133996197,0.198295752517879,2,0.601345276809298,2.13922127999831,1.15223535784753,1,-6.75
86,398,2,6,506.785992475227,0.198214687057771,3,0.714227894030046,2.26228156225989,1.27496611053357,1,-5.81464681053937
87,164,1,2,509.849622709095,0.198353990912437,2,0.890171823615674,2.47869558958337,1.44122901081573,1,-6.75
88,418,3,1,512.952740597539,0.198317994305398,3,0.813109307840932,2.52764302643482,1.37364968954353,1,-6.75
89,89,1,1,516.182736160932,0.198437690210994,1,0.651660875999369,2.28973465546733,1.20278976362897,1,6.75
90,226,2,2,519.335655453673,0.198370964848436,3,0.568721846560948,2.21670199988876,1.12932749034371,1,5.81464681053937
91,19,1,1,522.499162128544,0.198172252101358,2,1.19428345159395,2.96523199352669,1.74501608434366,0,6.75
92,449,3,1,525.78448764293,0.19840491283685,3,0.612578548665624,2.3117142211413,1.17501445714151,1,-6.75
93,139,1,1,528.999033653003,0.198468126356602,1,0.547491185250692,2.18531269603409,1.09891887364211,1,6.75
94,268,2,4,532.15128305828,0.19828726554988,3,0.577665677876212,2.19317341101123,1.1390035446384,1,5.81464681053937
95,194,1,2,535.281693079742,0.198243074584752,2,1.32694603910204,2.98265111539513,1.87826778640738,1,-6.75
96,186,1,2,538.452141240006,0.198345796554349,2,0.690973815566394,2.37194643710973,1.25102341477759,1,-6.75
97,55,1,1,541.64879549027,0.198226685926784,NaN,NaN,NaN,NaN,0,6.75
98,116,1,2,544.584976201295,0.198222296137828,2,0.95390360878082,2.7353692955221,1.51602637639735,1,-6.75
99,70,1,2,547.881877393927,0.198336724191904,2,0.485919194412418,1.9745191091788,1.03754618094536,1,-6.75
100,411,3,1,550.885017582681,0.1983668677276,3,0.529146395449061,2.02703664510045,1.09024194383528,1,-6.75
101,202,2,2,553.898960547755,0.198392913967837,3,1.17113092448562,2.90937292214949,1.72235931485193,1,5.81464681053937
102,159,1,1,557.151675508765,0.198298386414535,1,0.736777259095106,2.38436496187933,1.29654649464646,1,6.75
103,115,1,1,560.314505272487,0.198196542449296,1,0.681362438073847,2.08585211785976,1.23218081868254,1,6.75
104,333,2,5,563.233491913357,0.198234587616753,3,0.46429052221356,2.04673613514751,1.02607615117449,1,-5.81464681053937
105,21,1,1,566.331488630909,0.198329407896381,1,1.21737627714174,2.97250681300648,1.76865266292589,1,6.75
106,297,2,1,569.601757042459,0.198307166050654,3,0.593642010295298,1.97431015345501,1.15472643770045,1,5.81464681053937
107,25,1,1,572.497600813804,0.19835252763005,1,1.35440527810715,2.72666778264102,1.90587159700226,1,6.75
108,399,2,7,575.384889107139,0.198363355826586,3,0.675200000463519,2.43929163424764,1.23560927272774,1,-5.81464681053937
109,370,2,2,578.664449316799,0.198211175214965,3,0.820194779487792,2.39165470685111,1.37097921210807,1,5.81464681053937
110,205,2,5,581.750419960008,0.198212931107264,3,1.29695650440408,2.96190684672911,1.85816706623882,1,-5.81464681053937
111,346,2,2,584.930979645229,0.198634354397655,3,0.66761964908801,2.20517256116727,1.21905494655948,1,5.81464681053937
112,342,2,6,587.983294078498,0.198303361539729,3,0.750995027192403,2.43291087599937,1.31310784455854,1,-5.81464681053937
113,265,2,1,591.180826001335,0.198286680213641,3,0.524949721875601,2.14716335304547,1.07663728803163,1,5.81464681053937
114,299,2,3,668.071193318581,0.198363648494706,3,0.598825516761281,2.84066161111696,1.15343290235614,1,5.81464681053937
115,150,1,2,671.830573498562,0.19831740896916,1,1.34339471673593,3.00915132369846,1.90533457492711,0,-6.75
116,386,2,2,675.012371407356,0.19825126894284,3,0.378917187976185,1.8835297243786,0.930251226818655,1,5.81464681053937
117,381,2,5,678.031922521302,0.198349308397155,3,0.402516014059074,1.99993824982084,0.963428945688065,1,-5.81464681053937
118,100,1,2,681.145008533786,0.198219662182964,2,0.657918719167355,2.07879766769474,1.20882957876893,1,-6.75
119,266,2,2,684.080386491958,0.198230783105828,3,0.753729888761882,2.31929866969585,1.31622784020146,1,5.81464681053937
120,83,1,1,687.161607050861,0.198371257516555,1,0.775435529241804,2.24630084005184,1.32652081130072,1,6.75
121,364,2,4,690.147186472779,0.198337602196261,3,0.445919100777246,2.044545319397,1.00842641713098,1,5.81464681053937
122,50,1,2,693.261452763109,0.198364526440855,2,1.19873736903537,2.58631714677904,1.74993385991547,1,-6.75
123,252,2,4,696.164178610896,0.198350479011424,3,1.37883582990617,2.84358903969405,1.94055766006932,1,5.81464681053937
124,422,3,1,699.14429123624,0.198411936580669,3,0.632845789485145,2.10330811428139,1.18341453536414,1,-6.75
125,42,1,2,702.129545225704,0.198242196638603,2,0.874149544397369,2.29427402815782,1.42454152659047,1,-6.75
126,177,1,1,705.064293682866,0.198210882546846,1,0.44608269497985,2.12721393554239,1.00771760661155,1,6.75
127,183,1,1,708.261020804232,0.198502366954926,1,0.456811136798933,2.01079897175077,1.00792685494525,1,6.75
128,122,1,2,711.330074814323,0.198303654207848,2,0.550914664112497,2.14939367724583,1.11320541572059,1,-6.75
129,387,2,3,714.444633467065,0.198406083509326,3,0.461861485149711,1.89900181215489,1.01307641342282,1,5.81464681053937
130,227,2,3,717.396443128935,0.198236343509052,3,0.531755415315274,1.94692232232774,1.09356094483519,1,5.81464681053937
131,9,1,1,720.326676796423,0.1986958119669,1,0.563821922929492,2.00070529867662,1.11453231377527,1,6.75
132,228,2,4,723.278273405391,0.198520511621609,3,0.892679877521005,2.32922348077409,1.44402913440717,1,5.81464681053937
133,251,2,3,726.229778705921,0.198398474487476,3,0.579264452506322,2.17768669052748,1.14186951564625,1,5.81464681053937
134,294,2,6,729.343744439539,0.198311555897817,3,1.15081393223954,2.87201725965133,1.70201071584597,1,-5.81464681053937
135,302,2,6,732.579620906326,0.19829399662558,3,0.470832533435896,2.03587629122194,1.03236823499901,1,-5.81464681053937
136,324,2,4,735.660366778728,0.198684691102244,3,0.576627630391158,2.34725776355481,1.12787943315925,1,5.81464681053937
137,315,2,3,738.946029724379,0.198514365823939,3,0.330668611451983,1.84568415727699,0.892863664834294,1,5.81464681053937
138,375,2,7,741.976508285617,0.198778340709396,3,0.523256127082277,1.91091023921035,1.07473941991339,1,-5.81464681053937
139,158,1,2,744.878734571219,0.198327944555786,2,0.631060300976969,2.20087697013514,1.18188336404273,1,-6.75
140,352,2,8,747.963111414923,0.198388231510762,3,0.348571199458092,1.99632747168653,0.909862241416704,1,-5.81464681053937
141,207,2,7,751.126465323847,0.198960079520475,3,0.370168264955282,2.04117188451346,0.92194040841423,1,-5.81464681053937
142,199,1,1,754.312150569865,0.19830306887161,1,1.01492511545075,2.75120017840527,1.56538938340964,1,6.75
143,155,1,1,757.563257683942,0.198350479011424,1,0.511767659976613,2.29236913635395,1.07288427947788,1,6.75
144,431,3,1,760.859184627887,0.198472516203765,3,0.500583554152399,2.18819037324283,1.05163313233061,1,-6.75
145,14,1,2,764.06133055035,0.198275266680866,2,0.855997906939592,2.42606069904286,1.40699012466939,1,-6.75
146,166,1,2,767.146389280388,0.198396133200731,2,0.895700370369013,2.49296398705337,1.45750326605048,1,-6.75
147,64,1,2,770.259339793585,0.198629964608699,2,0.519767093355767,2.15604075160809,1.07032413309207,1,-6.75
148,218,2,2,773.410259666969,0.198343747935724,3,1.1142004429712,2.68509730196092,1.66574285220122,1,5.81464681053937
149,444,3,1,776.495671046316,0.198341699317098,3,0.403280429076403,2.16761408868479,0.964677997457329,1,-6.75
150,124,1,2,779.775395142846,0.198736198421102,2,0.812238659069408,2.40006356470985,1.36383228295017,1,-6.75
151,66,1,2,782.877752128174,0.198220247519203,2,0.270563407859299,1.76944253896363,0.832524922501761,1,-6.75
152,79,1,1,785.892132319859,0.198886330472305,1,0.603225585538894,2.09098909219028,1.15503372560488,1,6.75
153,383,2,7,788.894982487487,0.198303361539729,3,0.38145977514796,1.89624207490124,0.943323835730553,1,-5.81464681053937
154,126,1,2,791.926533044258,0.198314775072504,2,0.479005511268042,2.12885894963983,1.04211159987608,1,-6.75
155,363,2,3,795.09197475441,0.198650743055623,3,0.679207033535931,2.28332199779106,1.23054487688933,1,5.81464681053937
156,144,1,2,798.210984397971,0.198277315241285,2,0.563850017788354,2.21224135142984,1.12576119578443,1,-6.75
157,377,2,1,801.374959028268,0.199043778819032,3,0.802012998552527,2.48859932948835,1.35309213481378,1,5.81464681053937
158,358,2,6,804.57678624941,0.198245708539616,3,0.855377770902123,2.25465819059173,1.41804399894318,1,-5.81464681053937
159,345,2,1,807.491599336499,0.198402278998401,3,0.732606631761882,2.40357805928215,1.28380956116598,1,5.81464681053937
160,203,2,3,810.677540948265,0.198366575059481,3,0.495156851422507,2.19350528187351,1.05733815004351,1,5.81464681053937
161,319,2,7,813.891462432453,0.198867015191354,3,0.690130383649375,2.22800024115713,1.24210709304316,1,-5.81464681053937
162,80,1,2,816.944020354713,0.198335846245755,2,0.819029427017085,2.56724510918139,1.38082705490524,1,-6.75
163,72,1,2,820.207810553838,0.198645767988637,2,0.892352396505885,2.26333307189634,1.44378154823789,1,-6.75
164,432,3,1,823.093261851347,0.198238099517766,3,0.572915593569633,2.22604120819597,1.12335176672786,1,-6.75
165,6,1,2,826.261037485616,0.198247757100035,2,0.698274974012747,2.34610440995311,1.26025404804386,1,-6.75
166,306,2,2,829.424387882638,0.19868820294505,3,0.547010060341563,1.93460827536182,1.0984649657039,1,5.81464681053937
167,53,1,1,832.326662748994,0.198322384152561,1,0.537014426721726,1.95231536973733,1.09923698974308,1,6.75
168,65,1,1,835.257470898388,0.198766927176621,1,1.04105599311879,2.46197269408731,1.59257762384368,1,6.75
169,170,1,2,838.193198871973,0.198290484724566,1,1.37001462106127,2.90185432101134,1.93232322466793,0,-6.75
170,282,2,2,841.240694154403,0.198768097790889,3,0.45171981677413,1.82239788677543,1.00312467809999,1,5.81464681053937
171,206,2,6,844.126287974883,0.198219369573053,3,0.703269132645801,2.47281205223408,1.25345625623595,1,-5.81464681053937
172,373,2,5,847.410864877631,0.198377695924137,3,0.528740775480401,2.07611431338592,1.09049801697256,1,-5.81464681053937
173,241,2,1,850.473743573297,0.198412814526819,3,0.479875282093417,2.11755953775719,1.03113293799106,1,5.81464681053937
174,173,1,1,853.62639128213,0.198339065478649,1,0.781453102652449,2.50081153248902,1.33196419541491,1,6.75
175,368,2,8,856.86075560021,0.198345211218111,3,0.296179505297914,1.82657436718,0.856841338798404,1,-5.81464681053937
176,310,2,6,859.906702152046,0.198396718536969,3,0.616061143809929,2.0525874804589,1.16663193824934,1,-5.81464681053937
177,17,1,1,862.858510057966,0.198227271263022,1,0.59866836090805,2.26875948201632,1.14948293706402,1,6.75
178,318,2,6,866.043696619687,0.198225515312515,3,0.658106311049778,2.15551572846016,1.21905582450563,1,-5.81464681053937
179,355,2,3,869.057098172896,0.198783901170827,3,0.508115032163914,2.26176561135799,1.05963754089316,1,5.81464681053937
180,233,2,1,872.325351068983,0.198313311790116,3,0.542986345884856,2.04182977310847,1.10546234814683,1,5.81464681053937
181,390,2,6,875.340079227579,0.198266194318421,3,0.286420044256374,1.70700399647467,0.837316856428515,1,-5.81464681053937
182,367,2,7,878.275591221754,0.198267072322778,3,0.319345201831311,1.86765494325664,0.88137168600224,1,-5.81464681053937
183,190,1,2,881.33958434785,0.198345796496142,2,0.792539754300378,2.36336462013423,1.34368064074079,1,-6.75
184,118,1,2,884.425168393704,0.198284631653223,2,0.672504647343885,2.43784884485649,1.23521301778965,1,-6.75
185,123,1,1,887.706172270817,0.198871405038517,1,0.658803415368311,2.41301472170744,1.21048483578488,1,6.75
186,135,1,1,890.975202166126,0.198327066609636,1,1.19817108148709,2.879995036521,1.76047880708938,1,6.75
187,36,1,2,894.172588346701,0.198742344160564,1,1.4866894625593,3.09026799007552,2.0378841975471,0,-6.75
188,314,2,2,897.291396936227,0.198283753648866,3,0.529342766967602,2.21138796932064,1.09174472751329,1,5.81464681053937
189,247,2,7,900.489342965942,0.198676496802364,3,0.114703224389814,1.50172022648621,0.66597434238065,1,-5.81464681053937
190,76,1,2,903.391300008865,0.198260341247078,2,1.01230263343314,2.52771853137529,1.57443213206716,1,-6.75
191,369,2,1,906.422485039453,0.198243074584752,3,0.720174937509,2.20841195998946,1.27165062131826,1,5.81464681053937
192,424,3,1,909.425636641798,0.198338480200619,1,0.418445521674585,1.94926122156903,0.979709346720483,0,-6.75
193,350,2,6,912.473145678989,0.19830306887161,3,0.526631903136149,1.99763212789549,1.07748101250036,1,-5.81464681053937
194,229,2,5,915.459149743372,0.198340821370948,3,0.12943606544286,1.65996437805006,0.690434159594588,1,-5.81464681053937
195,402,3,1,918.505278034019,0.198257122072391,3,0.390807177813258,1.87788382294821,0.941429772181436,1,-6.75
196,219,2,3,921.506940022111,0.19821556500392,3,0.67356288805604,2.04382919240743,1.22409183281707,1,5.81464681053937
197,276,2,4,924.39184317668,0.198238099517766,3,0.140638315817341,1.65488710539648,0.702822833671235,1,5.81464681053937
198,180,1,2,927.422008011723,0.198319164919667,2,0.517567497969139,1.88902988360496,1.06918775342638,1,-6.75
199,5,1,1,930.308422437054,0.198361014598049,1,0.69357288518222,2.47443540982204,1.2548179802252,1,6.75
200,292,2,4,933.605338555062,0.198326481273398,3,0.460051706293598,1.8814249492134,1.01147002977086,1,5.81464681053937
201,107,1,1,936.541797288344,0.198253902839497,1,0.809975557436701,2.25722536077956,1.37070353102172,1,6.75
202,404,3,1,939.504673115967,0.198592212109361,3,0.516550521599129,1.88615659624338,1.06707244267454,1,-6.75
203,283,2,3,942.389665237744,0.198246586427558,3,0.493629777280148,2.08122758258833,1.04535597388167,1,5.81464681053937
204,388,2,4,945.492025734915,0.198209419264458,3,0.631228577636648,2.19476779573597,1.19177481246879,1,5.81464681053937
205,110,1,2,948.571592207416,0.198246586485766,2,1.01117532612989,2.71532622841187,1.56223573250463,1,-6.75
206,165,1,1,951.790538578935,0.198368916288018,1,0.373558381164912,1.88840272382367,0.935572573798709,1,6.75
207,286,2,6,954.820907101908,0.198830433306284,3,0.512289756617974,2.2337011617492,1.06434636079939,1,-5.81464681053937
208,434,3,1,958.057318542153,0.198370379570406,3,0.327533105155453,1.72529874229804,0.889238546660636,1,-6.75
209,232,2,8,960.970616553968,0.198312141175848,3,0.420792029937729,1.90828863513889,0.971788637514692,1,-5.81464681053937
210,249,2,1,963.973198356922,0.198211175214965,3,0.231660477991682,1.81773413572228,0.782453982916195,1,5.81464681053937
211,137,1,1,967.073989344994,0.198376525309868,1,0.637249077553861,2.08492879115511,1.19967152393656,1,6.75
212,30,1,2,970.037217529316,0.19903002405772,2,0.454911512788385,2.00941383535974,1.00695524015464,1,-6.75
213,330,2,2,973.106818511733,0.198338187532499,3,0.571317111665849,2.03596994077088,1.13297338713892,1,5.81464681053937
214,90,1,2,976.087617120531,0.198303654207848,NaN,NaN,NaN,NaN,0,-6.75
215,289,2,1,979.207193929644,0.198307166050654,3,1.44064457860077,3.07128404162358,2.00179778004531,1,5.81464681053937
216,380,2,4,982.353539604403,0.198458176106215,3,0.134704441763461,1.60537981946254,0.685831573500764,1,5.81464681053937
217,200,1,2,985.339078054589,0.198244537925348,1,0.638858680380508,2.3875347088906,1.20122961950256,0,-6.75
218,280,2,8,988.603855671885,0.198289899446536,3,0.382081081857905,1.78675279306481,0.933649830054492,1,-5.81464681053937
219,93,1,1,991.523719985271,0.198384134331718,1,0.462434211105574,2.043019123259,1.02430236886721,1,6.75
220,278,2,6,994.619898729608,0.19852021895349,3,0.453570860030595,2.07489657570841,1.00525871879654,1,-5.81464681053937
221,63,1,1,997.756589128694,0.198441202112008,1,0.64266085496638,2.09004206035752,1.20414914638968,1,6.75
222,223,2,7,1000.71966044989,0.19852782797534,3,0.433888929197565,1.87114690348972,0.984923581941985,1,-5.81464681053937
223,425,3,1,1003.67194684682,0.198230490437709,3,0.503235009033233,1.91862052940996,1.06550966465147,1,-6.75
224,271,2,7,1006.60292707739,0.198431251803413,3,0.655454856168944,2.25965995818842,1.20669436745811,1,-5.81464681053937
225,10,1,2,1009.72212109366,0.198358673369512,2,1.1223204502603,2.62066109606531,1.68457783921622,1,-6.75
226,31,1,1,1045.99571318866,0.198268828215078,1,1.15706182509894,3.33085035026306,1.7177988710464,1,6.75
227,320,2,8,1049.68615466467,0.198388231510762,3,0.231484592310153,1.95228025119286,0.782223663409241,1,-5.81464681053937
228,443,3,1,1052.9217352572,0.198320042865817,3,0.463617708242964,1.844537534751,1.0245637097978,1,-6.75
229,298,2,2,1055.81881169166,0.198335260967724,3,0.348327710467856,1.81972828734433,0.899388702120632,1,5.81464681053937
230,321,2,1,1058.80536097242,0.198384719667956,3,0.228621547867078,2.00892510142876,0.78937468980439,1,5.81464681053937
231,238,2,6,1062.1011088115,0.198749660514295,3,0.171476842777338,1.60929320286959,0.723086855316069,1,-5.81464681053937
232,217,2,1,1065.05358309293,0.198239562741946,3,0.110847786592785,1.59288432635367,0.672750184952747,1,5.81464681053937
233,322,2,2,1068.05179936037,0.19828697288176,3,0.16423567867605,1.81884563964559,0.714984699967317,1,5.81464681053937
234,128,1,2,1071.22128731938,0.198276729963254,2,0.788427658029832,2.56925272283843,1.34918987227138,1,-6.75
235,348,2,4,1074.51767578034,0.198624404147267,3,0.165644812746905,1.93681226059562,0.717321257980075,1,5.81464681053937
236,85,1,1,1077.80355704663,0.198370964906644,1,0.559725044760853,2.07463318615919,1.12166841479484,1,6.75
237,220,2,4,1080.8344757611,0.198148254363332,3,0.126121746841818,1.73172661807621,0.678432668268215,1,5.81464681053937
238,109,1,1,1083.95512485836,0.198235758231021,1,0.476683878689073,2.12339742085896,1.03700418380322,1,6.75
239,235,2,3,1087.11757621908,0.198225515312515,3,0.165374399453867,1.53694945730967,0.716913589509204,1,5.81464681053937
240,98,1,2,1090.00412497309,0.198324725381099,1,0.94419975229539,2.45834962441586,1.50548698968487,0,-6.75
241,16,1,2,1093.03385463002,0.198266194376629,2,0.620071688783355,2.12458413717104,1.17120057641296,1,-6.75
242,224,2,8,1096.05329277914,0.198376525309868,3,0.320715120178647,1.96891417948063,0.882243798056152,1,-5.81464681053937
243,195,1,1,1099.21735696192,0.198196542449296,1,0.535224548366386,2.18871364049846,1.08567154972116,1,6.75
244,29,1,1,1102.38593564165,0.19826502376236,1,0.395323430711869,1.86052996315993,0.957192173693329,1,6.75
245,35,1,1,1105.36706173146,0.198337894806173,1,0.354362843092531,1.77510248782346,0.905437004228588,1,6.75
246,121,1,1,1108.30310694315,0.198404620226938,1,0.310268505127169,1.97490160941379,0.871983311662916,1,6.75
247,38,1,2,1111.4838191017,0.198337016918231,2,0.348684164287988,1.80257226235699,0.899961135408375,1,-6.75
248,362,2,2,1114.45263348584,0.198299264418893,3,0.381000014021993,1.92939901526552,0.942778326687403,1,5.81464681053937
249,236,2,4,1117.51714256278,0.198339943424799,3,0.0767151342588477,1.68125181447249,0.628034540335648,1,5.81464681053937
250,119,1,1,1120.63691896264,0.198335553577635,1,0.640813030826394,2.12124962540111,1.20211431576172,1,6.75
251,325,2,5,1123.63323238684,0.198234880226664,3,0.397446643153671,1.86899735202314,0.948828092077747,1,-5.81464681053937
252,162,1,2,1126.61973718402,0.198217906290665,2,0.600825228728354,2.09840028890176,1.16164041357115,1,-6.75
253,71,1,1,1129.63334798557,0.198321213480085,1,0.768502823542804,2.17293953278568,1.31983686232707,1,6.75
254,385,2,1,1132.55323278485,0.198405498173088,3,0.762268978112843,2.29277212236775,1.32298700138927,1,5.81464681053937
255,3,1,1,1135.59931044612,0.198672399565112,1,1.10290981072467,2.59097299614223,1.654816575523,1,6.75
256,176,1,2,1138.60235757061,0.198349308397155,2,0.494028666173108,1.89179225469707,1.0554341361858,1,-6.75
257,178,1,2,1141.51584902743,0.198195371835027,2,0.453740307246335,2.07440081803361,1.00458005169639,1,-6.75
258,351,2,7,1144.65152127953,0.198273510788567,3,0.681984037451912,2.13059410144342,1.24422064790269,1,-5.81464681053937
259,40,1,2,1147.61623322498,0.198347552446648,NaN,NaN,NaN,NaN,0,-6.75
260,255,2,7,1150.85254545516,0.19830921466928,3,0.466600741259754,2.09734117024345,1.02788007695926,1,-5.81464681053937
261,152,1,2,1153.99936084135,0.198222296137828,2,0.772870700340718,2.31086874066386,1.32445261796238,1,-6.75
262,20,1,2,1157.05262640357,0.198302776203491,2,0.412137927138247,2.00936232804088,0.973419018788263,1,-6.75
263,212,2,4,1160.16575192451,0.198179861123208,3,0.37945069820853,2.016489356698,0.930082364822738,1,5.81464681053937
264,438,3,1,1163.31789480336,0.198219369573053,3,0.361101225833409,1.77608580881497,0.92314819584135,1,-6.75
265,328,2,8,1166.24904038402,0.198270876833703,3,0.404542650387157,1.90906973154051,0.955967412272003,1,-5.81464681053937
266,13,1,1,1169.26887771464,0.198384134389926,1,0.494993257219903,2.00890637148404,1.05592755269026,1,6.75
267,184,1,2,1172.29945373005,0.198340528702829,2,0.531277509580832,2.01869334199,1.08255974843632,1,-6.75
268,77,1,1,1175.30210869678,0.19833877281053,1,0.851477849530056,2.23206785379443,1.41217363107717,1,6.75
269,69,1,1,1178.1987341498,0.198338480142411,1,1.10599439503858,2.75929413939593,1.65657748101512,1,6.75
270,237,2,5,1181.36704973259,0.198226100648753,3,0.314883968094364,1.84679858776508,0.877111798967235,1,-5.81464681053937
271,153,1,1,1184.41514437256,0.198633183841594,1,1.27032723522279,2.7908537684707,1.82183247723151,1,6.75
272,216,2,8,1187.45080029452,0.198335260967724,3,0.415200562332757,2.16333869087975,0.977213291684166,1,-5.81464681053937
273,68,1,2,1190.71457732416,0.19827263278421,2,0.918999810353853,2.3232691208832,1.47000227100216,1,-6.75
274,254,2,6,1193.63396958495,0.198313019121997,3,0.392672853835393,1.92419385234825,0.95452872000169,1,-5.81464681053937
275,445,3,1,1196.68160709768,0.198295459907968,3,0.401155753352214,2.17230125208152,0.952700503868982,1,-6.75
276,174,1,2,1199.96801514312,0.198369794234168,2,0.742052073881496,2.20584508246975,1.30260825896403,1,-6.75
277,48,1,2,1202.94776868075,0.198306580772623,2,0.95839879050618,2.56220968614798,1.50937754608458,1,-6.75
278,102,1,2,1206.06684885419,0.198242781974841,2,0.516919559682719,1.91517714993097,1.07881171506597,1,-6.75
279,146,1,2,1208.98120744794,0.19826590170851,2,0.638704451208469,2.19246606371598,1.18979587894864,1,-6.75
280,51,1,1,1212.05022692471,0.198384719667956,1,0.540434393740725,2.17179349559592,1.10218900133623,1,6.75
281,81,1,1,1215.19901685457,0.198296630464029,1,0.655969051178545,2.34284189133905,1.20672919339268,1,6.75
282,395,2,3,1218.40112853644,0.198295167181641,3,0.164064768061507,1.66089443577221,0.724388292408548,1,5.81464681053937
283,11,1,1,1221.41359651997,0.198513195209671,1,0.637388674018439,2.00839100586018,1.18880260764854,1,6.75
284,141,1,1,1224.29941012443,0.198241903970484,1,0.56924979633186,2.03451515251072,1.13156835013069,1,6.75
285,243,2,3,1227.28073580505,0.198327651945874,3,0.954272939474322,2.70889718207764,1.50578754645539,1,5.81464681053937
286,415,3,1,1230.55029160151,0.198295459907968,3,0.346597826341167,2.12739391834475,0.908065046707634,1,-6.75
287,214,2,6,1233.84675234824,0.198255073453765,3,0.535143190296367,2.02288708899869,1.08643742796266,1,-5.81464681053937
288,440,3,1,1236.84958993172,0.198296923132148,3,0.369560127728619,2.08421822468517,0.930982279125601,1,-6.75
289,157,1,1,1240.0797994259,0.198269998887554,1,0.573867307859473,2.27794504642952,1.12479045899818,1,6.75
290,360,2,8,1243.29894304695,0.198252146947198,3,0.30929893895518,1.89104130183114,0.871481408190448,1,-5.81464681053937
291,412,3,1,1246.39639601146,0.198481295839883,3,0.327036762144417,2.08123197243549,0.878319293668028,1,-6.75
292,374,2,6,1249.66586927918,0.198235758231021,3,0.536010619834997,2.08402360905893,1.09811846207594,1,-5.81464681053937
293,215,2,7,1252.73002863338,0.198210004600696,3,0.372586766374297,1.84392237383872,0.92420175409643,1,-5.81464681053937
294,338,2,2,1255.71641490527,0.198334968299605,3,0.932464284356683,2.31319798232289,1.49420981964795,1,5.81464681053937
295,407,3,1,1258.61323058407,0.198442665336188,3,0.643635688931681,2.06444176635705,1.19459747051587,1,-6.75
296,305,2,1,1261.54973380093,0.198369794234168,3,0.936284896160942,2.40003810368944,1.49689610040514,1,5.81464681053937
297,111,1,1,1264.52938051947,0.19863054988673,1,0.880720528424717,2.46829228749266,1.43238263361854,1,6.75
298,329,2,1,1267.63218263316,0.198259755969048,3,0.424789405427873,1.98940500884783,0.986720483982936,1,5.81464681053937
299,78,1,2,1270.71283602651,0.198225515312515,2,0.66084790363675,2.36467659275513,1.21198820479913,1,-6.75
300,257,2,1,1273.93183683191,0.19832443271298,3,0.427897694811691,2.02600298740435,0.989929446717724,1,5.81464681053937
301,317,2,5,1277.04615433689,0.198283460980747,3,0.235202189534903,1.83969702007016,0.786586857633665,1,-5.81464681053937
302,433,3,1,1280.1657428522,0.198297801078297,3,0.404002994473558,2.16791142616421,0.964988504478242,1,-6.75
303,291,2,3,1283.44571599812,0.198233417002484,3,0.492280052159913,2.0800329647027,1.04330299864523,1,5.81464681053937
304,359,2,7,1286.54846280004,0.198187177476939,3,0.0701941942097619,1.80135393934324,0.631755064066965,1,-5.81464681053937
305,169,1,1,1289.7957940785,0.19838969479315,1,0.810876349685714,2.48185392300365,1.3620453311014,1,6.75
306,27,1,1,1292.98194727994,0.198317994305398,1,0.681749620707706,2.29585143888835,1.2434535989305,1,6.75
307,34,1,2,1296.11280330771,0.198343455325812,2,0.883778773830272,2.40464273840189,1.43463724822504,1,-6.75
308,313,2,1,1299.14935065695,0.198315067740623,3,0.199103480495978,1.71219716052292,0.757822377083357,1,5.81464681053937
309,239,2,7,1302.17796617607,0.198258000018541,3,0.339634977222886,2.04366589093115,0.890356488991529,1,-5.81464681053937
310,193,1,1,1305.39715545136,0.198233709670603,1,1.19458869087975,2.57659163378412,1.75665204954566,1,6.75
311,37,1,1,1308.29522632773,0.19833028584253,1,0.459260074363556,2.23048078542342,1.01061372109689,1,6.75
312,44,1,2,1311.58176548261,0.198356332140975,2,0.565203840145841,2.09564142965246,1.12558296887437,1,-6.75
313,326,2,6,1314.62833041459,0.198321798816323,3,0.271213394706137,2.00940973812249,0.822799994843081,1,-5.81464681053937
314,181,1,1,1317.88187037018,0.198344625940081,3,0.210088288178667,1.72344945493387,0.770105695351958,0,6.75
315,168,1,2,1320.91133283306,0.19823692884529,2,0.904527139675338,2.34206606278894,1.45509793405654,1,-6.75
316,208,2,8,1323.8638855461,0.198232831666246,3,0.619098903320264,2.33373270992888,1.18054768635193,1,-5.81464681053937
317,246,2,6,1327.09465810866,0.198344333213754,3,0.868930334050674,2.42267116805306,1.42013882379979,1,-5.81464681053937
318,104,1,2,1330.16358276521,0.19828872877406,1,0.987182293669321,2.60197477776092,1.54903728188947,0,-6.75
319,304,2,8,1333.29442972061,0.198317409027368,3,0.522745736641809,1.92721054074354,1.07408065343043,1,-5.81464681053937
320,372,2,4,1336.2141079054,0.198310970561579,3,0.497153051604982,1.9112921540509,1.05778649757849,1,5.81464681053937
321,225,2,1,1339.1442329979,0.198444421286695,3,0.774976938788313,2.2293842069339,1.32601920049638,1,5.81464681053937
322,188,1,2,1342.11397334264,0.198319457529578,2,0.905938029696699,2.40324209129903,1.46650475036586,1,-6.75
323,347,2,3,1345.12751771149,0.198229905159678,3,0.524079365713987,2.06202794739511,1.07568206189899,1,5.81464681053937
324,413,3,1,1348.18055500276,0.19825126894284,3,0.357062586059328,2.12109188432805,0.918605896644294,1,-6.75
325,371,2,3,1351.46067447623,0.198330578452442,3,0.464318617072422,1.96880589716602,1.0155297407764,1,5.81464681053937
326,274,2,2,1354.48054516956,0.198359258647542,3,0.494456820480991,1.92501182324486,1.05505748913856,1,5.81464681053937
327,132,1,2,1357.42729775194,0.198289606720209,2,0.515804836526513,2.17021725542145,1.06717896909686,1,-6.75
328,421,3,1,1360.59718547773,0.198341114039067,3,0.399981328577269,2.08025070006261,0.960349043831229,1,-6.75
329,33,1,1,1363.79334836017,0.198752587079071,1,0.518942684051581,2.15618268935941,1.07044295099331,1,6.75
330,285,2,5,1366.94584183983,0.198216443008278,3,0.213461430394091,1.81169285735814,0.7755095710163,1,-5.81464681053937
331,112,1,2,1370.06020090182,0.198345211276319,2,0.44670195307117,2.00105941132642,0.997793380869552,1,-6.75
332,130,1,2,1373.12996928289,0.198347552446648,2,0.484731307486072,2.11530228931224,1.04586870560888,1,-6.75
333,401,3,1,1376.27669248276,0.198333505017217,3,0.380914558772929,1.96846436860505,0.932355709373951,1,-6.75
334,332,2,4,1379.37936143833,0.198340528761037,3,0.835118138988037,2.26603603403782,1.39595615089638,1,5.81464681053937
335,341,2,5,1382.32632063521,0.198204444139265,3,1.19658313511172,2.95114621281391,1.74773045995971,1,-5.81464681053937
336,354,2,2,1385.59681995155,0.19814971764572,3,0.527576886292081,2.0243594366475,1.0874968393473,1,5.81464681053937
337,303,2,7,1388.60978778993,0.198379744542763,3,0.388254933001008,2.07530482951552,0.939318851218559,1,-5.81464681053937
338,49,1,1,1391.8123516239,0.198370379570406,1,0.737181415664963,2.18487371347146,1.29870833765017,1,6.75
339,441,3,1,1436.22195896273,0.198358673369512,3,0.656515438167844,2.74330902734073,1.21740144543583,1,-6.75
340,277,2,5,1439.82536336052,0.198479832557496,3,0.558344298100565,1.99591160879936,1.10925340180984,1,-5.81464681053937
341,426,3,1,1442.7777846714,0.198190104041714,3,0.30236769648036,2.08311345183756,0.863524409767706,1,-6.75
342,316,2,4,1446.07457875228,0.198308044055011,3,0.458651059190743,1.9626250222791,1.00979926204309,1,5.81464681053937
343,231,2,7,1449.09386179422,0.198292240675073,3,0.216040599450935,1.64734860369936,0.777579227578826,1,-5.81464681053937
344,420,3,1,1452.04118856584,0.198455542209558,3,0.244087489845697,1.9320244237897,0.795375289162621,1,-6.75
345,403,3,1,1455.24443721259,0.198296923132148,3,0.224542814248707,1.88848115538713,0.785582465527114,1,-6.75
346,23,1,1,1458.42449909158,0.198349601065274,2,0.806828344939277,2.24462919431971,1.35807136807125,0,6.75
347,379,2,3,1461.37814604188,0.198255658731796,3,0.374416445789393,1.97095661913045,0.934876640036236,1,5.81464681053937
348,131,1,1,1464.4903470655,0.1986873249989,2,1.3624769973103,2.86674946849234,1.91404720878927,0,6.75
349,175,1,1,1467.51009484363,0.19822171080159,1,0.95223693823209,2.56679383508163,1.51379458891461,1,6.75
350,87,1,1,1470.64069626149,0.198274681402836,1,0.452799713879358,2.1240690642735,1.00426252098987,1,6.75
351,45,1,1,1473.82749330404,0.198320335533936,1,0.483757644193247,1.89727719582152,1.04416135593783,1,6.75
352,2,1,2,1476.75724848051,0.198314482462592,2,0.811425663297996,2.23176085867453,1.36234764376422,1,-6.75
353,114,1,2,1479.69279354473,0.19840257166652,2,0.669611752091441,2.38433218456339,1.23108453286113,1,-6.75
354,339,2,3,1482.92358220328,0.198145035130437,3,0.466255115636159,1.95328669191804,1.01711944304407,1,5.81464681053937
355,143,1,1,1485.92624653497,0.198242196638603,1,0.904065329930745,2.31865336524788,1.46547138533788,1,6.75
356,405,3,1,1488.85688260314,0.198325603327248,3,0.403872177645098,2.10786738747265,0.955024477676488,1,-6.75
357,417,3,1,1492.07673444948,0.198235758231021,3,0.346127822413109,1.96002917183796,0.90666557016084,1,-6.75
358,416,3,1,1495.20675670297,0.198308336664923,3,0.298669121868443,2.07011195807718,0.850447703734972,1,-6.75
359,336,2,8,1498.49333361036,0.198328237223905,3,0.493652311735786,2.20730747980997,1.05423103127396,1,-5.81464681053937
360,272,2,8,1501.72289838549,0.198382378439419,3,0.182033203484025,1.60204413702013,0.732640579808503,1,-5.81464681053937
361,161,1,1,1504.65803578118,0.198205029475503,1,0.756455677968916,2.33872833178611,1.31881315493956,1,6.75
362,258,2,2,1507.75652650051,0.198342869989574,3,0.567404898814857,2.28855262167053,1.118753570423,1,5.81464681053937
363,296,2,8,1510.99315889529,0.198351064347662,3,0.560246848675888,2.12386654695729,1.12086449132767,1,-5.81464681053937
364,1,1,1,1514.07349153876,0.198319750197697,1,0.760829407838173,2.53152275452157,1.31218305457151,1,6.75
365,103,1,1,1517.35966458218,0.198327944613993,1,0.466657516313717,2.19699958321871,1.02711771056056,1,6.75
366,340,2,4,1520.60590747651,0.198224637366366,3,0.485849542485084,2.00684871373232,1.03681425069226,1,5.81464681053937
367,234,2,2,1523.6423684925,0.198402571608312,3,0.316391141677741,1.73035787034314,0.877195498265792,1,5.81464681053937
368,8,1,2,1526.5721959548,0.198946032091044,2,0.58461360167712,2.2887744542677,1.13643198466161,1,-6.75
369,284,2,4,1529.79188215832,0.198385305004194,3,0.338680629036389,2.05302207323257,0.900293591548689,1,5.81464681053937
370,182,1,2,1533.02238460025,0.198284924263135,2,0.867035392555408,2.43845171423163,1.41856843681308,1,-6.75
371,397,2,5,1536.10916472733,0.198313604458235,3,0.634748925396707,2.23171081463806,1.19502328365343,1,-5.81464681053937
372,4,1,2,1539.22236136341,0.198423057503533,1,1.14752683060942,2.51828655146528,1.69898495520465,0,-6.75
373,267,2,3,1542.10862097424,0.198349015729036,3,0.213747647067066,1.94425594207132,0.774474742705934,1,5.81464681053937
374,120,1,2,1545.35530548502,0.198202395520639,2,0.931606512400322,2.38550836528884,1.48263092216803,1,-6.75
375,408,3,1,1548.32467386517,0.198249220382422,3,0.360274182632565,1.80812012439128,0.921256180852652,1,-6.75
376,32,1,2,1551.28858861828,0.198308629333042,2,0.761231808573939,2.5322854135884,1.31239581480622,1,-6.75
377,269,2,5,1554.5751400647,0.19835252763005,3,0.795118338020984,2.52558478334686,1.35608248424251,1,-5.81464681053937
378,382,2,6,1557.82185384101,0.198303068929818,3,0.500978931202553,2.03875074919779,1.05253480252577,1,-5.81464681053937
379,428,3,1,1560.87541586283,0.198350771679543,3,0.500096576171927,1.91332113154931,1.06000599358231,1,-6.75
380,250,2,2,1563.80470074265,0.198508805420715,3,0.899599121068604,2.51987157121766,1.45074264146388,1,5.81464681053937
381,18,1,2,1566.94033933937,0.198182787687983,2,0.651557568751741,2.41644668759545,1.21313248615479,1,-6.75
382,74,1,2,1570.22138682206,0.198272632726002,2,0.668648038990796,2.22338799742283,1.22047373827081,1,-6.75
383,136,1,2,1573.29144522431,0.198441787390038,2,0.266380196379032,1.71336602483643,0.82743301714072,1,-6.75
384,209,2,1,1576.25460726861,0.198276144627016,3,0.727884349704254,2.3819613858941,1.27923565520905,1,5.81464681053937
385,56,1,2,1579.42412390781,0.198329993174411,NaN,NaN,NaN,NaN,0,-6.75
386,171,1,1,1582.50428008026,0.198128646472469,1,0.413451655767858,2.10036956478143,0.964072786795441,1,6.75
387,450,3,1,1585.70647780271,0.19824395258911,3,0.443132731947117,1.8580183974118,1.00520018779207,1,-6.75
388,59,1,1,1588.63754846365,0.198291070060804,1,0.448529583925847,2.1031565189478,1.00026192626683,1,6.75
389,361,2,1,1591.80761587969,0.198301312979311,2,0.68599516764516,2.33294780907454,1.24700145627139,0,5.81464681053937
390,156,1,2,1594.97082199779,0.198254488175735,3,0.157354480179492,1.76192657172214,0.709080091502983,0,-6.75
391,365,2,5,1598.09102742997,0.198367453063838,3,1.25664970831713,2.75337314221542,1.8172691068612,1,-5.81464681053937
392,323,2,3,1601.103742707,0.198181909683626,3,0.269115935894661,1.75676852627657,0.820143857505172,1,5.81464681053937
393,287,2,7,1604.10674446996,0.198218784236815,3,0.142599690065254,1.89002286223695,0.703531351522543,1,-5.81464681053937
394,97,1,1,1607.3703292252,0.198426276678219,1,0.519903470645659,2.09027120930841,1.07109820569167,1,6.75
395,148,1,2,1610.45615471149,0.198350186401512,2,1.15779755997937,2.77230821730336,1.71928029099945,1,-6.75
396,337,2,1,1613.58697825455,0.198342284711543,3,0.254421139950864,2.02566672675312,0.805925504071638,1,5.81464681053937
397,248,2,8,1616.87372226798,0.19833174906671,3,0.421255010238383,1.83483689749846,0.981531417055521,1,-5.81464681053937
398,204,2,4,1619.80335101747,0.198412229190581,3,0.0197343160398304,1.64048701315187,0.570628494257107,1,5.81464681053937
399,134,1,2,1622.93930626701,0.198483344458509,2,0.679291903506964,2.17697261215653,1.24014601146337,1,-6.75
400,185,1,1,1625.95321938122,0.198586944316048,1,0.459685302164871,1.96326915605459,1.01097105292138,1,6.75
401,179,1,1,1628.97216967435,0.198361014598049,1,0.394348889356479,1.79234601662029,0.956250702380203,1,6.75
402,446,3,1,1631.88640213379,0.198222003469709,3,0.277695411641616,1.99808984040283,0.828772499342449,1,-6.75
403,96,1,2,1635.1220155037,0.198363063158467,2,0.405444027972408,2.17020701244473,0.966961584927049,1,-6.75
404,28,1,2,1638.40300767455,0.198231368383858,2,0.236210093542468,1.85719223227352,0.78770216612611,1,-6.75
405,334,2,6,1641.53947594843,0.198227271204814,3,0.739248438389041,2.35289166611619,1.29988510359544,1,-5.81464681053937
406,88,1,2,1644.66923949483,0.198158497281838,2,0.522555218136404,2.14294092584169,1.07354187540477,1,-6.75
407,95,1,1,1647.80485438654,0.19825741474051,1,0.452576418116223,2.16749556333525,1.01514109486016,1,6.75
408,343,2,7,1651.03585609799,0.198322969430592,3,0.212492449500132,1.61673746968154,0.763827366288751,1,-5.81464681053937
409,273,2,1,1653.95588663948,0.198339943424799,3,1.23687412787694,3.0005311689456,1.79739812092157,1,5.81464681053937
410,442,3,1,1657.23580652219,0.198289021442179,3,0.477871765557211,2.04855615703855,1.02914844400948,1,-6.75
411,356,2,4,1660.32248158613,0.198366282391362,3,0.624415275233332,2.13785458088387,1.18477333278861,1,5.81464681053937
412,211,2,3,1663.3520921325,0.198487148969434,3,0.314538927807007,1.86811353376834,0.865669571387116,1,5.81464681053937
413,82,1,2,1666.42103815282,0.198237221513409,NaN,NaN,NaN,NaN,0,-6.75
414,439,3,1,1669.68535191182,0.198290484724566,3,0.598243425833061,2.31910873658489,1.1495400047279,1,-6.75
415,279,2,7,1672.92189299827,0.198261511861347,3,0.440132139599882,2.17057136801304,1.00086772226496,1,-5.81464681053937
416,244,2,4,1676.1685880447,0.198297801078297,3,0.0841910077724606,1.75552854669513,0.635942080058157,1,5.81464681053937
417,261,2,5,1679.35561043164,0.198339943424799,3,0.0433864053338766,1.45649799588136,0.603706417779904,1,-5.81464681053937
418,256,2,8,1682.28617070219,0.198229905101471,3,0.024429673794657,1.7902046595118,0.586857973306905,1,-5.81464681053937
419,335,2,7,1685.56818658044,0.198227271204814,3,0.133000018715393,1.62014192604693,0.684046670270618,1,-5.81464681053937
420,99,1,1,1688.57066302758,0.198354576190468,1,0.701696696982253,2.24970061390195,1.26410421798937,1,6.75
421,91,1,1,1691.63471175818,0.198240148019977,2,0.586923820723314,2.25739188148873,1.13784141134238,0,6.75
422,410,3,1,1694.82070897444,0.198304239485878,3,0.470680352766067,1.95165601791814,1.03199685568688,1,-6.75
423,140,1,2,1697.81800835353,0.198303068929818,1,0.63421629316872,2.13822303357301,1.18506306130439,0,-6.75
424,167,1,1,1700.83728905424,0.198336431581993,1,0.368878241453785,1.78307441162178,0.930026175046805,1,6.75
425,245,2,5,1703.76751891722,0.198167569586076,3,0.618871217768174,2.3726373956888,1.16972764348611,1,-5.81464681053937
426,295,2,7,1707.03655583621,0.198227271204814,3,0.137998567137402,1.7195021235384,0.699588409916032,1,-5.81464681053937
427,300,2,4,1710.13439013023,0.19838120782515,3,0.0401639805058949,1.47797653608723,0.591373933595605,1,5.81464681053937
428,396,2,4,1713.08781173616,0.198303654207848,3,0.0806387606426142,1.84406811604276,0.6407471835264,1,5.81464681053937
429,154,1,2,1716.36738745653,0.198330871120561,2,0.534500812413171,1.97263470327016,1.08597649628064,1,-6.75
430,73,1,1,1719.32107011077,0.198310092615429,1,0.351143930049147,1.93100042379228,0.911241817346308,1,6.75
431,357,2,5,1722.41707823722,0.198174300719984,3,0.326590755837969,1.74679191521136,0.877366408822127,1,-5.81464681053937
432,262,2,6,1725.35254399187,0.198219076904934,3,0.189749054145068,1.7715162927052,0.752084581996314,1,-5.81464681053937
433,163,1,1,1728.45049827447,0.198217613622546,1,0.695773943851236,2.24948960961774,1.24672577518504,1,6.75
434,435,3,1,1731.51957920881,0.198313897126354,3,0.339961287623737,2.00435207341798,0.901451920275576,1,-6.75
435,311,2,7,1734.70027439337,0.198347552504856,3,0.672920802840963,2.32758549042046,1.22422147903126,1,-5.81464681053937
436,389,2,5,1737.87066285202,0.198281997756567,3,0.506827349949162,2.05348241957836,1.06703147100052,1,-5.81464681053937
437,46,1,2,1740.93481342652,0.198501196398865,2,0.745631537924055,2.26119873853168,1.30831356940325,1,-6.75
438,448,3,1,1743.96656503732,0.19819361588452,3,0.306058662128635,1.89361725165509,0.857195158780087,1,-6.75
439,222,2,6,1747.06984213012,0.198226393258665,3,0.561403128842358,2.14195233705686,1.12186683493201,1,-5.81464681053937
440,147,1,1,1750.16661613487,0.198346089164261,1,0.691769544675481,2.22956828697352,1.24336404650239,1,6.75
441,92,1,2,1753.21993320441,0.198245708481409,2,0.289833280257881,1.92003727256088,0.850545450521167,1,-6.75
442,275,2,3,1756.36635028705,0.198548021144234,3,0.476318352506496,2.21359136921819,1.02789500239305,1,5.81464681053937
443,198,1,2,1759.6190804661,0.19831682369113,2,0.691511715587694,2.08897825924214,1.25243547541322,1,-6.75
444,423,3,1,1762.53267874196,0.198199176345952,3,0.360727505350951,2.01521864847746,0.911567542410921,1,-6.75
445,406,3,1,1765.70275727892,0.198379451874644,3,0.364295555860735,1.8613742730231,0.924837400845718,1,-6.75
446,349,2,5,1768.71596421645,0.198235172894783,3,0.262203130696435,2.00014427897986,0.813727395317983,1,-5.81464681053937
447,39,1,1,1771.96970142156,0.198419545602519,1,0.579037937452085,2.04229421669152,1.13987741264282,1,6.75
448,57,1,1,1774.94924395491,0.198334090353455,1,0.534798149950802,2.22278103081044,1.08582021848997,1,6.75
449,138,1,2,1778.15300562599,0.198336138913874,2,0.466267407115083,1.96281875990098,1.02606883482076,1,-6.75
450,160,1,2,1781.16558540374,0.198222588805947,2,0.361546646861825,1.78249290608801,0.912571056687739,1,-6.75
