PresOrder,TrialNumber,Illusory_Fragmented,Fat_Thin,StimPresTime,StimPresLength,Response,RespScreenOnset_to_Resp,ExpStartOnset_to_Resp,StimOnset_to_Resp,Accuracy,StepLevel
1,4,1,2,183.155467733022,0.218224098856808,1,0.135365256926889,1.74416621402816,0.725691485376956,0,-2.77032370599417
2,296,2,8,186.309717143031,0.198367745666474,3,0.24520835869771,1.91010631573045,0.823437104914774,1,-3.20427362167163
3,286,2,6,189.491246101834,0.198241611335106,3,0.283694255063892,1.85672105758567,0.854424300670871,1,-3.20427362167163
4,232,2,8,192.579262403891,0.198345211225387,3,0.288036085539716,1.76874601989039,0.840128686282696,1,-3.20427362167163
5,133,1,1,195.581533699815,0.198422472161838,1,0.246734262182144,1.6702857366945,0.800710390893073,1,2.77032370599417
6,370,2,2,198.522492297318,0.198295167210745,3,0.197580796209877,1.91351779576871,0.75982794223637,1,3.20427362167163
7,76,1,2,201.754155994511,0.199075678257941,1,0.186632277745957,1.85743923310292,0.738894325770161,0,-2.77032370599417
8,380,2,4,204.940638725522,0.198349601052541,3,0.279952367462101,1.72772251149581,0.842853012240084,1,3.20427362167163
9,120,1,2,207.920690185987,0.198729174666369,1,0.200984959870766,1.97093554799176,0.752130821494575,0,-2.77032370599417
10,368,2,8,211.205550671468,0.198312726513905,3,0.260707663348512,1.81426178346192,0.812557067736634,1,-3.20427362167163
11,265,2,1,214.2745326884,0.198315945719514,3,0.29407151084888,2.04089532547914,0.856209789193599,1,3.20427362167163
12,23,1,1,217.53738785458,0.19823253902905,1,0.117547538886356,1.83500049166105,0.674207314503292,1,2.77032370599417
13,251,2,3,220.770193199163,0.199399354753041,3,0.0888960231695819,1.80950613873392,0.64109251645823,1,3.20427362167163
14,124,1,2,224.00538660904,0.198522560192941,2,0.111243748888228,1.61415274018873,0.662492917746931,1,-2.77032370599417
15,316,2,4,227.023720277952,0.198388524175243,3,0.312071552993075,1.87596576169926,0.865338871146378,1,3.20427362167163
16,245,2,5,230.10146087553,0.199046705407454,3,0.216558306252409,1.87029410662944,0.767361468801028,1,-3.20427362167163
17,275,2,3,233.270265777619,0.198977346157335,3,0.240528511627417,1.86147611700653,0.792658572217988,1,3.20427362167163
18,52,1,2,236.406341893688,0.198358088049645,1,0.187861428998076,1.80566152920437,0.770515997695838,0,-2.77032370599417
19,194,1,2,239.5389649727,0.198413985164734,1,0.219650206965525,1.67262726983245,0.770758023430972,0,-2.77032370599417
20,450,3,1,242.506403878029,0.198388231521676,3,0.88877234713982,2.55306333758017,1.45127117652009,1,-2.77032370599417
21,283,2,3,245.685560867569,0.199035877169081,3,0.259546115412377,1.96593465831938,0.830554475984172,1,3.20427362167163
22,55,1,1,248.90569249211,0.198270291532026,1,0.238474073103134,1.96996685974045,0.801845599873559,1,2.77032370599417
23,243,2,3,252.152212823441,0.199077726843825,3,0.0194542451372399,1.5895571309502,0.570907687229919,1,3.20427362167163
24,35,1,1,255.236704973262,0.198880769987227,1,0.23803362723811,1.99095666598078,0.789412442287357,1,2.77032370599417
25,324,2,4,258.504407385208,0.198317701651831,3,0.0182016814778763,1.60081176660606,0.579503551662128,1,3.20427362167163
26,304,2,8,261.600717239022,0.199282000075982,3,0.319855592286331,2.07469844822481,0.871783135577061,1,-3.20427362167163
27,279,2,7,264.871072569089,0.198188055459468,3,0.312631109467475,1.73243045345225,0.864146887088282,1,-3.20427362167163
28,261,2,5,267.805091437147,0.198242489301265,3,0.290261727273901,1.83858083366795,0.852286455456124,1,-3.20427362167163
29,422,3,1,270.869016081981,0.19895861623263,3,0.922206431854647,2.35829846835986,1.47346730691788,1,-2.77032370599417
30,259,2,3,273.820023576291,0.198454371564367,3,0.112706731535582,1.79945402271915,0.664183000721096,1,3.20427362167163
31,43,1,1,277.020823285509,0.19836247787498,1,0.248729291728523,1.8144165979902,0.810983461477008,1,2.77032370599417
32,268,2,4,280.101075448814,0.198999880596602,3,0.188141499891572,1.94208678276118,0.739556311516935,1,3.20427362167163
33,122,1,2,283.369818249501,0.198925253556808,1,0.293145842892045,1.9295447574932,0.844633818282091,0,-2.77032370599417
34,184,1,2,286.520302359502,0.198219076895839,2,0.209803242150883,1.76311826307938,0.761026950020096,1,-2.77032370599417
35,129,1,1,289.587947820773,0.198221710792495,1,0.205991117334634,1.68759130837861,0.767830302207585,1,2.77032370599417
36,189,1,1,292.583486879688,0.199147086092125,1,0.217269458049486,1.98762215422175,0.768211339094705,1,2.77032370599417
37,165,1,1,295.868818539815,0.199047583371794,1,0.371232066097946,1.77467579672339,0.923027914610429,1,2.77032370599417
38,242,2,2,298.787199970031,0.198304824829393,3,0.179595094165052,1.61628561026737,0.730828459651093,1,3.20427362167163
39,10,1,2,301.737945830719,0.198354576188649,2,0.229705249528706,1.77768721729444,0.792471272980038,1,-2.77032370599417
40,202,2,2,304.79986930025,0.198970907744297,3,0.192787691630656,1.77941037028904,0.743494570662733,1,3.20427362167163
41,222,2,6,307.90234803008,0.198154692781827,3,0.210224958093022,1.59699905647904,0.761255220966632,1,-3.20427362167163
42,94,1,2,310.803147036926,0.19832267678612,2,0.106713448554729,1.77625291484401,0.65813177203745,1,-2.77032370599417
43,428,3,1,313.987123762654,0.198349308397155,3,0.396965225554595,2.11214073664814,0.959232272127338,1,-2.77032370599417
44,213,2,5,317.216697317406,0.199311850890808,3,0.123011994175613,1.8585387381645,0.706253043612378,1,-3.20427362167163
45,207,2,7,320.466908907014,0.198980565362945,3,0.182504963429892,1.73629584148875,0.733890216892178,1,-3.20427362167163
46,51,1,1,323.535124460343,0.199162889464787,1,0.200542465419858,1.60412462189015,0.752381041571425,1,2.77032370599417
47,95,1,1,326.452689675598,0.198274974012747,2,0.206023602046116,1.74303685814812,0.757987434562892,0,2.77032370599417
48,9,1,1,329.503730766708,0.198237221509771,1,0.183926389057888,1.91546717112578,0.744719332091336,1,2.77032370599417
49,26,1,2,332.749191979377,0.199147086092125,2,0.228082477220596,1.78196466365807,0.779242971595522,1,-2.77032370599417
50,445,3,1,335.818037326397,0.19883745703919,3,0.312663886832524,1.84907837068386,0.864083088283223,1,-2.77032370599417
51,362,2,2,338.869158604995,0.198303654207848,3,0.158951206207348,1.64621017549871,0.727979755292836,1,3.20427362167163
52,256,2,8,341.870683337858,0.198353405567104,3,0.186845330630604,1.68448243367311,0.749215391782855,1,-3.20427362167163
53,48,1,2,344.882635955833,0.198911206112825,2,0.0864318675612594,1.47267245577495,0.637120309324018,1,-2.77032370599417
54,274,2,2,347.784179184498,0.198242781954832,3,0.0191171065071103,1.60308159925444,0.581632617226205,1,3.20427362167163
55,211,2,3,350.882276575419,0.199287560521043,3,0.246387465935186,1.81693460212955,0.797712139799842,1,3.20427362167163
56,144,1,2,353.967478413762,0.198843310139637,2,0.133694781843587,1.78751896404719,0.685710414305504,1,-2.77032370599417
57,175,1,1,357.135368768788,0.218555384384672,2,0.256189361871293,1.75554054560234,0.838333832798526,0,2.77032370599417
58,407,3,1,360.150854611307,0.198906230976718,3,0.504235596688886,2.10824081531246,1.05633346522336,1,-2.77032370599417
59,73,1,1,363.269892642416,0.19837769593687,2,0.118878826757282,1.5334466688837,0.68183010086068,0,2.77032370599417
60,62,1,2,366.198465492456,0.198274388701975,2,0.258884129667422,1.73244215965315,0.809818694337082,1,-2.77032370599417
61,295,2,7,369.185786211965,0.198253317537819,3,0.0443761647675274,1.69706543064785,0.595797122146905,1,-3.20427362167163
62,221,2,5,372.353506241747,0.198320628202055,3,0.0728049699846451,1.55355148621857,0.635511877113458,1,-3.20427362167163
63,344,2,8,375.348250449517,0.199290779726653,3,0.145810408686884,1.56674876616671,0.697411056273268,1,-3.20427362167163
64,171,1,1,378.283711814367,0.198779803991783,2,0.08318398170195,1.51951862925125,0.634560748167132,0,2.77032370599417
65,416,3,1,381.234115853944,0.198452322978483,3,0.644626326313301,2.06502912503129,1.19645202564061,1,-2.77032370599417
66,341,2,5,384.168818656877,0.198291655349749,3,0.177113086598183,1.64211885775512,0.74035701576031,1,-3.20427362167163
67,390,2,6,387.167040192075,0.198540412151488,3,0.101878494302582,1.57209820801472,0.653442267350329,1,-3.20427362167163
68,312,2,8,390.151315835681,0.198293996591019,3,0.138110654050251,1.89158242103076,0.690031758926125,1,-3.20427362167163
69,12,1,2,393.418394307038,0.198280534459627,2,0.178071824575454,1.66447594843703,0.729577944579432,1,-2.77032370599417
70,388,2,4,396.41956200073,0.198347552466657,2,0.0205786258775333,1.76800852913766,0.599331517310929,0,3.20427362167163
71,305,2,1,399.681921116584,0.199578752306479,3,0.196522848165841,1.60117582950079,0.749025165994681,1,3.20427362167163
72,107,1,1,402.600943168727,0.198283753663418,2,0.234922996600289,1.73784779127527,0.786195870519805,0,2.77032370599417
73,103,1,1,405.618360534645,0.198453493598208,1,0.0186166663534095,1.6037725578517,0.601696462854306,1,2.77032370599417
74,389,2,5,408.71746846349,0.19823019778778,3,0.0601479312790616,1.42967557430529,0.611453875220832,1,-3.20427362167163
75,204,2,4,411.600886978957,0.198293703935633,3,0.161964090053516,1.68198754928198,0.713770766802554,1,3.20427362167163
76,441,3,1,414.635282435545,0.198341699364391,3,0.41523714424693,2.16772295633018,0.96616292926592,1,-2.77032370599417
77,181,1,1,417.901610831983,0.216294038733395,2,0.100516184995286,1.76531990709918,0.680494130510851,0,2.77032370599417
78,248,2,8,421.080659246494,0.199389111827259,3,0.0472134555766388,1.63445539234453,0.598651679605609,1,-3.20427362167163
79,159,1,1,424.182678800535,0.198989930324387,1,0.473105585262601,1.86004298517582,1.02484495134922,1,2.77032370599417
80,173,1,1,427.102313672376,0.198436519605821,1,0.585437718320463,2.13261488466924,1.14741240248804,1,2.77032370599417
81,185,1,1,430.164683148219,0.199017732555149,1,0.303722982083855,1.99045095803558,0.855189886309745,1,2.77032370599417
82,282,2,2,433.366096262444,0.198629379290651,3,0.0200735032449302,1.74022854018949,0.57178682302947,1,3.20427362167163
83,101,1,1,436.600263331022,0.198447640497761,1,0.0321534261711349,1.61876732518067,0.583810263529813,1,2.77032370599417
84,45,1,1,439.700584315093,0.198320628202055,1,0.0462175504071638,1.63844135426734,0.61985044155881,1,2.77032370599417
85,253,2,5,442.806919653309,0.198407254099948,3,0.174486507430629,1.90003400651767,0.731648771785331,1,-3.20427362167163
86,430,3,1,446.046339880222,0.198333212369107,3,0.405198490369003,2.12454140951922,0.956231679792836,1,-2.77032370599417
87,411,3,1,449.27967756436,0.199046412750249,3,0.389142848445772,2.05928430619679,0.939950108164339,1,-2.77032370599417
88,116,1,2,452.465000503365,0.198994320149723,2,0.137962863243956,1.84190276125992,0.690276418556095,1,-2.77032370599417
89,301,2,5,455.68372299379,0.198395840552621,3,0.120329225237583,1.63921162238694,0.704265037787991,1,-3.20427362167163
90,375,2,7,458.717579965069,0.198337602196261,3,0.159273419429155,1.64525758327727,0.710220275612301,1,-3.20427362167163
91,72,1,2,461.718012216592,0.198313604480063,2,0.426216098838267,2.15692749646405,0.988616888771503,1,-2.77032370599417
92,412,3,1,464.963252767346,0.198958030923677,3,0.441731499517118,1.92770571309484,0.992397992151382,1,-2.77032370599417
93,188,1,2,467.963553324093,0.199078312152778,2,0.0498976877915993,1.50302956518499,0.600989993537951,1,-2.77032370599417
94,187,1,1,470.931305662993,0.198291362696182,1,0.219208297825389,1.991362871202,0.770930982571372,1,2.77032370599417
95,31,1,1,474.217373935906,0.198338480160601,1,0.422537132073558,2.04143761530577,0.973229085697312,1,2.77032370599417
96,166,1,2,477.350419023514,0.198332041749381,2,0.285149921333868,1.77242879117148,0.854182274935738,1,-2.77032370599417
97,360,2,8,480.351989117913,0.198320920855622,3,0.17924771260914,1.65882331594548,0.740426082355043,1,-3.20427362167163
98,96,1,2,483.347219425739,0.19907977542789,2,0.0966186049008684,1.59928761905212,0.647800463097155,1,-2.77032370599417
99,402,3,1,486.364610452702,0.198524901434212,3,0.474012230641165,1.91010368183561,1.02520345379889,1,-2.77032370599417
100,372,2,4,489.315396407132,0.198328822543772,3,0.0895351818198833,1.85548605323129,0.670215499480037,1,3.20427362167163
101,340,2,4,492.596840144781,0.199049924613064,3,0.295275201113327,1.98173569033861,0.846851850985331,1,3.20427362167163
102,141,1,1,495.798750187298,0.198418960300842,2,0.207593403787541,1.67593310139455,0.790375570091783,0,2.77032370599417
103,437,3,1,498.781885646791,0.198303654209667,3,0.353179053390704,1.97271489075683,0.904470657233105,1,-2.77032370599417
104,435,3,1,501.915533018513,0.198401693653068,3,0.503741302291019,2.00704186606345,1.05519532969265,1,-2.77032370599417
105,100,1,2,504.933166363866,0.198241026026153,2,0.0526626928021869,1.42157897940524,0.603155640985278,1,-2.77032370599417
106,77,1,1,507.817119560126,0.198398474447458,1,0.0728111157422973,1.67363663713695,0.655113327744402,1,2.77032370599417
107,192,1,2,510.932743477304,0.198258292673927,2,0.0618388922193844,1.70991620700261,0.624538190313615,1,-2.77032370599417
108,398,2,6,514.095954570568,0.198962420749012,3,0.138688647792151,1.85860078103906,0.68993489010245,1,-3.20427362167163
109,93,1,1,517.350609834613,0.198323262096892,1,0.185390834980353,1.93210344068757,0.746739822627205,1,2.77032370599417
110,88,1,2,520.612217412274,0.19904787602718,2,0.231512101870976,1.71856035952078,0.783067095269871,1,-2.77032370599417
111,151,1,1,523.613956661296,0.198700201815882,1,0.291408642455281,2.0123395079645,0.843896034875797,1,2.77032370599417
112,147,1,1,526.84927942471,0.198438860847091,1,0.231167646867107,1.95324923207227,0.801391399219938,1,2.77032370599417
113,236,2,4,530.085629992695,0.198485685656124,3,0.0178838580832235,1.49596018954617,0.577431846490072,1,3.20427362167163
114,399,2,7,561.35388698598,0.198337016885489,3,0.0426755462121946,1.888464181362,0.619710552438846,1,-3.20427362167163
115,270,2,6,564.714418705105,0.198312141204951,3,0.0181326148849621,1.51645423811351,0.581161735233763,1,-3.20427362167163
116,423,3,1,567.72760369354,0.198214687070504,3,0.275166286604872,1.71484715211591,0.826211182233237,1,-2.77032370599417
117,239,2,7,570.681542420936,0.198270291532026,3,0.134434028524993,1.73662390781101,0.685094960714196,1,-3.20427362167163
118,404,3,1,573.797783254979,0.198349893707928,3,0.351185779773004,1.7327655434965,0.914450780102925,1,-2.77032370599417
119,229,2,5,576.69356030099,0.199200349312378,3,0.0501452739717934,1.75694177803052,0.621198996075691,1,-3.20427362167163
120,150,1,2,579.914243287663,0.198206492726968,2,0.482939087945851,2.16809257967179,1.03412240941725,1,-2.77032370599417
121,11,1,1,583.113427540948,0.198215857690229,1,0.0182288983996841,1.58814565559442,0.570001334506742,1,2.77032370599417
122,146,1,2,586.197724782498,0.198408424719673,2,0.125897573070688,1.62857244032239,0.677517828546115,1,-2.77032370599417
123,408,3,1,589.233215939632,0.198391450725467,3,0.350892246748117,2.11320922027335,0.911625488148275,1,-2.77032370599417
124,400,2,8,592.509734877927,0.199168742567053,3,0.22207280555449,1.70871515063482,0.772954399659284,1,-3.20427362167163
125,219,2,3,595.511213956603,0.199336726571346,3,0.0220187814302335,1.45924280770851,0.574321801163023,1,3.20427362167163
126,29,1,1,598.46305815173,0.198339943435712,NaN,NaN,NaN,NaN,0,2.77032370599417
127,14,1,2,601.71596480179,0.198358380705031,2,0.213529326378193,1.72613280920814,0.775429676159547,1,-2.77032370599417
128,413,3,1,604.742977741826,0.19879355878038,3,0.386397451326047,2.13942116340877,0.937249194614196,1,-2.77032370599417
129,17,1,1,608.011170643653,0.198620014327389,2,0.455756115319673,1.97521153107846,1.00653966997743,0,2.77032370599417
130,266,2,2,611.044995422873,0.199301900618593,3,0.170465719555068,1.57346637042247,0.722637922477588,1,3.20427362167163
131,432,3,1,613.962414310598,0.198610064055174,2,0.239653180340611,1.77560234264456,0.791249438101659,0,-2.77032370599417
132,115,1,1,617.012668159598,0.198309507308295,2,0.133860131951224,1.74939625260959,0.714653707120306,0,2.77032370599417
133,234,2,2,620.14228567114,0.199291657690992,3,0.129295590975744,1.49998507459168,0.680672650096312,1,3.20427362167163
134,111,1,1,623.028241798635,0.199249808018067,2,0.16232961622336,1.59817523716629,0.714171704235923,0,2.77032370599417
135,308,2,4,625.978913910245,0.219700250981987,3,0.100870590273189,1.58319305400801,0.682316493572216,1,3.20427362167163
136,299,2,3,628.975013988911,0.198321506166394,3,0.185667979323625,1.75532251758341,0.736856275929313,1,3.20427362167163
137,394,2,2,632.058908537099,0.199294291587648,3,0.133184098762285,1.8872323962114,0.684871079592995,1,3.20427362167163
138,2,1,2,635.327932579297,0.19941369485241,2,0.144734316030735,1.73020949419879,0.696439734128944,1,-2.77032370599417
139,273,2,1,638.428674108689,0.198329115199158,3,0.219188104623754,1.9015449845956,0.781887695377009,1,3.20427362167163
140,342,2,6,641.625467077476,0.198963298715171,3,0.17900071173608,1.8645972832237,0.729670716233159,1,-3.20427362167163
141,126,1,2,644.825946036748,0.198830140661812,2,0.120617783126363,1.64040506972196,0.67156698054896,1,-2.77032370599417
142,206,2,6,647.860735992357,0.199156158400001,3,0.0920973768734257,1.66120201627746,0.643738996170214,1,-3.20427362167163
143,240,2,8,650.962817881926,0.198290484730023,3,0.216838377145905,1.71925307404854,0.768061207050778,1,-3.20427362167163
144,191,1,1,653.979485172924,0.198318286960784,1,0.248573013925125,1.95076254202468,0.800115130501581,1,2.77032370599417
145,355,2,3,657.196020652082,0.198380329835345,3,0.146094284094943,1.89396346260037,0.708527266087913,1,3.20427362167163
146,353,2,1,660.459275877731,0.199051680541743,3,0.219159131773267,1.83898908747688,0.770635108305214,1,3.20427362167163
147,339,2,3,663.593838381828,0.198638451596707,3,0.250078724211562,1.72009738389715,0.801744633876297,1,3.20427362167163
148,205,2,5,666.578152655902,0.218036214308086,3,0.0845310729437188,1.79997582669239,0.665568429776613,1,-3.20427362167163
149,334,2,6,669.808141488185,0.199138013786069,3,0.0183679095534899,1.63798832423345,0.569195362471874,1,-3.20427362167163
150,81,1,1,672.942898900552,0.199256831740058,1,0.29430183038312,1.93094803850909,0.846272101311115,1,2.77032370599417
151,231,2,7,676.094299898858,0.198279656493469,3,0.322761071727655,1.89198423642847,0.874024580683908,1,-3.20427362167163
152,58,1,2,679.177627281539,0.198357795394259,2,0.160630460943139,1.57636453348459,0.723994086025414,1,-2.77032370599417
153,401,3,1,682.108555712157,0.199061923469344,3,0.234256913683566,1.83757644150319,0.785667335479957,1,-2.77032370599417
154,178,1,2,685.226642614321,0.198509098059731,2,0.201637580654278,1.8392398928645,0.753167991028022,1,-2.77032370599417
155,264,2,8,688.37895523314,0.198447640497761,3,0.145772948839294,1.74321040259929,0.704699045241796,1,-3.20427362167163
156,252,2,4,691.4902089323,0.199277610248828,3,0.147363236435922,1.75186655397374,0.698948373306848,1,3.20427362167163
157,267,2,3,694.609279740776,0.198995198115881,3,0.150489670446404,1.75248405615275,0.701623825869319,1,3.20427362167163
158,140,1,2,697.726287038424,0.219859162680223,2,0.195773943865788,1.5956987900463,0.777835886066896,1,-2.77032370599417
159,350,2,6,700.640155727609,0.198555044906243,3,0.160314978787937,1.92971040025986,0.711498592914722,1,-3.20427362167163
160,125,1,1,703.924742873263,0.199130990064077,2,0.127368164748987,1.79702908288891,0.67859655509892,0,2.77032370599417
161,391,2,7,707.109302860526,0.19910845562481,3,0.124143691293284,1.67659772103616,0.675752240567817,1,-3.20427362167163
162,20,1,2,710.176647472395,0.198319164925124,2,0.15360703215083,1.65718737415955,0.705111981531445,1,-2.77032370599417
163,325,2,5,713.194306278738,0.19834257733055,3,0.0184966777796944,1.55440340509995,0.569928170740241,1,-3.20427362167163
164,415,3,1,716.245126122623,0.198329407852725,3,0.226144808066238,1.956782163963,0.788690754909112,1,-2.77032370599417
165,328,2,8,719.507722289078,0.1993188746128,3,0.0772700082416122,1.83006808327264,0.628676040214486,1,-3.20427362167163
166,321,2,1,722.775675213754,0.198612990607216,3,0.0915530384627345,1.57834697886392,0.643303232784092,1,3.20427362167163
167,37,1,1,725.77708317725,0.19833613892115,1,0.159164551745562,1.76060962390329,0.710243688015908,1,2.77032370599417
168,119,1,1,728.892777624296,0.198218491585067,1,0.234742721082512,2.00534241812602,0.785628997668027,1,2.77032370599417
169,272,2,8,732.177835944596,0.198349308397155,3,0.0205929659769026,1.8014443697848,0.583198029142295,1,-3.20427362167163
170,162,1,2,735.473430139724,0.198981150673717,2,0.222157675523704,1.79252365823595,0.773509273652962,1,-2.77032370599417
171,348,2,4,738.558501161255,0.19896651792078,3,0.216912418876746,1.78718504462449,0.769019359717277,1,3.20427362167163
172,367,2,7,741.65940599217,0.198648401868923,3,0.141560179245062,1.69426296578968,0.693430069488386,1,-3.20427362167163
173,203,2,3,744.726260699468,0.198329407854544,3,0.135067919387438,1.57166420056092,0.686660665287491,1,3.20427362167163
174,418,3,1,747.677418618479,0.198213516450778,3,0.336957183393679,1.77238752680751,0.887842289359469,1,-2.77032370599417
175,66,1,2,750.645986294378,0.198260926570583,2,0.345723080416064,2.10795723255978,0.906814531612326,1,-2.77032370599417
176,417,3,1,753.922832421029,0.199219079237082,3,0.232912163681249,1.70316319148515,0.784420332269292,1,-2.77032370599417
177,381,2,5,756.908217519969,0.198950129237346,3,0.103965417538348,1.55751110918754,0.656103087159863,1,-3.20427362167163
178,54,1,2,759.876573020949,0.217282920182697,2,0.175173661513327,1.97326742351106,0.755393047453254,1,-2.77032370599417
179,168,1,2,763.188562630523,0.198214979724071,1,0.108761156010587,1.66133546698438,0.659658553488043,0,-2.77032370599417
180,53,1,1,766.255595857408,0.198383549040955,2,0.272771197591283,1.9462896020832,0.823464321836582,0,2.77032370599417
181,13,1,1,769.444075373895,0.198262975154648,1,0.165706562966079,1.82943389975844,0.728087159699498,1,2.77032370599417
182,364,2,4,772.62335703449,0.198939008343586,3,0.297159607047433,2.06648918112842,0.848265374925177,1,3.20427362167163
183,172,1,2,775.90775424701,0.198809362151223,2,0.096250444834368,1.66977241971836,0.668637210739689,1,-2.77032370599417
184,163,1,1,778.996342982366,0.198337602196261,1,0.158557585151357,1.6531291264364,0.718410812785805,1,2.77032370599417
185,44,1,2,782.005659948867,0.19929019441588,2,0.0973707284065313,1.48413838838314,0.648882701510956,1,-2.77032370599417
186,294,2,6,784.907428229273,0.199164352741718,3,0.19769054185781,1.56625417911346,0.748757679270057,1,-3.20427362167163
187,263,2,7,787.79051545921,0.198912669387937,3,0.192766035155728,1.79531178299476,0.744248450098894,1,-3.20427362167163
188,431,3,1,790.926306529251,0.198234002304162,3,0.295066830709402,1.8593341746182,0.857430453452253,1,-2.77032370599417
189,420,3,1,794.005521230369,0.199240150401238,3,0.352975072812114,1.95603179638601,0.904320232531973,1,-2.77032370599417
190,384,2,8,797.12335410794,0.199220249856808,3,0.14000764415141,1.72629815931577,0.691742327755492,1,-3.20427362167163
191,257,2,1,800.224479308115,0.198722150944377,3,0.0647783196454839,1.55323278485957,0.635599088320305,1,3.20427362167163
192,250,2,2,803.227210072484,0.198346381846932,3,0.049268479411694,1.66222689429742,0.61096865313084,1,3.20427362167163
193,196,1,2,806.356009027822,0.198440324120384,2,0.0540867523250199,1.52573052556181,0.623002043903398,1,-2.77032370599417
194,302,2,6,809.341838084491,0.198271169496365,3,0.0749899326674495,1.62785953259481,0.626947326771187,1,-3.20427362167163
195,68,1,2,812.409019687491,0.198309799963681,2,0.0302988710554928,1.54465213848744,0.593250437810639,1,-2.77032370599417
196,49,1,1,815.439013611971,0.199012757419041,1,0.198366282391362,1.63448904767756,0.74973222061999,1,2.77032370599417
197,332,2,4,818.390666703346,0.198404034894338,3,0.143648273100553,1.64287683436123,0.705091203022675,1,3.20427362167163
198,143,1,1,821.404797845589,0.199225224992915,2,0.136072604207584,1.75656396034901,0.688070970023546,0,2.77032370599417
199,220,2,4,824.539816598926,0.198580213240348,3,0.214954263867185,1.70151086101396,0.766321080061971,1,3.20427362167163
200,241,2,1,827.54109140437,0.198239270095655,3,0.22380151899597,1.97224810593616,0.804132113858941,1,3.20427362167163
201,148,1,2,830.804009784044,0.199263270151278,2,0.145769729633685,1.54936212902976,0.697074795609296,1,-2.77032370599417
202,330,2,2,833.722847756155,0.199159670259178,3,0.19439729446276,1.64680982571736,0.745959311581828,1,3.20427362167163
203,288,2,8,836.690284905553,0.198315067755175,3,0.129583856209138,1.69537534767551,0.691720378625178,1,-3.20427362167163
204,287,2,7,839.772011172399,0.199425108399737,3,0.0951207963025809,1.74942288422062,0.648085509126759,1,-3.20427362167163
205,292,2,4,842.941417187982,0.19842305747261,3,0.0668652428794303,1.83596566804954,0.61819752577685,1,3.20427362167163
206,322,2,2,846.22520304408,0.198328237234819,3,0.0863449490079802,1.48820219655317,0.637052706006216,1,3.20427362167163
207,343,2,7,849.158566657457,0.198238392129497,3,0.0205203875229927,1.80103962783687,0.583011607870503,1,-3.20427362167163
208,67,1,1,852.454416633109,0.198982613948829,2,0.156539728508506,1.84291710369689,0.707765192310035,0,2.77032370599417
209,193,1,1,855.655795506691,0.199001343871714,3,0.164554379993206,1.6175062745242,0.716597522030497,0,2.77032370599417
210,303,2,7,858.623052673227,0.198342284676983,3,0.163719435104213,1.74625694177848,0.72650418847843,1,-3.20427362167163
211,225,2,1,861.72015650022,0.199203861173373,3,0.172864027776086,1.7930448768966,0.724232307244165,1,3.20427362167163
212,366,2,6,864.85541435274,0.19828989942107,3,0.202230207152752,1.68970252198415,0.753564831291442,1,-3.20427362167163
213,15,1,1,867.857175258237,0.198329993163497,1,0.130683068617145,1.71209443861881,0.690792954739663,1,2.77032370599417
214,47,1,1,870.954261818581,0.198990808290546,1,0.133863351158652,1.50318876953861,0.685007749507349,1,2.77032370599417
215,34,1,2,873.838603660763,0.198886623089493,2,0.13865674839144,1.65862313988509,0.69086582584896,1,-2.77032370599417
216,16,1,2,876.872919515175,0.198485100345351,2,0.185027357394574,1.9041551750779,0.736686828648089,1,-2.77032370599417
217,210,2,2,880.106150087562,0.198334382988833,3,0.101915954150172,1.75089698775992,0.68321933443076,1,3.20427362167163
218,99,1,1,883.270129693015,0.19931331416592,1,0.112862131371003,1.69902826813814,0.664080864104108,1,2.77032370599417
219,63,1,1,886.371752114139,0.198611234676719,1,0.0191475426345278,1.73551913495976,0.600654025529366,1,2.77032370599417
220,395,2,3,889.602846889895,0.19920561710569,3,0.21551733220258,1.71855626235083,0.766603784850304,1,3.20427362167163
221,92,1,2,892.620863906031,0.198892183534554,2,0.242585876701924,1.81237591425452,0.794024978693415,1,-2.77032370599417
222,258,2,2,895.705398198181,0.198557971454647,3,0.267360883490255,1.85569354566724,0.837947235462707,1,3.20427362167163
223,106,1,2,898.808765721429,0.198343162641322,2,0.15746861567095,1.7366578557976,0.718805311806136,1,-2.77032370599417
224,429,3,1,901.903106299342,0.198973248985567,3,0.387414427659678,2.07397266367479,0.938742320731762,1,-2.77032370599417
225,89,1,1,905.104384499582,0.198943105515355,1,0.274643312011904,1.97686737340882,0.825669477715564,1,2.77032370599417
226,374,2,6,929.640728746219,0.198289314110298,3,0.0196775409494876,1.68613856865886,0.601577352244931,1,-3.20427362167163
227,319,2,7,932.822310090278,0.198326188648934,3,0.0848559200603631,1.68287078225512,0.646843773705768,1,-3.20427362167163
228,440,3,1,935.935906493196,0.199287560521043,3,0.246870346783908,1.6172876611945,0.798742285613116,1,-2.77032370599417
229,369,2,1,938.82123165638,0.198261804534923,3,0.01918324655162,1.71817142094551,0.580172561129075,1,3.20427362167163
230,310,2,6,942.035790250606,0.199613870914618,NaN,NaN,NaN,NaN,0,-3.20427362167163
231,145,1,1,945.272352115544,0.198376232663577,1,0.100003453329919,1.48093323016292,0.662471261273822,1,2.77032370599417
232,108,1,2,948.168685791479,0.199387648552147,2,0.0682767182352109,1.4883540845276,0.619764108316303,1,-2.77032370599417
233,135,1,1,951.103949614162,0.198275266666315,1,0.12986012258807,1.92916781777785,0.693190384992704,1,2.77032370599417
234,46,1,2,954.419274028151,0.199012757419041,2,0.0669846461441921,1.43778270478833,0.619086904504002,1,-2.77032370599417
235,183,1,1,957.304839168484,0.198352234947379,1,0.449392623688254,1.95209265927406,1.0008887934182,1,2.77032370599417
236,244,2,4,960.322164933368,0.19832735926866,3,0.0725450922927848,1.48676935737603,0.633685124226758,1,3.20427362167163
237,300,2,4,963.251927426227,0.199164352739899,3,0.169657698936135,1.54101853326029,0.722364582650698,1,3.20427362167163
238,130,1,2,966.137706497409,0.198389109486016,2,0.0889858682712656,1.68738879107696,0.650200527248671,1,-2.77032370599417
239,314,2,2,969.251792804898,0.19929019441588,3,0.133901103659809,1.63715250138193,0.685473656361864,1,3.20427362167163
240,233,2,1,972.270203442091,0.198269413565868,3,0.0975114954908349,1.66686255045352,0.648636285950488,1,3.20427362167163
241,182,1,2,975.354505951433,0.198293703935633,2,0.1204658951483,1.80654037235036,0.67176540068067,1,-2.77032370599417
242,90,1,2,978.555163137637,0.198352234949198,2,0.128386897013115,1.92577770155731,0.690751105064919,1,-2.77032370599417
243,78,1,2,981.868123776701,0.199251563948565,1,0.244115292047354,1.94864986514403,0.796777984847722,0,-2.77032370599417
244,385,2,1,985.087894557551,0.19830189827735,3,0.127461229058099,1.51287389610479,0.679050463097155,1,3.20427362167163
245,280,2,8,987.988109424898,0.216012797220174,3,0.0186055454614689,1.68275254961009,0.598490719323308,1,-3.20427362167163
246,382,2,6,991.167926058943,0.199267952631999,3,0.0799621421410848,1.83281201711907,0.631769404202714,1,-3.20427362167163
247,218,2,2,994.436306260008,0.198745270694417,3,0.138433452581012,1.756666096966,0.68946225217951,1,3.20427362167163
248,365,2,5,997.569528403928,0.198620892293548,3,0.106956937563154,1.52749377230066,0.676379985672611,1,-3.20427362167163
249,359,2,7,1000.50448201225,0.198385012316066,3,0.139355608675032,1.5202792397522,0.702132167707532,1,-3.20427362167163
250,71,1,1,1003.40132432268,0.198821653666528,2,0.130675166928995,1.78368723134372,0.68178854384314,0,2.77032370599417
251,361,2,1,1006.56942275545,0.198550069768316,3,0.0452005740717141,1.52756225358462,0.626659354191361,1,3.20427362167163
252,227,2,3,1009.56744528521,0.199057240988623,3,0.105883771457229,1.64158915209737,0.656847894288148,1,3.20427362167163
253,315,2,3,1012.61849193677,0.198763415308349,3,0.016566910311667,1.5353512680158,0.567498548431104,1,3.20427362167163
254,331,2,3,1015.652383734,0.198350186361495,3,0.0519553455196728,1.77226841619631,0.60410238010445,1,3.20427362167163
255,176,1,2,1018.90557016229,0.198390865416513,1,0.308497356738371,1.87117558367027,0.869912777086938,0,-2.77032370599417
256,329,2,1,1021.98382583278,0.199231078093362,3,0.221485154193942,1.60879568930795,0.773601167342349,1,3.20427362167163
257,38,1,2,1024.88634887058,0.198314482446222,2,0.0772878602001583,1.74660315271467,0.6287164266123,1,-2.77032370599417
258,32,1,2,1028.07076399359,0.198244537887149,2,0.0635479977700015,1.79401415045686,0.624201929651463,1,-2.77032370599417
259,379,2,3,1031.31693460213,0.199013928038767,3,0.135541435272899,1.57168995420398,0.68685440293666,1,3.20427362167163
260,127,1,1,1034.26867168551,0.198521682226783,1,0.118474962775508,1.78795531274227,0.670199988760942,1,2.77032370599417
261,297,2,1,1037.45289336352,0.215262429645009,3,0.214124001460732,1.69984009327527,0.78255231501862,1,3.20427362167163
262,317,2,5,1040.45383717609,0.19834257733055,3,0.123714073664814,1.65883560745897,0.674933977019464,1,-3.20427362167163
263,128,1,2,1043.50392801622,0.198333505024493,2,0.0358748279195424,1.63288441997975,0.598271228027443,1,-2.77032370599417
264,50,1,2,1046.61650949139,0.19844617722265,2,0.0508175026461686,1.68841893688841,0.601143344791126,1,-2.77032370599417
265,142,1,2,1049.76897751004,0.198173130051146,2,0.102501849578402,1.47181673237901,0.65424706876729,1,-2.77032370599417
266,61,1,1,1052.65348236109,0.198268535599709,1,0.0240536120654724,1.5713285252059,0.586502690084671,1,2.77032370599417
267,409,3,1,1055.71735725457,0.19829867907174,3,0.305118361413406,1.67547831543015,0.85657385209015,1,-2.77032370599417
268,79,1,1,1058.60269441661,0.198358380705031,1,0.0174243896399275,1.53199334385317,0.578994624511324,1,2.77032370599417
269,190,1,2,1061.6326602462,0.199021244416144,2,0.0662521305293922,1.53588858270632,0.617532320824466,1,-2.77032370599417
270,28,1,2,1064.61786945945,0.198250098330391,2,0.144672273157994,1.63076998717042,0.696022700667527,1,-2.77032370599417
271,123,1,1,1067.61869562469,0.198487734240189,1,0.019866888771503,1.40610191653832,0.570745848979641,1,2.77032370599417
272,269,2,5,1070.51995292936,0.198234587614934,3,0.107628580928576,1.59253635946516,0.658670550004899,1,-3.20427362167163
273,36,1,2,1073.51969363698,0.198323847407664,2,0.0989861843390827,1.51280892668183,0.661544422697261,1,-2.77032370599417
274,137,1,1,1076.44932150851,0.19926297749771,1,0.0342286432060064,1.50328768694817,0.585691742913696,1,2.77032370599417
275,216,2,8,1079.43414851425,0.216838669801291,3,0.100428095822281,1.56633056208375,0.68172884220985,1,-3.20427362167163
276,254,2,6,1082.41554648065,0.19925829501517,3,0.0726343520836963,1.77722365167938,0.625290313819278,1,-3.20427362167163
277,281,2,1,1085.6349531986,0.198339650782145,3,0.0266684850303136,1.58181230743321,0.597260982760417,1,3.20427362167163
278,405,3,1,1088.70477923273,0.198322969443325,3,0.241633869789439,1.71992647334264,0.80162552326874,1,-2.77032370599417
279,307,2,3,1091.69872624811,0.199465787452937,3,0.0195786235381092,1.68962613901385,0.571394372593204,1,3.20427362167163
280,393,2,1,1094.88403133516,0.198236636198999,3,0.0176380278317083,1.51992951695684,0.568764281566473,1,3.20427362167163
281,414,3,1,1097.90119672507,0.19833935812494,1,0.280606451522544,1.68334459079779,0.832115205419541,0,-2.77032370599417
282,255,2,7,1100.83548190923,0.198303068898895,3,0.057555885410693,1.80498256946339,0.620927119525732,1,-3.20427362167163
283,1,1,1,1104.09846642895,0.199332629399578,1,0.13820166977348,1.75824087384535,0.689879870949881,1,2.77032370599417
284,158,1,2,1107.23358585563,0.198436519605821,2,0.221194255063892,1.99086418698062,0.772777636004321,1,-2.77032370599417
285,5,1,1,1110.51772084921,0.198424813403108,1,0.0201522274564923,1.80170863730564,0.580688219346484,1,2.77032370599417
286,347,2,3,1113.81454800011,0.198995783426653,3,0.0892068228422431,1.64203954823461,0.640195236044747,1,3.20427362167163
287,396,2,4,1116.88208839822,0.198297508450196,3,0.0178153767992626,1.57183101394548,0.56916463368907,1,3.20427362167163
288,285,2,5,1119.9508336572,0.198272340116091,3,0.0679240688896243,1.75403571328388,0.619891705920963,1,-3.20427362167163
289,102,1,2,1123.15149376996,0.1983791592138,2,0.0540419761000521,1.68947717758783,0.6050786773867,1,-2.77032370599417
290,56,1,2,1126.30131443094,0.198279071184515,2,0.0583358111471171,1.82697969442233,0.642054180987543,1,-2.77032370599417
291,3,1,1,1129.58524456598,0.198285802249302,NaN,NaN,NaN,NaN,0,2.77032370599417
292,425,3,1,1132.68148301196,0.199057240988623,3,0.291491463836792,1.67883682490356,0.843871744504213,1,-2.77032370599417
293,363,2,3,1135.58375846358,0.198274681357361,3,0.0884552846473525,1.8245243184665,0.640334832507506,1,3.20427362167163
294,434,3,1,1138.83426739073,0.198332334404768,3,0.326205914441744,2.07813012146289,0.877291489123309,1,-2.77032370599417
295,8,1,2,1142.10047023815,0.19836569708059,2,0.104798021182432,1.52402727310982,0.655506948802213,1,-2.77032370599417
296,436,3,1,1145.03421342514,0.19833935812494,3,0.341141272792811,1.82202270300877,0.903908466862049,1,-2.77032370599417
297,60,1,2,1148.03047885392,0.19877131699468,2,0.0292145840558078,1.46603094183411,0.598202746743482,1,-2.77032370599417
298,433,3,1,1150.98229261292,0.19839671851696,3,0.221481057023993,1.87400906996481,0.772717641715644,1,-2.77032370599417
299,87,1,1,1154.14909487643,0.19831067792984,1,0.191086780419937,1.61122472630814,0.743093340575797,1,2.77032370599417
300,139,1,1,1157.08366627724,0.198288436144139,1,0.05745170020964,1.78850930877161,0.619593490415355,1,2.77032370599417
301,179,1,1,1160.33034376434,0.199305997790361,1,0.166292458396128,1.85390308201022,0.718743561588781,1,2.77032370599417
302,42,1,2,1163.5330662173,0.198341406710824,2,0.0923736432505393,1.70734669557351,0.655760388084673,1,-2.77032370599417
303,247,2,7,1166.66294799636,0.198989052360048,3,0.13199299266671,1.61757738970482,0.682685824258442,1,-3.20427362167163
304,356,2,4,1169.66389649142,0.218633523285462,3,0.0264899654430337,1.56032176838562,0.609128438112748,1,3.20427362167163
305,39,1,1,1172.71352493655,0.19905021726845,1,0.0833911814843304,1.50302546801504,0.635018168026363,1,2.77032370599417
306,419,3,1,1175.64841416076,0.19869961650511,3,0.355145988050936,1.80784034612952,0.906865453591308,1,-2.77032370599417
307,345,2,1,1178.63293709789,0.198392036036239,3,0.0508259896432719,1.61548929584933,0.613512996225836,1,3.20427362167163
308,284,2,4,1181.71319101713,0.198998709976877,3,0.0176116888778779,1.57081462291899,0.569308619980802,1,3.20427362167163
309,278,2,6,1184.78078409314,0.198766049203186,3,0.0178780049827765,1.57137271612009,0.569675609423939,1,-3.20427362167163
310,109,1,1,1187.84930956818,0.198317408996445,2,0.171131217162838,1.62309159635151,0.722481352018804,0,2.77032370599417
311,443,3,1,1190.8156141425,0.198175178635211,3,0.418295096973452,1.920467182832,0.969580847715406,1,-2.77032370599417
312,289,2,1,1193.83241956668,0.198314775099789,3,0.0159467742396373,1.41847829904145,0.567091757895469,1,3.20427362167163
313,327,2,7,1196.74989961931,0.21871019891114,NaN,NaN,NaN,NaN,0,-3.20427362167163
314,426,3,1,1199.66321080061,0.199041144960574,3,0.217156200540558,1.7528238286759,0.768509847257519,1,-2.77032370599417
315,442,3,1,1202.71367711718,0.199042900891072,3,0.306965014842717,1.7104965419876,0.859415532726416,1,-2.77032370599417
316,27,1,1,1205.63214107613,0.198300727657625,1,0.0745594370728213,1.74385131718191,0.658850825520858,1,2.77032370599417
317,352,2,8,1208.81582339087,0.198289606765684,3,0.159053928133289,1.54449147086052,0.71027705069173,1,-3.20427362167163
318,164,1,2,1211.71575994325,0.198234294957729,1,0.137581241044245,1.86855456494959,0.699287853176429,0,-2.77032370599417
319,105,1,1,1214.9629495767,0.199250685984225,1,0.0283895894390298,1.58116524709476,0.580026818910483,1,2.77032370599417
320,180,1,2,1218.03076448525,0.198440031466816,2,0.136249075210799,1.78539165441362,0.698665375863129,1,-2.77032370599417
321,152,1,2,1221.19575375067,0.199279658834712,1,0.16234717552652,1.71619102415207,0.714694093518119,0,-2.77032370599417
322,290,2,2,1224.26406266096,0.198556508181355,3,0.0195320913844625,1.47200403161696,0.571045820417567,1,3.20427362167163
323,371,2,3,1227.23159755715,0.218402033133316,3,0.019261970763182,1.68390502523835,0.59888199913803,1,3.20427362167163
324,86,1,2,1230.41146511317,0.199064264710614,2,0.117102117887043,1.83673242430814,0.66817803494996,1,-2.77032370599417
325,33,1,1,1233.64621485798,0.199148842022623,1,0.0702483353779826,1.689857629166,0.622289721486595,1,2.77032370599417
326,19,1,1,1236.78073170789,0.217388568660681,1,0.0747476142769301,1.72341404369581,0.65594388280806,1,2.77032370599417
327,212,2,4,1239.94497762945,0.198999587941216,3,0.0883241751816968,1.591188975568,0.63960524344111,1,3.20427362167163
328,271,2,7,1242.96342221463,0.198738539627811,3,0.0427217857104552,1.61255835541851,0.594918864309875,1,-3.20427362167163
329,57,1,1,1246.04845226445,0.198346674502318,2,0.198026217211009,1.75189816072088,0.767810986973927,0,2.77032370599417
330,224,2,8,1249.11754695358,0.198363648496525,3,0.0715351396775077,1.46639324879834,0.631775257303161,1,-3.20427362167163
331,320,2,8,1252.0281677569,0.199031487341927,3,0.038794940110165,1.69160770642702,0.590197167566657,1,-3.20427362167163
332,160,1,2,1255.19564780953,0.198773365580564,1,0.12483582051027,1.64420431771578,0.676153177999367,0,-2.77032370599417
333,215,2,7,1258.22988464708,0.198302483588122,3,0.154706537212405,1.65815255054804,0.706571159664236,1,-3.20427362167163
334,228,2,4,1261.24803628454,0.198360721944482,3,0.133309355129313,1.86411967016647,0.694239260730683,1,3.20427362167163
335,24,1,2,1264.49492448329,0.198960664818514,2,0.24325722741014,1.91298662683403,0.794749885279089,1,-2.77032370599417
336,209,2,1,1267.67982073121,0.198450567047985,3,0.157293607944666,1.56000540826608,0.708203004280222,1,3.20427362167163
337,195,1,1,1270.59668123308,0.216003139603345,1,0.125337723939083,1.56328109635615,0.69527964946974,1,2.77032370599417
338,30,1,2,1273.54889183235,0.198331163783223,2,0.128076682649407,1.69101537258393,0.690406650059231,1,-2.77032370599417
339,199,1,1,1307.43527874809,0.198788290988887,1,0.627102141297655,2.38853061406007,1.19613478755673,1,2.77032370599417
340,113,1,1,1310.71224866783,0.198231661062891,1,0.104172909976114,1.60748488729405,0.654757751846773,1,2.77032370599417
341,21,1,1,1313.73029612009,0.198246001162261,1,0.0997081643745332,1.61359932947016,0.661771523024072,1,2.77032370599417
342,249,2,1,1316.75974541351,0.199003977768371,3,0.150336611850435,1.90409547344643,0.70199842434522,1,3.20427362167163
343,7,1,1,1320.02816687894,0.198318579616171,1,0.0181258838183567,1.5506506892616,0.581399371143561,1,2.77032370599417
344,169,1,1,1323.07602037113,0.198969444469185,1,0.0268209583173302,1.56369286202607,0.578547447579695,1,2.77032370599417
345,85,1,1,1326.12797805789,0.198296630485856,NaN,NaN,NaN,NaN,0,2.77032370599417
346,134,1,2,1329.24735088639,0.19838559762502,2,0.054075046122307,1.60040790262246,0.613889350634054,1,-2.77032370599417
347,383,2,7,1332.3087984988,0.199023585657415,3,0.114400619024309,1.65106210374506,0.665617595826916,1,-3.20427362167163
348,154,1,2,1335.36037631929,0.198492709376296,2,0.128420845001529,1.81528080838325,0.67999690956276,1,-2.77032370599417
349,447,3,1,1338.57945936075,0.198382085764024,3,0.501368162407744,2.13217560942576,1.06392464483361,1,-2.77032370599417
350,80,1,2,1341.72584600725,0.199043778855412,2,0.168018245287385,1.75400761839592,0.719207419859231,1,-2.77032370599417
351,110,1,2,1344.82688926401,0.198515243815564,2,0.0188616186405852,1.63891165094901,0.570510846966499,1,-2.77032370599417
352,70,1,2,1347.96165223682,0.198437982880932,2,0.143998288553121,1.56625476442605,0.714858273007849,1,-2.77032370599417
353,174,1,2,1350.89844810874,0.198302483588122,2,0.104554824829393,1.54935744655086,0.664218997293574,1,-2.77032370599417
354,387,2,3,1353.85880973675,0.199291072382039,3,0.145827675334658,1.51672465139018,0.698194786526074,1,3.20427362167163
355,293,2,5,1356.74445447926,0.198329407854544,3,0.104035069440215,1.63898861923008,0.686876352066975,1,-3.20427362167163
356,114,1,2,1359.79392606128,0.19875375769152,2,0.0810733534053725,1.733811785336,0.632998555454833,1,-2.77032370599417
357,238,2,6,1362.96116057632,0.198358088049645,3,0.119637096018778,1.62234532594812,0.670933382343719,1,-3.20427362167163
358,153,1,1,1365.97837513228,0.198565580485592,1,0.256473822590124,1.7573968566503,0.83939675597685,1,2.77032370599417
359,313,2,1,1368.99375503367,0.198330285818884,3,0.12962746181438,1.56599635000566,0.680945111957044,1,3.20427362167163
360,439,3,1,1371.94496826448,0.198224637342719,3,0.284453694945114,1.68660857268696,0.835728617450513,1,-2.77032370599417
361,309,2,5,1374.86159083779,0.198375354697419,3,0.0663437315633928,1.60190190670619,0.617833755537504,1,-3.20427362167163
362,198,1,2,1377.91153125322,0.198359551324756,2,0.134393349471793,1.73608249595054,0.717872620129128,1,-2.77032370599417
363,336,2,8,1381.02796289836,0.198320628200236,3,0.174427683763497,1.64376709105636,0.725846299903424,1,-3.20427362167163
364,157,1,1,1384.01183467799,0.198353112913537,1,0.0279538260565459,1.77968663666798,0.578977650518937,1,2.77032370599417
365,335,2,7,1387.27811478634,0.218114060553489,3,0.0176965588452731,1.58178918768317,0.597194550060522,1,-3.20427362167163
366,260,2,4,1390.3572627621,0.199068069226996,3,0.139230937620596,1.84237744776692,0.690293392552121,1,3.20427362167163
367,117,1,1,1393.57549798185,0.198871990334737,1,0.130053567583673,1.59982493374264,0.68188892452963,1,2.77032370599417
368,291,2,3,1396.55985293498,0.198312141204951,3,0.0200363360527263,1.45564666232895,0.571212633800315,1,3.20427362167163
369,376,2,8,1399.51060347815,0.198309507311933,3,0.0172534790835925,1.53632580936755,0.568023278956389,1,-3.20427362167163
370,397,2,5,1402.54461028882,0.198343162643141,3,0.0670071805834596,1.51903838229555,0.617914820988517,1,-3.20427362167163
371,112,1,2,1405.51146710323,0.198380915142479,1,0.215642003258836,1.69611108249592,0.777793158427812,0,-2.77032370599417
372,378,2,2,1408.50739071089,0.198434178368188,3,0.0663823620307085,1.57205840692768,0.617569780675694,1,3.20427362167163
373,235,2,3,1411.52724443019,0.198253024882433,3,0.102906298874586,1.67197377108459,0.653919295098603,1,3.20427362167163
374,197,1,1,1414.6110652293,0.198342284675164,1,0.061225194556755,1.70855623894022,0.624314309192414,1,2.77032370599417
375,64,1,2,1417.77389850488,0.198396133208007,2,0.184881322518777,1.87356862410161,0.736058790891548,1,-2.77032370599417
376,438,3,1,1420.97724372782,0.198357502740691,3,0.422498794261628,1.9581438879577,0.974093003434973,1,-2.77032370599417
377,98,1,2,1424.02760351795,0.19832501802739,2,0.0394288309726107,1.70764900825088,0.590039719143533,1,-2.77032370599417
378,386,2,2,1427.21048307985,0.198362770530366,3,0.0176043725005002,1.5816823685891,0.577732988545904,1,3.20427362167163
379,230,2,6,1430.28965768723,0.199180741423334,3,0.0269371423746634,1.61362186390761,0.578604807968077,1,-3.20427362167163
380,138,1,2,1433.3922950361,0.198293118624861,2,0.0404537089925725,1.63940536003429,0.60309974386837,1,-2.77032370599417
381,40,1,2,1436.50679018271,0.199046412752068,2,0.0610106784006348,1.76444369784804,0.629618096852937,1,-2.77032370599417
382,22,1,2,1439.72515300006,0.198534266397473,2,0.080096178160602,1.66619237036502,0.631723457358021,1,-2.77032370599417
383,83,1,1,1442.82602622423,0.198366867698496,1,0.154104253095284,1.66910633680163,0.717643471216434,1,2.77032370599417
384,217,2,1,1445.85660780008,0.217522019367607,3,0.0982671308556746,1.88690169599431,0.668909379946854,1,3.20427362167163
385,354,2,2,1449.16011012025,0.198290484728204,3,0.0799150246784848,1.61511411206084,0.63108605463276,1,3.20427362167163
386,136,1,2,1452.21016584177,0.19826999887664,2,0.0896847285584954,1.83691708964761,0.652371442483854,1,-2.77032370599417
387,326,2,6,1455.4729835481,0.199039389030077,3,0.0689395819463243,1.63853675981954,0.620368148360285,1,-3.20427362167163
388,161,1,1,1458.57699988762,0.198362185219594,NaN,NaN,NaN,NaN,0,2.77032370599417
389,84,1,2,1461.75618672798,0.199068654535949,2,0.0876797487362637,1.70701511739026,0.638905797848565,1,-2.77032370599417
390,351,2,7,1464.89041970247,0.199242198985303,3,0.122322498853464,1.50883291503123,0.674664149049931,1,-3.20427362167163
391,373,2,5,1467.79174461046,0.198305995447299,3,0.182787082907453,1.91929773321317,0.733563906498603,1,-3.20427362167163
392,6,1,2,1471.04311482146,0.198230490444985,2,0.144998876206955,1.69216814086758,0.707194514943694,1,-2.77032370599417
393,427,3,1,1474.10581968,0.199008952902659,3,0.326310099644616,2.02938315337087,0.877839632052201,1,-2.77032370599417
394,277,2,5,1477.34270405081,0.198299849693285,3,0.0186277872453502,1.58269027261485,0.581612131372822,1,-3.20427362167163
395,170,1,2,1480.42210751445,0.199016269278218,2,0.142016135829181,1.54511804534559,0.693342565624334,1,-2.77032370599417
396,446,3,1,1483.33997474972,0.199158792293019,3,0.314889528566709,2.06730364016039,0.866381601124885,1,-2.77032370599417
397,201,2,1,1486.60734792472,0.198332627060154,3,0.0341191902116407,1.59987175855349,0.614713759936421,1,3.20427362167163
398,357,2,5,1489.68844732443,0.198955982337793,3,0.0754201356066915,1.71079124563403,0.626122917467001,1,-3.20427362167163
399,65,1,1,1492.83979242562,0.199205031796737,1,0.172538595350488,1.75919171013811,0.725078373026918,1,2.77032370599417
400,208,2,8,1495.94103732171,0.215963338516303,3,0.0925152883028204,1.76205563255644,0.661139388095762,1,-3.20427362167163
401,167,1,1,1499.12543342214,0.198417789681116,1,0.118165919029707,1.66563895964646,0.680567586929101,1,2.77032370599417
402,448,3,1,1502.18852429271,0.19906309408907,3,0.281350673340057,1.65080866446442,0.832736219457729,1,-2.77032370599417
403,177,1,1,1505.07288310889,0.199120161829342,1,0.143901127074059,1.86212903044725,0.69516317275702,1,2.77032370599417
404,132,1,2,1508.32540111303,0.19829545986795,2,0.137600848935108,1.61810914394664,0.69948949251193,1,-2.77032370599417
405,237,2,5,1511.3212934066,0.199054314438399,3,0.121660513104871,1.55794219008749,0.672872514773189,1,-3.20427362167163
406,41,1,1,1514.27261755368,0.198839212967869,1,0.0849167923115601,1.63832985268891,0.637162451654149,1,2.77032370599417
407,298,2,2,1517.34072892181,0.198372428145376,3,0.0531256731046597,1.73853611597588,0.604736270965077,1,3.20427362167163
408,306,2,2,1520.54149117118,0.198340821400052,3,0.0481637065604446,1.54574520513779,0.627664624324098,1,3.20427362167163
409,318,2,6,1523.55512392186,0.198950421890913,3,0.154969048802741,1.90775014983956,0.706681490621122,1,-3.20427362167163
410,406,3,1,1526.82299431781,0.198865259269951,3,0.524376703255257,1.96011930961686,1.0758485826118,1,-2.77032370599417
411,186,1,2,1529.79234952847,0.198385890278587,2,0.229485758234659,1.74254636826663,0.790765386631392,1,-2.77032370599417
412,276,2,4,1532.82156703908,0.199199471349857,3,0.0949068654554139,1.49763710304251,0.646315823978512,1,3.20427362167163
413,18,1,2,1535.73949573192,0.198273218084069,2,0.101019844354596,1.53967085670592,0.671524252913514,1,-2.77032370599417
414,444,3,1,1538.69343943445,0.198360429290915,3,0.259795750178455,1.92157400427095,0.820274674333632,1,-2.77032370599417
415,149,1,1,1541.87026191457,0.199027390171977,1,0.253707939613378,1.65689910892252,0.804845021582878,1,2.77032370599417
416,377,2,1,1544.78857954598,0.198619429018436,3,0.294689305683278,1.89841328279363,0.84676581039821,1,3.20427362167163
417,104,1,2,1547.90792984005,0.198366867702134,2,0.106589655464632,1.58691474840816,0.66674900029102,1,-2.77032370599417
418,82,1,2,1550.90431496474,0.198565287832025,2,0.118678943352279,1.63849227624814,0.6697984660168,1,-2.77032370599417
419,337,2,1,1553.93984124048,0.198276437284221,3,0.0287074128355016,1.62703161143145,0.591222338243824,1,3.20427362167163
420,410,3,1,1557.05441218475,0.198798826571874,3,0.267479701444245,1.70432825127864,0.819308912636188,1,-2.77032370599417
421,333,2,5,1560.00703133048,0.198358380705031,3,0.247493116752594,1.91181073880216,0.810262359409535,1,-3.20427362167163
422,449,3,1,1563.18744702944,0.199035291858308,3,0.198904475048039,1.66790001264235,0.750228563600103,1,-2.77032370599417
423,262,2,6,1566.17201971793,0.198457883423544,3,0.0176880718463508,1.53727635300311,0.569385880913615,1,-3.20427362167163
424,311,2,7,1569.20707511168,0.198512024609954,3,0.0373980975091399,1.76804452571014,0.59955071594959,1,-3.20427362167163
425,75,1,1,1572.45343740928,0.199007489627547,3,0.0190568195648666,1.67173847641243,0.570323255073163,0,2.77032370599417
426,421,3,1,1575.6217960124,0.19830102031483,3,0.299406027290388,1.78505832029987,0.883324865848408,1,-2.77032370599417
427,118,1,2,1578.62240444227,0.198289606763865,1,0.153561377959704,1.85632480263303,0.705375663739687,0,-2.77032370599417
428,226,2,2,1581.84035403068,0.198336724231922,3,0.0168888308762689,1.48074944278414,0.579172558787832,1,3.20427362167163
429,223,2,7,1584.82031154887,0.199158792296657,3,0.171214916510507,1.69056497644851,0.723030372912035,1,-3.20427362167163
430,155,1,1,1587.85484660192,0.198393791964918,1,0.103754998548538,1.65604894597345,0.654931296296127,1,2.77032370599417
431,346,2,2,1590.92220555389,0.198284631631395,3,0.0213749403010297,1.52468047920775,0.572605379235029,1,3.20427362167163
432,59,1,1,1593.94067413679,0.198229612477007,1,0.0201288150528853,1.7499757096266,0.581826354875375,1,2.77032370599417
433,131,1,1,1597.18593985587,0.198980565361126,1,0.0194764869229402,1.58905113035144,0.570696390273952,1,2.77032370599417
434,121,1,1,1600.29035420627,0.198364233805478,1,0.024473279423546,1.60444917635323,0.586190719790466,1,2.77032370599417
435,424,3,1,1603.38657597091,0.198757269554335,3,0.434463996403792,1.8042772707704,0.985893440782093,1,-2.77032370599417
436,214,2,6,1606.27119115292,0.217918566970184,3,0.109757061178243,1.77547386707374,0.691001617797156,1,-3.20427362167163
437,403,3,1,1609.45289511945,0.198851797133102,3,0.356253102145274,2.02598337953532,0.907595920620224,1,-2.77032370599417
438,74,1,2,1612.63811299529,0.198288143488753,2,0.249184370350122,1.96883867448196,0.801175712436816,1,-2.77032370599417
439,91,1,1,1615.87304096702,0.198382085764024,1,0.0191495912222308,1.73929614116787,0.587431577245297,1,2.77032370599417
440,392,2,8,1619.10877461814,0.198301898275531,3,0.0175417443169863,1.49534093143666,0.577184845617012,1,-3.20427362167163
441,246,2,6,1622.10263676356,0.199077726843825,3,0.0450042025258881,1.43205310401754,0.597131629223441,1,-3.20427362167163
442,338,2,2,1625.00488587623,0.198382671074796,3,0.0176210538411397,1.5658482665458,0.581187781535846,1,3.20427362167163
443,323,2,3,1628.08581729193,0.198571433586039,3,0.0220430718036368,1.62484606343787,0.572948663619172,1,3.20427362167163
444,69,1,1,1631.20390068224,0.198394669932895,1,0.112148345680907,1.71490363453995,0.663892394248251,1,2.77032370599417
445,156,1,2,1634.321770727,0.198287265524414,1,0.0918096969508042,1.77293596239178,0.654362374858465,0,-2.77032370599417
446,349,2,5,1637.51892073496,0.198693470749276,3,0.070706925860577,1.57560597156771,0.640365853945696,1,-3.20427362167163
447,25,1,1,1640.53894360888,0.198320042891282,1,0.178585726858728,1.8756751552246,0.740898427622597,1,2.77032370599417
448,200,1,2,1643.75218554799,0.19886613723429,2,0.0600569155576522,1.83055008615702,0.612226191922673,1,-2.77032370599417
449,97,1,1,1647.03791053652,0.198222003444243,1,0.017839667169028,1.59906549386142,0.597591097666736,1,2.77032370599417
450,358,2,6,1650.13472229376,0.199046705405635,3,0.0392740164425049,1.79205248358994,0.590615956960391,1,-3.20427362167163
