PresOrder,TrialNumber,Illusory_Fragmented,Fat_Thin,StimPresTime,StimPresLength,Response,RespScreenOnset_to_Resp,ExpStartOnset_to_Resp,StimOnset_to_Resp,Accuracy,StepLevel
1,437,3,1,214.691347547037,0.198351726981855,NaN,NaN,NaN,NaN,0,-3.75
2,136,1,2,217.83743196945,0.199057310279386,2,1.31428921774568,2.93617558634833,1.86595058692728,1,-3.75
3,58,1,2,220.969138120199,0.199143349884253,2,0.875926206113945,2.5647156844625,1.42668415943444,1,-3.75
4,182,1,2,224.166782215321,0.198334167878784,2,0.626056070314007,2.3827890352768,1.17711399164909,1,-3.75
5,266,2,2,227.438894467155,0.198604870720374,3,0.453980955981024,2.1427391205998,1.00652554805674,1,2.9926844162543
6,193,1,1,230.639110092943,0.198309877785505,1,0.43439670286898,1.83827626966195,0.985387606961012,1,3.75
7,95,1,1,233.552273303929,0.198843381871484,2,0.616950212041047,2.00519486068515,1.16755657177237,0,3.75
8,10,1,2,236.448758000732,0.199094477045946,2,0.533007163236107,1.94106696720155,1.08419677784514,1,-3.75
9,261,2,5,239.364683551305,0.198649353780638,3,0.364303104068313,2.0726458144527,0.914847421634477,1,-2.9926844162543
10,69,1,1,242.580865669641,0.198376895028559,1,0.450105661904672,2.20868964899637,1.00111032062523,1,3.75
11,335,2,7,245.847352862764,0.19823173977602,3,0.764629001025241,2.39001694746003,1.31572818625318,1,-2.9926844162543
12,194,1,2,248.981229903971,0.198415817707428,NaN,NaN,NaN,NaN,0,-3.75
13,33,1,1,251.897692470451,0.198252225396573,NaN,NaN,NaN,NaN,0,3.75
14,170,1,2,254.997047729446,0.198283831781737,2,0.858674679860997,2.58401752866848,1.40982010406151,1,-3.75
15,357,2,5,258.230655209156,0.199095647654758,3,0.59080997509227,1.98265628845729,1.14164811498631,1,-2.9926844162543
16,283,2,3,261.131472029372,0.198536975520256,3,0.43984968237055,1.91404848244019,0.990984571108129,1,2.9926844162543
17,124,1,2,264.114010379186,0.198288221557959,2,1.37425209194771,3.09886243349865,1.92530298964266,1,-3.75
18,56,1,2,267.34752333239,0.198597554426669,2,0.765562852664516,2.27331036797841,1.31629768649873,1,-3.75
19,376,2,8,270.363646686261,0.198241689935458,3,0.475256736039228,2.23338857622366,1.02623856792525,1,-2.9926844162543
20,85,1,1,273.629375326123,0.198357580014999,1,0.406466315347643,1.81537393134568,0.957530967672938,1,3.75
21,209,2,1,276.547141070712,0.198837236186591,3,0.518254297370731,2.00945060199956,1.06905790436213,1,2.9926844162543
22,134,1,2,279.54601582485,0.198719590194742,2,0.585982099664761,2.19476001242037,1.13650798017261,1,-3.75
23,12,1,2,282.662690505296,0.198330656057806,2,0.940964539098786,2.36613188466799,1.49189369367741,1,-3.75
24,351,2,7,285.595536593024,0.198318072032635,3,0.483353823830839,2.00905259566025,1.03445564292451,1,-2.9926844162543
25,206,2,6,288.629880150342,0.198465861152727,3,0.315593859113505,1.80680245511394,0.866430828400553,1,-2.9926844162543
26,104,1,2,291.628916155574,0.198299634974319,2,0.743555443306832,2.13558817581725,1.2946162911594,1,-3.75
27,232,2,8,294.529294876165,0.198512978080544,3,0.408729683751517,1.86700735228987,0.959746341195569,1,-2.9926844162543
28,329,2,1,297.495347569278,0.199235242525901,3,0.374064502195324,1.9173115491194,0.925945360168043,1,2.9926844162543
29,205,2,5,300.547462987606,0.198628282858408,3,0.389642938564066,2.11285352693449,0.940241396698184,1,-2.9926844162543
30,137,1,1,303.778672771772,0.198263346161184,1,0.332004596972183,1.87376263194528,0.883019498505746,1,3.75
31,312,2,8,306.8283471821,0.198269784499644,3,0.454567430027964,2.07984065699202,1.00555043252461,1,-2.9926844162543
32,353,2,1,309.961709741585,0.198280612614326,3,0.539261130496016,2.11444555229536,1.09032549016956,1,2.9926844162543
33,253,2,5,313.044645483169,0.198342069475984,3,0.342000116474082,1.76754907988834,0.893002726636041,1,-2.9926844162543
34,29,1,1,315.977999321633,0.198656670074342,1,0.829255865692176,2.55497301604919,1.38058595312759,1,3.75
35,165,1,1,319.211506129152,0.198716078371945,1,0.922772722869922,2.66464219961745,1.47339751965956,1,3.75
36,234,2,2,322.461416650887,0.198620381261208,3,0.462252171550062,2.07057413292387,1.01292057344472,1,2.9926844162543
37,307,2,3,325.5778133122,0.198321583853613,3,0.306493561221941,1.69833372890025,0.857524558599835,1,2.9926844162543
38,93,1,1,328.477920744646,0.198282368522996,1,1.26790567600983,2.92615811796895,1.81896535325541,1,3.75
39,188,1,2,331.644584436021,0.198314852865224,2,0.819346678446891,2.3275001016973,1.37043796207763,1,-3.75
40,272,2,8,334.6603264647,0.19876348795151,3,0.26648163273785,1.77550862137286,0.81737947358306,1,-2.9926844162543
41,99,1,1,337.677336553283,0.19896980741396,1,1.25405271418458,2.6627279647164,1.80504508153354,1,3.75
42,399,2,7,340.595056058901,0.198676863043147,3,0.870622186335822,2.34476099280255,1.42126161571287,1,-2.9926844162543
43,114,1,2,343.576959354481,0.198283831781737,2,0.639459226445979,2.11471040210017,1.19043959507508,1,-3.75
44,396,2,4,346.560876386548,0.198338265003258,3,0.382499310073399,2.1070745334182,0.933501042280113,1,2.9926844162543
45,278,2,6,349.79371185102,0.199007559487654,3,0.570125936814293,2.16180655077369,1.1208042888702,1,-2.9926844162543
46,342,2,6,352.893500527212,0.198361091835977,3,0.349418544928994,1.75791147343989,0.900571285423212,1,-2.9926844162543
47,119,1,1,355.809419054143,0.198866208706022,2,0.439110151473869,1.89832050104451,0.989989262607196,0,3.75
48,224,2,8,358.776959003299,0.199224121759471,3,0.298861204360946,1.69049739379079,0.849536922549305,1,-2.9926844162543
49,103,1,1,361.676596437082,0.198234666293502,1,0.814187521271379,2.43908176425612,1.36498205605858,1,3.75
50,436,3,1,364.809733362092,0.198315438166901,3,0.958084664727721,2.64979305133602,1.50913322120869,1,-3.75
51,195,1,1,368.009698478007,0.198234373641753,NaN,NaN,NaN,NaN,0,3.75
52,258,2,2,371.176368900369,0.198301976190123,3,0.622819049636746,2.33103621243208,1.17374674095845,1,2.9926844162543
53,368,2,8,374.392285583595,0.198806800406601,3,0.428248090227498,2.18715223830259,0.979005165594572,1,-2.9926844162543
54,198,1,2,377.659183659733,0.199289383092037,2,1.12609104219518,2.76804863637517,1.67690225813021,1,-3.75
55,318,2,6,380.808775220359,0.198764365906754,3,0.443022612320419,2.0185178302454,0.993717060220661,1,-2.9926844162543
56,67,1,1,383.892007418135,0.198332997271791,1,0.541252918103055,1.98319945004914,1.0921999244365,1,3.75
57,275,2,3,386.841597574034,0.198403818989391,3,0.254643285355996,1.71367423942138,0.805523274446386,1,2.9926844162543
58,413,3,1,389.808632698972,0.19832187650718,NaN,NaN,NaN,NaN,0,-3.75
59,211,2,3,392.959559922048,0.198328607497388,3,0.837424360504883,2.41164742140245,1.38855368886107,1,2.9926844162543
60,350,2,6,396.04153049826,0.198418744224909,1,1.31307763962468,2.90521654617805,1.86396582296038,0,-2.9926844162543
61,369,2,1,399.141664503482,0.199061992707357,2,0.815239018902503,2.55724604195893,1.3658573773555,0,2.9926844162543
62,118,1,2,402.391297006085,0.198326266281583,1,0.85573674924126,2.54770618118528,1.40660473961179,0,-3.75
63,191,1,1,405.59121266386,0.198263931466499,1,1.01390476118104,2.75576662898311,1.56479879755352,1,3.75
64,238,2,6,408.840970128746,0.198300512931382,3,0.330190448959911,1.90564996337525,0.881240468699616,1,-2.9926844162543
65,239,2,7,411.924665008892,0.198224716134064,NaN,NaN,NaN,NaN,0,-2.9926844162543
66,347,2,3,415.174183669975,0.198421963394139,NaN,NaN,NaN,NaN,0,2.9926844162543
67,383,2,7,418.057163367848,0.199174078315991,3,0.762211405164635,2.12135037697954,1.31321108880729,1,-2.9926844162543
68,305,2,1,420.924682275343,0.198693836842722,2,0.767152536805952,2.32591480732845,1.318472381432,0,2.9926844162543
69,381,2,5,423.991519831105,0.198260126991954,3,0.357304045530327,1.71488318367665,0.908265684449361,1,-2.9926844162543
70,378,2,2,426.857314727318,0.198270662454888,1,0.458290545213458,2.03333244562236,1.00930925121793,0,2.9926844162543
71,443,3,1,429.94018052514,0.198455325689793,NaN,NaN,NaN,NaN,0,-3.75
72,322,2,2,433.09048703392,0.19830578066103,3,0.736770313174929,2.31184528322956,1.28793710095124,1,2.9926844162543
73,247,2,7,436.173393510331,0.198774316064373,3,0.375707741603037,2.08511658220232,0.927119478868917,1,-2.9926844162543
74,233,2,1,439.390333303971,0.198233203034761,3,0.112282856081947,1.80399504716297,0.663272589565167,1,2.9926844162543
75,446,3,1,442.591488634431,0.19854604772263,3,1.4719778661638,3.1788500016537,2.02257076391652,1,-3.75
76,432,3,1,445.806814746486,0.19833153401305,3,1.07457117011836,2.69947711917121,1.62564635790477,1,-3.75
77,344,2,8,448.939686236385,0.198291733378937,3,0.479495503552243,2.05472001863563,1.03057976354285,1,-2.9926844162543
78,177,1,1,452.023252642426,0.198315730820468,1,0.957895026413098,2.48272111081133,1.508924853184,1,3.75
79,240,2,8,455.055766541187,0.19837016404017,3,0.554991745757434,2.13063065567803,1.10616789838969,1,-2.9926844162543
80,438,3,1,458.13909150956,0.198513270730473,3,0.818598953301262,2.31089328718372,1.36986173084188,1,-3.75
81,7,1,1,461.139742366984,0.198463227286993,1,0.838215690757352,2.44640420294672,1.38902105365742,1,3.75
82,308,2,4,464.255941488385,0.198210083550293,3,0.383251132343503,2.0581417025478,0.934215405128271,1,2.9926844162543
83,391,2,7,467.439134441567,0.198500101403624,3,0.286425554815651,1.9948054319666,0.83716858290245,1,-2.9926844162543
84,287,2,7,470.655655157943,0.198874110303223,3,0.320435489173178,1.96223241755797,0.871085746661265,1,-2.9926844162543
85,142,1,2,473.805107709002,0.198844552478477,2,1.17264110275937,2.5488671305593,1.7241552681262,1,-3.75
86,319,2,7,476.689441506383,0.198982684090879,3,0.411023195281814,1.95219504885972,0.961695108999265,1,-2.9926844162543
87,173,1,1,479.738666696321,0.198961027863334,1,0.969134315726478,2.71103188704001,1.51978632912687,1,3.75
88,367,2,7,482.988532442345,0.198358165320315,3,0.700031401529486,2.32496544514834,1.25087393119975,1,-2.9926844162543
89,408,3,1,486.12091315531,0.198225886742875,3,0.779933515383163,2.47256463286431,1.33107630571794,1,-3.75
90,189,1,1,489.321905186111,0.198293196637678,1,0.93553028930728,2.54354701493685,1.4865408010628,1,3.75
91,256,2,8,492.437675572741,0.198349971071366,3,0.322805968104149,1.73170187803407,0.873800384017159,1,-2.9926844162543
92,17,1,1,495.354511855467,0.198468202366712,NaN,NaN,NaN,NaN,0,3.75
93,97,1,1,498.23798496414,0.199108524329858,1,1.02681070203835,2.63537790555529,1.57772580933488,1,3.75
94,215,2,7,501.354464445889,0.198924446398451,3,0.40549997936796,2.03071848045875,0.956326120542144,1,-2.9926844162543
95,244,2,4,504.487790716561,0.198250176834335,3,0.343598287519853,2.00180712437214,0.894588313656641,1,2.9926844162543
96,181,1,1,507.654340273764,0.19827036980314,1,1.25263423129581,2.81085334022464,1.80348290665279,1,3.75
97,334,2,6,510.720690857062,0.198280319962578,3,0.537632523673892,1.91276344873768,1.08868985970548,1,-2.9926844162543
98,150,1,2,513.603625193919,0.198366359567444,2,0.806123210470105,2.18165389778369,1.35719810560659,1,-3.75
99,299,2,3,516.487489870593,0.198778120537099,3,0.432948076853791,2.05789060737152,0.983762511958048,1,2.9926844162543
100,199,1,1,519.620400283169,0.198922397836213,1,0.956162820883037,2.36476578643851,1.50684761127377,1,3.75
101,373,2,5,522.537350407416,0.19825895638678,3,0.320283602928612,1.92821428895331,0.871239974117998,1,-2.9926844162543
102,245,2,5,525.652994368504,0.198304610055857,3,0.822330555385633,2.54792742588506,1.37335394381989,1,-2.9926844162543
103,431,3,1,528.886429183698,0.198273296322441,3,0.927089628394242,2.40242655100337,1.47809311650963,1,-3.75
104,271,2,7,531.870201353164,0.198323339765921,3,0.680684781613309,2.13887143546526,1.23163178794857,1,-2.9926844162543
105,144,1,2,534.835945591363,0.198564484782764,2,1.26794840315961,2.67692596291818,1.81885034112929,1,-3.75
106,298,2,2,537.753067209516,0.198826408071909,3,0.470345454868948,1.89560381512456,1.0212948024182,1,2.9926844162543
107,433,3,1,540.686570593009,0.198753830445639,3,0.577542024055219,2.20247460441533,1.12819842723184,1,-3.75
108,405,3,1,543.819488907182,0.198338265003258,3,0.566850871413408,1.925194415855,1.11781777806573,1,-3.75
109,79,1,1,546.685820233999,0.198269199196147,1,1.37145756067184,2.74681470551332,1.92252923663727,1,3.75
110,102,1,2,549.569204083897,0.198411135281276,NaN,NaN,NaN,NaN,0,-3.75
111,88,1,2,552.502395208003,0.198367237522689,NaN,NaN,NaN,NaN,0,-3.75
112,235,2,3,555.368549187877,0.198628575508337,3,0.321639165696979,1.86398864979492,0.872680405884239,1,2.9926844162543
113,162,1,2,558.418664624347,0.198414061796939,2,0.872978617986519,2.38178787374272,1.4242387616614,1,-3.75
114,204,2,4,595.499625552124,0.198544291812141,3,0.622109369214741,2.34844342939869,1.17321645603988,1,2.9926844162543
115,127,1,1,598.734749260397,0.199465266778134,1,1.13272926116406,2.64116772718626,1.68397243103755,1,3.75
116,59,1,1,601.751092103057,0.198314560213475,NaN,NaN,NaN,NaN,0,3.75
117,4,1,2,605.016492095037,0.198251932744824,2,1.01306602135082,2.65538035797726,1.5640750698476,1,-3.75
118,77,1,1,608.167096230616,0.198604285416877,1,0.594850324741856,1.95279352162834,1.14516139888838,1,3.75
119,226,2,2,611.033326592589,0.198582629187513,3,0.418393921505412,2.11037154769656,0.96927273998881,1,2.9926844162543
120,223,2,7,614.233657523153,0.198752952488576,3,0.580995607006116,2.00589283503723,1.13165610730357,1,-2.9926844162543
121,167,1,1,617.166660179553,0.198833431712046,1,0.966635362687157,2.42517612512165,1.51745096839841,1,3.75
122,365,2,5,620.133274471318,0.198973904538434,3,0.321650579113339,1.93017915260316,0.872295861525345,1,-2.9926844162543
123,349,2,5,623.249614358196,0.198326266281583,3,0.650748266551091,2.3258802744258,1.20170375978523,1,-2.9926844162543
124,26,1,2,626.432982317105,0.19830109823306,2,0.965657905942862,2.39074184577294,1.51671729053669,1,-3.75
125,356,2,4,629.366402294858,0.19824929888091,3,0.283650631205091,2.02516775528238,0.83471762474619,1,2.9926844162543
126,284,2,4,632.616182293927,0.198263931466499,3,0.408256758571952,1.98320676634285,0.959371454342545,1,2.9926844162543
127,121,1,1,635.698886255348,0.198459130162519,1,0.76256668435235,2.40476922802372,1.31371152324937,1,3.75
128,449,3,1,638.848869676629,0.199260117920858,3,0.509376707441334,2.11834952624122,1.06016246267427,1,-3.75
129,184,1,2,641.966080202374,0.198277686096844,NaN,NaN,NaN,NaN,0,-3.75
130,108,1,2,645.098709376649,0.198247542968602,2,0.86120875110646,2.23646639436447,1.41223535870813,1,-3.75
131,447,3,1,647.98215497606,0.198413476495261,3,0.640839371957554,2.04912773691467,1.1915118709785,1,-3.75
132,161,1,1,650.898343913181,0.198316901427461,1,0.66280317620658,2.20485152168658,1.21382305281986,1,3.75
133,317,2,5,653.948177233393,0.198399429211349,3,0.444595030012351,1.98683798888669,0.995777620981244,1,-2.9926844162543
134,113,1,1,656.998211605338,0.198941127544458,1,0.740517425800135,2.43267122832731,1.29120485005842,1,3.75
135,94,1,2,660.198293196638,0.198989707732835,NaN,NaN,NaN,NaN,0,-3.75
136,279,2,7,663.348449575084,0.198283831783556,3,0.380444309694212,1.73848174043633,0.931238551829665,1,-2.9926844162543
137,28,1,2,666.214434987567,0.198301390886627,1,0.860139401720517,2.3688734459829,1.41115781507506,0,-3.75
138,84,1,2,669.231270363072,0.19824461645112,NaN,NaN,NaN,NaN,0,-3.75
139,248,2,8,672.31459972122,0.198322169158928,3,0.741979221142174,2.5002930906976,1.29307196803347,1,-2.9926844162543
140,169,1,1,675.580629792355,0.198452691824059,1,1.01728840036776,2.42617787195923,1.56840134022787,1,3.75
141,285,2,5,678.497290776701,0.198631209374071,2,0.715957800792239,2.34153948266794,1.26712605182729,0,-2.9926844162543
142,354,2,2,681.630929599409,0.198750903928158,3,0.0462138037364639,1.68798731998686,0.596856452282736,1,2.9926844162543
143,23,1,1,684.780567399008,0.198282075873067,NaN,NaN,NaN,NaN,0,3.75
144,76,1,2,688.013738827654,0.198255737217551,3,0.884469880431425,2.39298999628591,1.43538879219886,0,-3.75
145,406,3,1,691.030369639608,0.198315145516972,3,0.349255830573384,2.02435828062517,0.900182643939843,1,-3.75
146,46,1,2,694.213185950024,0.198320120596691,2,0.765800485860382,2.44136649623761,1.31685694393855,1,-3.75
147,135,1,1,697.396913870551,0.198684179336851,1,0.280089059770035,1.7215764211669,0.830640693631722,1,3.75
148,355,2,3,700.346588895447,0.198937030421803,3,0.247165741253411,1.95602498192238,0.79784789778023,1,2.9926844162543
149,303,2,7,703.563240719794,0.198314267559908,3,0.301665100492755,1.84338684665272,0.852629373277523,1,-2.9926844162543
150,427,3,1,706.613208952451,0.198301390886627,3,0.65604321412502,2.28111421874746,1.20710581788626,1,-3.75
151,38,1,2,709.746246083223,0.198337094394446,1,1.03266373644146,2.7078545673121,1.58386271590643,0,-3.75
152,131,1,1,712.929548488146,0.198252518048321,1,1.48701665275985,3.02885721551866,2.03806989166878,1,3.75
153,445,3,1,715.979152369411,0.19848312760405,NaN,NaN,NaN,NaN,0,-3.75
154,20,1,2,719.247835913693,0.199049993985682,NaN,NaN,NaN,NaN,0,-3.75
155,48,1,2,722.479204315092,0.198527610666133,2,0.622769006193266,2.23072954269264,1.17298087140625,1,-3.75
156,296,2,8,725.59519565377,0.198298171717397,3,0.336496215573789,1.77874886121936,0.88745492797716,1,-2.9926844162543
157,246,2,6,728.545661130964,0.198289392164952,3,0.376610864810573,1.86842642048032,0.92770566026411,1,-2.9926844162543
158,340,2,4,731.545729318816,0.198258371083284,3,0.79152486471321,2.51625168164901,1.34236885764221,1,2.9926844162543
159,336,2,8,734.778412897043,0.198754415749136,3,0.653306042584518,2.19548666664195,1.20405580165971,1,-2.9926844162543
160,394,2,2,737.828742261923,0.198380699503105,3,0.408914054334673,1.81734318476992,0.960072355212105,1,2.9926844162543
161,409,3,1,740.745570643052,0.198702909045096,3,0.448617820558866,2.1401143273215,0.999219205210466,1,-3.75
162,252,2,4,743.944898363521,0.198324803024661,3,0.374172783331232,1.93272668582722,0.925156956434876,1,2.9926844162543
163,110,1,2,747.011395857982,0.198259834342025,1,0.707529431250805,2.26621619762955,1.25861310593973,0,-3.75
164,63,1,1,750.078282286582,0.198287928906211,2,0.880390022801294,2.45535817497694,1.43138063424158,0,3.75
165,174,1,2,753.161919514339,0.198295830503412,2,0.793203222328884,2.46779762899314,1.34429128679221,1,-3.75
166,316,2,4,756.344313528323,0.198377480332056,3,0.250409492919061,1.70929295051792,0.801629543308081,1,2.9926844162543
167,388,2,4,759.311241835383,0.199035946703589,3,0.934849874056454,2.51015603897031,1.48577668742291,1,2.9926844162543
168,91,1,1,762.394559487462,0.198279149355585,1,0.899031644723436,2.30714939372774,1.44999328364429,1,3.75
169,341,2,5,765.310684626507,0.19822354552889,3,0.322300265932427,1.83087657091892,0.873246394310627,1,-2.9926844162543
170,375,2,7,768.327160918352,0.19828646564747,3,0.356767322273299,1.78212986654216,0.907669845546479,1,-2.9926844162543
171,360,2,8,771.260651132518,0.198274174275866,3,0.298961876553221,1.84074829874226,0.850065451557384,1,-2.9926844162543
172,332,2,4,774.310490598416,0.198674229177414,3,0.218267261841902,1.92691111084605,0.769189392778571,1,2.9926844162543
173,60,1,2,777.526934932694,0.198986195910038,NaN,NaN,NaN,NaN,0,-3.75
174,35,1,1,780.660703400115,0.199004632970173,1,0.461196576794464,1.95277215805254,1.01183132374354,1,3.75
175,327,2,7,783.659980550367,0.198408794067291,3,0.35058242082232,1.80916825162058,0.901180878954619,1,-2.9926844162543
176,293,2,5,786.626687612727,0.198324803024661,3,0.300045858524754,1.65859191795425,0.851124850785709,1,-2.9926844162543
177,31,1,1,789.493329735667,0.198295537851664,1,0.701054511942857,2.37614028084681,1.25213379685556,1,3.75
178,55,1,1,792.676829680504,0.198331826664798,1,0.942703768270803,2.38416098653943,1.49376461612337,1,3.75
179,243,2,3,795.626490365466,0.198746806803683,3,0.262018401353998,1.77043228463481,0.812891659454181,1,2.9926844162543
180,313,2,1,798.643125567196,0.199109694936851,3,0.315260528803265,2.07374296574926,0.866206071879787,1,2.9926844162543
181,82,1,2,801.909733040175,0.19877314545738,2,0.741332168188819,2.18300711933807,1.29196018414768,1,-3.75
182,117,1,1,804.859451377526,0.1982896848167,1,0.278646579443375,1.95359187552094,0.829592707819756,1,3.75
183,140,1,2,808.042433328817,0.198266857982162,NaN,NaN,NaN,NaN,0,-3.75
184,168,1,2,811.175604786729,0.19832685158508,2,0.919664468950941,2.44499801143138,1.47073965673735,1,-3.75
185,441,3,1,814.209077119875,0.19850244261761,3,0.844030680435026,2.43583303751075,1.3949422759124,1,-3.75
186,220,2,4,817.308801120036,0.19861833269897,3,0.364064592917202,1.85601330511781,0.914744115578287,1,2.9926844162543
187,120,1,2,820.308600068305,0.199086868102313,2,0.929061515684225,2.48789372996544,1.47969772589022,1,-3.75
188,187,1,1,823.375512542907,0.198245201754617,1,0.361789518445221,1.85329222942346,0.912734476216428,1,3.75
189,326,2,6,826.375077077148,0.198311926347742,3,0.335694057208457,1.87759929599633,0.886709544045516,1,-2.9926844162543
190,216,2,8,829.425610712926,0.198265687375169,3,0.33040349941075,1.95500450537293,0.881440642475354,1,-2.9926844162543
191,268,2,4,832.558753198318,0.198288514211526,NaN,NaN,NaN,NaN,0,2.9926844162543
192,146,1,2,835.491263321872,0.198490443897754,1,0.33626882518729,1.94503795839228,0.88723895100884,0,-3.75
193,325,2,5,838.608777620104,0.198824944813168,3,0.286283033427026,1.84380036353105,0.836750090940768,1,-2.9926844162543
194,201,2,1,841.675216291571,0.198724272620893,3,0.465931681626898,2.04121180053517,1.01721026235828,1,2.9926844162543
195,352,2,8,844.758586035656,0.198252518048321,3,0.110876079263107,1.70183208756316,0.66184269326186,1,-2.9926844162543
196,387,2,3,847.85762318223,0.198282368524815,3,0.370293099478658,1.97881962440624,0.921242154372521,1,2.9926844162543
197,111,1,1,850.974763764216,0.198308414528583,1,0.843511223632959,2.50136975637542,1.39442574562599,1,3.75
198,101,1,1,854.14092233872,0.198304902707605,1,0.656014241603771,2.03104829894801,1.20708591757102,1,3.75
199,106,1,2,857.023905841064,0.198269784499644,2,0.278743447162924,1.8040942560965,0.829957351865232,1,-3.75
200,80,1,2,860.057347153128,0.199131643814326,NaN,NaN,NaN,NaN,0,-3.75
201,263,2,7,862.991053344263,0.198493955716913,3,0.215458097980445,1.77287534119387,0.765662061596231,1,-2.9926844162543
202,219,2,3,866.056770629239,0.198302561491801,3,0.00810674529930111,1.48341703660299,0.559099405301822,1,2.9926844162543
203,363,2,3,869.040163814727,0.198217399842179,3,0.109369508207237,1.86790550041769,0.660376800795348,1,2.9926844162543
204,267,2,3,872.306898883855,0.198294074592923,3,0.032740703845775,1.44106272375029,0.583798625180862,1,2.9926844162543
205,410,3,1,875.223513336578,0.198432498855254,3,0.265596361285134,1.94052439091138,0.816677694758255,1,-3.75
206,36,1,2,878.406662684652,0.198643208095746,2,0.753922923144273,2.42912107030861,1.30488895184135,1,-3.75
207,44,1,2,881.589881976488,0.198690617673492,2,0.927374085864358,2.68582784294267,1.47804043920041,1,-3.75
208,315,2,3,884.856382046286,0.198271833061881,3,0.853582247278609,2.39516381326212,1.40450350026003,1,2.9926844162543
209,186,1,2,887.906166201008,0.198257200476291,2,0.55066576803074,2.2256965184115,1.1016604765955,1,-3.75
210,435,3,1,891.08920434143,0.198306073312779,3,1.13703153410097,2.56232559786622,1.68802799857622,1,-3.75
211,126,1,2,894.022433217609,0.198245494406365,2,0.667796692509,2.09309836521788,1.21883529883053,1,-3.75
212,24,1,2,896.955883923792,0.198414354450506,2,0.549264258943367,2.20776340630255,1.10026218667736,1,-3.75
213,286,2,6,900.122650921223,0.199162372246064,3,0.34341684345236,1.96902808315281,0.894633382020402,1,-2.9926844162543
214,212,2,4,903.256717308095,0.198516197247955,3,0.356085736417299,1.9629166372797,0.906282969044696,1,2.9926844162543
215,227,2,3,906.371847665414,0.198316608775713,3,0.370401965916244,2.09573252335213,0.921441157543086,1,2.9926844162543
216,154,1,2,909.605561963002,0.198261004947199,3,0.393165002014939,2.11796761574624,0.944131323361944,0,-3.75
217,185,1,1,912.838733684301,0.198733344825087,1,0.516422004951892,2.12468426537635,1.06751211797564,1,3.75
218,158,1,2,915.955092593542,0.198764658560322,1,0.854212033780641,2.29610062068423,1.4050557340579,0,-3.75
219,358,2,6,918.905652011937,0.198787778044789,3,0.355556036804046,1.71352059726632,0.906791890387467,1,-2.9926844162543
220,372,2,4,921.771663763075,0.198455910995108,3,0.273635504037884,1.81544094858873,0.824488276519332,1,2.9926844162543
221,291,2,3,924.821752275586,0.198342654779481,3,0.0827373237170832,1.55748045598739,0.63376276071358,1,2.9926844162543
222,249,2,1,927.80446914295,0.198157991542757,3,0.147502612649987,1.82279265245052,0.698548827915147,1,2.9926844162543
223,288,2,8,930.987751647555,0.198356702059755,3,0.0638797248248011,1.63905536707171,0.614867117095855,1,-2.9926844162543
224,21,1,1,934.07081322938,0.19829934232439,1,0.57267376269192,2.14807738062518,1.12376094919819,1,3.75
225,324,2,4,937.154441092282,0.198850112859873,3,0.1899476475337,1.66458835170124,0.740407974057234,1,2.9926844162543
226,442,3,1,966.640150177156,0.198313682258231,3,0.703001231186136,2.07433061040501,1.25396989374713,1,-3.75
227,197,1,1,969.520843972443,0.198545462420952,1,0.40641861311633,1.91379358279119,0.957271970901274,1,3.75
228,208,2,8,972.536744911005,0.198304902705786,3,0.364232282352532,1.90553319533865,0.915121050993548,1,-2.9926844162543
229,222,2,6,975.586081015947,0.198716956329008,3,0.779111749352523,2.50423803588455,1.32984716849205,1,-2.9926844162543
230,92,1,2,978.819229032455,0.198743880286202,2,0.659491236689064,2.13487908069874,1.2105108206506,1,-3.75
231,192,1,2,981.802862485005,0.198712859204534,2,0.361283523621751,2.11953652161719,0.911932903154593,1,-3.75
232,377,2,1,985.069167648757,0.198282368524815,3,0.239615912176305,1.98121995381371,0.790571990713943,1,2.9926844162543
233,218,2,2,988.319230642041,0.198211254155467,2,0.28352040118989,1.67495144176246,0.834424095070062,0,2.9926844162543
234,123,1,1,991.218827982539,0.1983476298592,1,0.54532077701333,2.28711065249263,1.09643810664966,1,3.75
235,139,1,1,994.468725334948,0.198303146797116,1,0.440668814535456,2.14915726547406,0.99178029113682,1,3.75
236,129,1,1,997.685093287126,0.198733344823268,1,0.450096589700479,1.90882172271813,1.00083669126798,1,3.75
237,434,3,1,1000.65212811941,0.199033020186107,3,0.583517094226409,2.34186666729147,1.13417379005296,1,-3.75
238,251,2,3,1003.9189925406,0.198244031149443,3,0.64386773195838,2.03495198024211,1.19488058492971,1,2.9926844162543
239,70,1,2,1006.81836453927,0.19829787906383,2,0.755991970807372,2.24761759550893,1.30701945636429,1,-3.75
240,237,2,5,1009.81808769075,0.19831719407739,3,0.441921363897563,2.18373611477364,0.992962896736572,1,-2.9926844162543
241,292,2,4,1013.06826394025,0.198293781941175,3,0.607420008773261,2.16561775412629,1.15848319784163,1,2.9926844162543
242,83,1,1,1016.13458320981,0.19875207453515,NaN,NaN,NaN,NaN,0,3.75
243,426,3,1,1019.40111254478,0.199153007391942,3,0.586626811405949,2.32862183573889,1.13753782157619,1,-3.75
244,25,1,1,1022.65150769776,0.198686520550837,1,0.461904501304161,1.88601888598532,1.01197823490656,1,3.75
245,289,2,1,1025.58416122066,0.198268028589155,3,0.399680014610567,1.84140149738232,0.95064838451799,1,2.9926844162543
246,143,1,1,1028.53396676823,0.198267443285658,1,0.319531780660327,1.78775375464829,0.880236965949734,1,3.75
247,207,2,7,1031.51220606427,0.19922909683919,3,0.445007668937251,1.82516898442009,0.995761817788662,1,-2.9926844162543
248,269,2,5,1034.40084564641,0.198280905264255,3,0.438653029486886,1.89682329484276,0.989771822380135,1,-2.9926844162543
249,49,1,1,1037.36717226153,0.198756756963121,1,0.562091476489513,1.97052763056672,1.11304814033065,1,3.75
250,397,2,5,1040.28389733661,0.199168517932776,3,0.56183569888708,2.2535871052969,1.11252780557152,1,-2.9926844162543
251,414,3,1,1043.48428211509,0.198523513541659,3,0.566411601181244,2.1569371188034,1.11661702805759,1,-3.75
252,311,2,7,1046.58293822912,0.19832041324662,3,0.471104300781008,1.94657584318156,1.02208847388283,1,-2.9926844162543
253,75,1,1,1049.56672825034,0.198263053509436,1,0.345704209297764,1.77065469994341,0.896789054590045,1,3.75
254,86,1,2,1052.49996297956,0.19829290398593,2,0.67826747840445,2.0532655395873,1.22931691284066,1,-3.75
255,3,1,1,1055.38345774446,0.198320413248439,1,0.364237257432251,1.90556275316158,0.915235477817987,1,3.75
256,152,1,2,1058.43278799636,0.198460008117763,2,1.31497255951217,3.04027648564079,1.86614871214078,1,-3.75
257,6,1,2,1061.66654560641,0.198698226618944,2,0.469136217963751,1.91072366624576,1.01978940196932,1,-3.75
258,321,2,1,1064.61622736229,0.198337679697943,3,0.262299054355026,1.93708661115488,0.824289566000516,1,2.9926844162543
259,343,2,7,1067.7993740765,0.198268321240903,3,0.352649712571292,1.97760453446244,0.903702366176731,1,-2.9926844162543
260,241,2,1,1070.93269507944,0.198340606217243,3,0.0945013375639974,1.83599797602074,0.64571436431288,1,2.9926844162543
261,382,2,6,1074.18289181456,0.19830431740229,3,0.03610766188649,1.59403558235317,0.587191043920029,1,-2.9926844162543
262,149,1,1,1077.24907997615,0.198306073312779,1,0.533332299297399,2.19162951697035,1.08455615415733,1,3.75
263,273,2,1,1080.41556193081,0.199114377364822,3,0.216683138080043,1.82525209750747,0.767442262011173,1,2.9926844162543
264,30,1,2,1083.532404886,0.198289099513204,2,0.588943735072462,2.18018068902529,1.13950385583121,1,-3.75
265,34,1,2,1086.63205572323,0.198296708458656,NaN,NaN,NaN,NaN,0,-3.75
266,51,1,1,1089.51493533421,0.198287636256282,1,0.613172370984103,2.02168139533933,1.16417849296704,1,3.75
267,96,1,2,1092.4325228539,0.198239934024969,2,0.538101937032479,2.11224715257231,1.08914376252324,1,-3.75
268,228,2,4,1095.51511853419,0.198587018965554,3,0.295314265513298,1.65337744960561,0.845939062302932,1,2.9926844162543
269,348,2,4,1098.38128392748,0.198528195969629,3,0.237119593002717,1.77911087139728,0.788070403810707,1,2.9926844162543
270,236,2,4,1101.43162236456,0.19906140740386,3,0.171997268973428,1.69700011501118,0.72267708428808,1,2.9926844162543
271,225,2,1,1104.46520180824,0.198307829223268,3,0.235650188717045,1.7433827787936,0.786718645513247,1,2.9926844162543
272,304,2,8,1107.48119639535,0.198287050952786,3,0.197776959003022,1.63936821175957,0.748752645205968,1,-2.9926844162543
273,13,1,1,1110.43101072247,0.198244909104687,1,0.921175429781215,2.32953520175761,1.47222252300344,1,3.75
274,242,2,2,1113.34757952152,0.198371627298911,3,0.338884253611468,1.98056792578063,0.889749902766198,1,2.9926844162543
275,380,2,4,1116.49743651726,0.198528781273126,3,0.288497528996231,1.84694666217547,0.839437804339468,1,2.9926844162543
276,32,1,2,1119.56426353756,0.198872647044482,2,0.549420534960518,1.92394391505331,1.10003479629086,1,-3.75
277,151,1,1,1122.44701584504,0.198725735881453,1,0.354967221544939,2.09696663565592,0.905604895011493,1,3.75
278,132,1,2,1125.6973123744,0.198278271398522,2,0.662071839558848,2.28676151899163,1.21302235771327,1,-3.75
279,116,1,2,1128.8302274694,0.198234080990005,2,0.254943546020513,1.9299868804228,0.805955521036594,1,-3.75
280,386,2,2,1132.01337535422,0.198361677139474,3,0.783009577613484,2.27483098631637,1.33409442290758,1,2.9926844162543
281,42,1,2,1135.01394514712,0.198448009397907,1,0.624943408472973,2.26616059380285,1.17594806719717,0,-3.75
282,439,3,1,1138.16318581833,0.198586726311987,3,0.489645250510875,1.96485545492578,1.04050504663246,1,-3.75
283,282,2,2,1141.14653949584,0.198996146069476,NaN,NaN,NaN,NaN,0,2.9926844162543
284,159,1,1,1144.04687870845,0.198248713577414,3,0.413103363709524,2.12092808054695,0.964127044795532,0,3.75
285,417,3,1,1147.26278573416,0.198338265001439,3,0.495419268951082,2.13713864462989,1.04637007975543,1,-3.75
286,280,2,8,1150.41307263528,0.198268028589155,3,0.136404381464672,1.59450148389078,0.687443280437947,1,-2.9926844162543
287,87,1,1,1153.37934306127,0.198306658616275,1,0.443404522815399,2.06835875940305,0.994391037131209,1,3.75
288,164,1,2,1156.51269274408,0.198504491179847,2,0.15749608358783,1.59913035614773,0.708430798549671,1,-3.75
289,274,2,2,1159.4630259427,0.19867159531168,3,0.314162499549639,1.68875553075122,0.86507614358743,1,2.9926844162543
290,115,1,1,1162.34576771472,0.198788948651782,1,0.754008962752778,2.24579291203554,1.30469228988477,1,3.75
291,338,2,2,1165.34551018121,0.198366652221011,3,0.365572041926498,1.97392063460939,0.916543338355041,1,2.9926844162543
292,294,2,6,1168.46267768715,0.198205401122323,3,0.249539439355431,1.64072874960766,0.800645355573579,1,-2.9926844162543
293,392,2,8,1171.36245500846,0.198320120596691,3,0.0805719936397509,1.60507879501165,0.631569043418494,1,-2.9926844162543
294,203,2,3,1174.39517961646,0.198268321240903,3,0.345873069340087,1.80424058195604,0.896908456494202,1,2.9926844162543
295,250,2,2,1177.36173362197,0.198827578677083,3,0.0764722356925631,1.70171356361607,0.627450263107676,1,2.9926844162543
296,395,2,3,1180.49546404466,0.199354644426421,3,0.184600022650557,1.55992702436743,0.735866897315645,1,2.9926844162543
297,22,1,2,1183.37903753288,0.198234666293502,2,0.549755035877752,1.92405219619104,1.10097772013251,1,-3.75
298,200,1,2,1186.26173657775,0.198237885460912,2,0.309600937187497,1.81760598601613,0.860589792717292,1,-3.75
299,155,1,1,1189.27820057822,0.198229398562034,3,0.0660828069758281,1.64081010678638,0.617040934073884,0,3.75
300,320,2,8,1192.36129727825,0.198305195357534,1,0.256787251857531,1.78166513561155,0.807995596176625,0,-2.9926844162543
301,57,1,1,1195.39525131613,0.198313389606483,1,0.556959243273013,1.94782283216045,1.10803969879089,1,3.75
302,160,1,2,1198.29440938639,0.198843089219736,2,0.150144672377792,1.80856919354846,0.700943304289467,1,-3.75
303,196,1,2,1201.4612068196,0.199230267446183,2,0.280340154948135,1.72188604668918,0.831014995183068,1,-3.75
304,72,1,2,1204.41086984578,0.198244031149443,2,0.387372546518236,2.0121582157135,0.938273606532675,1,-3.75
305,359,2,7,1207.54404364491,0.198332997271791,3,0.437939837243903,2.06288236776345,0.989005367524442,1,-2.9926844162543
306,420,3,1,1210.67725578141,0.198268028589155,3,0.327990293328185,1.76957042532013,0.879054067698235,1,-3.75
307,40,1,2,1213.62780876147,0.198338557655006,2,0.675353252576315,2.28290027219373,1.22638073813141,1,-3.75
308,270,2,6,1216.74361104713,0.198730418307605,3,1.1792620552751,2.6710009361941,1.73010868206984,1,-2.9926844162543
309,157,1,1,1219.74377785862,0.198936737771874,1,1.36127825589028,2.91910140704022,1.91180179518415,1,3.75
310,428,3,1,1222.80999762659,0.198488980639013,3,0.955467187743125,2.58053643645508,1.50628513466836,1,-3.75
311,172,1,2,1225.94313835607,0.198248128273917,2,0.369171072781683,2.12748318642844,0.920085594776538,1,-3.75
312,407,3,1,1229.20983216131,0.198425767866865,3,0.534530415439804,2.29274039363372,1.08528778345863,1,-3.75
313,61,1,1,1232.47633632823,0.198347629857381,NaN,NaN,NaN,NaN,0,3.75
314,259,2,3,1235.72642887934,0.198330363406058,3,0.597399613874586,2.07214216084139,1.1484648515052,1,2.9926844162543
315,18,1,2,1238.70958267572,0.198635013846797,2,0.662258258706061,2.33683393565843,1.21276365359336,1,-3.75
316,16,1,2,1241.89257048005,0.198815872608975,2,0.486634156963191,2.1618969801566,1.03726539208947,1,-3.75
317,448,3,1,1245.07591297825,0.198373090555833,3,0.522692653359627,2.11418977469111,1.07365312167167,1,-3.75
318,128,1,2,1248.17590065762,0.198307536573338,2,0.326371344011932,1.73455991473384,0.877436288988974,1,-3.75
319,262,2,6,1251.09254291225,0.198248420923846,3,0.787843306075956,2.14586317771318,1.33883859994239,1,-2.9926844162543
320,384,2,8,1253.95905714639,0.198384796627579,3,0.392888153488457,2.15099306971388,0.943947830734032,1,-2.9926844162543
321,229,2,5,1257.22551507434,0.198874402954971,3,0.186984841519006,1.62864281886868,0.737703286858959,1,-2.9926844162543
322,425,3,1,1260.17548509218,0.199060529448616,3,0.5183640417672,2.12671234179652,1.06930021998778,1,-3.75
323,281,2,1,1263.2921308001,0.198661645154061,3,0.536339881024105,1.9777839299677,1.08694389954326,1,2.9926844162543
324,52,1,2,1266.24171334706,0.198286758301037,2,0.800826506989324,2.49239266485893,1.35182560532849,1,-3.75
325,213,2,5,1269.44151779718,0.198256615172795,3,0.3029454517673,1.84463676214909,0.853874313695997,1,-2.9926844162543
326,231,2,7,1272.49192530006,0.198299634976138,3,0.188965215709686,1.93013466954289,0.739913685301872,1,-2.9926844162543
327,45,1,1,1275.74119637779,0.198668376144269,1,0.492987625808382,2.18477327247092,1.04363846860178,1,3.75
328,300,2,4,1278.94131806238,0.198808263665342,3,0.19410476521989,1.55252088728594,0.744869742182345,1,2.9926844162543
329,264,2,8,1281.80837984789,0.19908101506735,3,0.742209538046154,2.13347054796941,1.29282906710432,1,-2.9926844162543
330,290,2,2,1284.70823296599,0.198310463089001,3,0.428994937417883,1.95328751773013,0.979942529054824,1,2.9926844162543
331,419,3,1,1287.74085368263,0.198317779382705,3,0.745806520339102,2.1208042888702,1.29688024486859,1,-3.75
332,180,1,2,1290.62400780093,0.198272418365377,2,0.536596536583602,2.26166575603202,1.08771123235238,1,-3.75
333,43,1,1,1293.85757343144,0.198328022193891,1,0.230233205376862,1.78825184787638,0.781268885182726,1,3.75
334,112,1,2,1296.92360209784,0.198555997882067,2,0.395134255439189,1.95379409785892,0.946105551865912,1,-3.75
335,217,2,1,1299.99046013923,0.198952833616204,3,0.707188491996931,2.2152090513664,1.25766403641137,1,2.9926844162543
336,339,2,3,1303.00881174329,0.198882889853849,3,0.0526969172951794,1.49262854214794,0.603295082779368,1,2.9926844162543
337,265,2,1,1305.95744258685,0.198279734657262,3,0.0290266608644743,1.72003151273748,0.58003307549734,1,2.9926844162543
338,100,1,2,1309.15679752393,0.198285002390548,2,0.357576796932335,2.03238952178071,0.908578821790798,1,-3.75
339,90,1,2,1333.94863464803,0.198309292482008,2,0.310866070572956,1.97631540363545,0.861939502450696,1,-3.75
340,221,2,5,1337.1230559512,0.198808263663523,3,0.229491040612629,1.9538649195747,0.780312206707094,1,-2.9926844162543
341,328,2,8,1340.35604154601,0.199035946703589,3,0.239122501376187,1.69712068752051,0.790072434227113,1,-2.9926844162543
342,133,1,1,1343.32209658034,0.19866837614245,1,0.866912533132563,2.25864646823538,1.41753937848443,1,3.75
343,398,2,6,1346.22225493418,0.198256029869299,3,0.472428257162392,2.03039831947717,1.0234013094996,1,-2.9926844162543
344,47,1,1,1349.28882383566,0.19826539472524,1,0.597315330180209,1.97190982464053,1.14832818315153,1,3.75
345,19,1,1,1352.17204994628,0.198323632417669,1,0.188599108407288,1.89656810254201,0.739616058503088,1,3.75
346,333,2,5,1355.38888204409,0.198311926347742,3,0.296805033376586,1.88786259182416,0.847892512536419,1,-2.9926844162543
347,39,1,1,1358.48867540271,0.198737441947742,1,0.745881146527609,2.40385937382598,1.29670143466683,1,3.75
348,5,1,1,1361.65519569474,0.198930006781666,1,0.45292594653074,2.07761211414254,1.00364234331028,1,3.75
349,175,1,1,1364.78820473095,0.198253981307062,1,0.353988886843581,1.72858425925915,0.904976571766383,1,3.75
350,109,1,1,1367.67102142181,0.198316316122146,1,0.194624807325454,1.66966615169804,0.745671022592433,1,3.75
351,148,1,2,1370.6544151926,0.198246665013357,2,0.589057576591586,2.01395597523151,1.14004204234698,1,-3.75
352,230,2,6,1373.58788140933,0.198258371083284,3,0.19905848088456,1.84036843680951,0.750045873157433,1,-2.9926844162543
353,366,2,6,1376.73740009968,0.198398843907853,3,0.0864800465660664,1.59482457138984,0.63751572637193,1,-2.9926844162543
354,379,2,3,1379.75429371287,0.198755586356128,3,0.337988154044069,1.94615881448044,0.888852925245374,1,2.9926844162543
355,421,3,1,1382.87079368024,0.198709054731808,3,0.505554675974054,2.01342539766301,1.05586984724505,1,-3.75
356,374,2,6,1385.88723075676,0.198360213880733,3,0.452199877612657,2.07701890910539,1.00321448649447,1,-2.9926844162543
357,66,1,2,1389.02090469767,0.198243445845947,1,0.657511447803699,2.41510597943125,1.20846898960008,0,-3.75
358,302,2,6,1392.28713435728,0.198477274570905,3,0.236346407158635,1.66107799431666,0.787186010311416,1,-2.9926844162543
359,385,2,1,1395.22053472737,0.198273881624118,3,0.257773488152452,1.81568823929229,0.808909547498843,1,2.9926844162543
360,401,3,1,1398.28703690426,0.198608382539533,3,0.460539866335239,1.88520707011412,1.01152725860447,1,-3.75
361,41,1,1,1401.21979461117,0.199142764580756,2,0.854377967305481,2.4963168317754,1.40510548484963,0,3.75
362,50,1,2,1404.37044557102,0.198487517380272,2,0.496645479657673,2.13751148292249,1.04728461638297,1,-3.75
363,65,1,1,1407.51984485947,0.198346459250388,1,0.339218754526883,1.9638897042496,0.890274627299732,1,3.75
364,418,3,1,1410.65285448098,0.198498638144883,3,0.615403547701135,2.20704758019383,1.16619896044176,1,-3.75
365,156,1,2,1413.75305257693,0.198270662454888,2,0.660101122875858,2.23470755752533,1.2109808193145,1,-3.75
366,153,1,1,1416.83609542904,0.198584385099821,1,0.281357412328362,2.03952700458285,0.832247058922803,1,3.75
367,107,1,1,1420.10284132629,0.198772560153884,1,0.183594178688509,1.7250343938922,0.734579522397325,1,3.75
368,310,2,6,1423.15271093531,0.198802995933875,3,0.404702796082347,2.16281210208581,0.955401341107063,1,-2.9926844162543
369,257,2,1,1426.4191249655,0.198299049670823,3,0.355081941017488,2.09640913412841,0.906033044475407,1,2.9926844162543
370,295,2,7,1429.66901734283,0.198268906544399,3,0.102403519313157,1.51044576417371,0.653407592730218,1,-2.9926844162543
371,370,2,2,1432.58539913744,0.198323047112353,3,0.283385488746717,1.85824535978645,0.834436386441666,1,2.9926844162543
372,430,3,1,1435.66854207644,0.198300220277815,3,0.434553856841376,1.9429311586573,0.985699281041889,1,-3.75
373,71,1,1,1438.68528204749,0.198585555704994,1,0.27529425398825,1.9502761315307,0.82631764242069,1,3.75
374,179,1,1,1441.86896402169,0.199028923063452,1,0.32542256713532,1.96664531284478,0.876141890430517,1,3.75
375,277,2,5,1445.01863401298,0.19824783562035,3,0.342420949647931,2.01681225601897,0.893303279952306,1,-2.9926844162543
376,122,1,2,1448.20144768953,0.198332119316547,2,0.427038853320482,1.80190726978981,0.978071606607045,1,-3.75
377,314,2,2,1451.0851329707,0.198277100793348,3,0.250554648171601,1.95832024936317,0.8017182167805,1,2.9926844162543
378,166,1,2,1454.30149565515,0.198273881624118,2,1.47988912011715,2.83776529975876,2.03087563443114,1,-3.75
379,89,1,1,1457.16925453705,0.198431035596514,1,0.51736024636557,1.87410005937818,1.0683438341639,1,3.75
380,11,1,1,1460.03445066785,0.198839870050506,1,0.346768583603989,2.10461333245075,0.897341581039655,1,3.75
381,105,1,1,1463.3006024821,0.198720760801734,1,0.29411029633593,1.70242002486884,0.844480778781872,1,3.75
382,214,2,6,1466.21717245176,0.198353190240596,3,0.314760972318254,1.68984858492695,0.86573519526064,1,-2.9926844162543
383,190,1,2,1469.10048928441,0.19822354552889,1,0.941333280265098,2.3664283408616,1.4923991031992,0,-3.75
384,147,1,1,1472.03393501552,0.198283539129989,3,0.536057179464478,1.96088182986932,1.08709871230349,0,3.75
385,424,3,1,1474.96749429549,0.198265102071673,NaN,NaN,NaN,NaN,0,-3.75
386,306,2,2,1478.10022823908,0.198432206205325,1,0.927693076240757,2.50271536898617,1.47883967104826,0,2.9926844162543
387,404,3,1,1481.18396672433,0.199111158195592,3,0.415370536584305,2.10668355071903,0.9660933717023,1,-3.75
388,390,2,6,1484.38422068749,0.198299927627886,NaN,NaN,NaN,NaN,0,-2.9926844162543
389,323,2,3,1487.35016509947,0.198283831783556,3,0.249146115444091,1.94038479604023,0.800128239983678,1,2.9926844162543
390,297,2,1,1490.55004563904,0.198517367856766,3,0.58998323398373,1.96466493865591,1.14075581989164,1,2.9926844162543
391,429,3,1,1493.43330891642,0.198597847078418,3,0.888516375765903,2.51317240025128,1.43937178211127,1,-3.75
392,416,3,1,1496.56633258522,0.198355531454581,3,0.357481099821598,1.93228068460485,0.908548971314303,1,-3.75
393,389,2,5,1499.64985275229,0.198888742888812,3,0.245923142048923,1.72062266921239,0.796706263421584,1,-2.9926844162543
394,337,2,1,1502.63347245021,0.198821140340442,3,0.213496453501648,1.92115757802458,0.764173634946928,1,2.9926844162543
395,331,2,3,1505.84955974938,0.198361969791222,3,0.0805038057897036,1.70499594531066,0.631482418508313,1,2.9926844162543
396,309,2,5,1508.98259805076,0.198339728261999,3,0.0291197241112968,1.40390766135897,0.580202520843159,1,-2.9926844162543
397,450,3,1,1511.86604686934,0.198332997271791,3,0.306599208493935,2.06439830367344,0.857602111305823,1,-3.75
398,422,3,1,1515.13241173405,0.198236714855739,3,0.312401906801824,1.85373296291436,0.863424124627272,1,-3.75
399,81,1,1,1518.18220788749,0.198575020245698,1,0.467786800880276,2.07599901786125,1.01888481550304,1,3.75
400,163,1,1,1521.29939207458,0.19940146870249,1,1.35476031677717,2.86298865886783,1.9059876834599,1,3.75
401,15,1,1,1524.31661931074,0.198504783831595,1,0.454796576326771,2.06153470659228,1.00541230091403,1,3.75
402,9,1,1,1527.4319003837,0.198263931466499,1,0.150897665254888,1.64220254367137,0.701875985321749,1,3.75
403,98,1,2,1530.43207392617,0.198202474604841,2,0.796257920985227,2.55400082703454,1.34729506404801,1,-3.75
404,400,2,8,1533.69857750778,0.198252225396573,3,0.394890476556611,1.91936157441887,0.945966834951832,1,-2.9926844162543
405,202,2,2,1536.73154355345,0.198338850304935,3,0.305769248216166,2.03045626451785,0.856828340158245,1,2.9926844162543
406,74,1,2,1539.96485282106,0.19884718634421,2,0.426975933200083,1.88507332827794,0.977697890361014,1,-3.75
407,345,2,1,1542.93167928532,0.198709640035304,3,0.286371999551193,1.89408963512506,0.836901391880019,1,2.9926844162543
408,183,1,1,1546.04765277225,0.19832831484382,1,0.279284560192536,1.95411425884049,0.830238297516189,1,3.75
409,68,1,2,1549.23125134071,0.198241982587206,2,0.163305805535856,1.75456412306448,0.714444206096232,1,-3.75
410,176,1,2,1552.33123726416,0.19835582410451,2,0.155339533061124,1.84637218684838,0.706372579001254,1,-3.75
411,1,1,1,1555.53073442998,0.19826861389447,1,0.280937164456191,1.6391024839977,0.832012352244419,1,3.75
412,412,3,1,1558.39741108582,0.198420792787147,3,1.02354207497774,2.5483292366971,1.57471442313363,1,-3.75
413,138,1,2,1561.43068529375,0.199336207368106,2,0.241660084440809,1.68316998002047,0.792424476101587,1,-3.75
414,37,1,1,1564.38064214226,0.198395917390371,1,0.453733079973972,2.04496798536456,1.00440704225366,1,3.75
415,145,1,1,1567.48062279798,0.198229398563853,1,0.454996164799013,1.91271750241685,1.005946975607,1,3.75
416,210,2,2,1570.44677411472,0.198450643261822,3,0.387987115129363,1.9628133312217,0.938807403268584,1,2.9926844162543
417,276,2,4,1573.52992115085,0.198543121206967,3,0.237235483084078,1.89551484900221,0.788058990392528,1,2.9926844162543
418,444,3,1,1576.69658689078,0.198657255377839,3,0.317739874177278,1.7926103099453,0.868546407686154,1,-3.75
419,260,2,4,1579.68107517901,0.198449180003081,3,0.277338133602825,1.78429373336076,0.828322599354578,1,2.9926844162543
420,364,2,4,1582.6961897624,0.198998487283461,3,0.112861428531687,1.52131572701546,0.663459301364128,1,2.9926844162543
421,27,1,1,1585.61304243362,0.198296415806908,1,0.317695683766942,1.69228315458713,0.868666980193666,1,3.75
422,301,2,5,1588.49610319602,0.198291440727189,3,0.316134094189692,2.04098382484699,0.867182650668838,1,-2.9926844162543
423,255,2,7,1591.72936242018,0.198245787059932,3,0.0895482072010054,1.44769040725623,0.640652952812161,1,-2.9926844162543
424,440,3,1,1594.59611194631,0.198282661176563,3,0.372880725986761,1.78078044946051,0.923912893971647,1,-3.75
425,141,1,1,1597.51242379715,0.198456203646856,1,0.670588589919134,2.32879596351268,1.22156222755984,1,3.75
426,423,3,1,1600.67949368911,0.198641744835186,3,0.431070423417623,2.10554806204527,0.982284620771679,1,-3.75
427,371,2,3,1603.86285403908,0.198663108410983,3,0.277217853743423,2.03426805317213,0.827284856355618,1,2.9926844162543
428,411,3,1,1607.1284404502,0.198274174275866,3,0.305558538977493,1.88060863363535,0.856559685878892,1,-3.75
429,8,1,2,1610.21187369971,0.198279442007333,2,0.504305638432925,2.22913049369345,1.05524269460875,1,-3.75
430,78,1,2,1613.44533046379,0.198268906544399,2,0.133822315337966,1.89174373893547,0.684864140828722,1,-3.75
431,330,2,2,1616.71201753803,0.19858614101031,3,0.225462397034789,1.81668618165895,0.776267174631357,1,2.9926844162543
432,403,3,1,1619.81173773372,0.198308121875016,3,0.308388773762999,1.73312182417976,0.859499665059047,1,-3.75
433,64,1,2,1622.74521858303,0.198985610606542,2,0.76765560511376,2.37552541958212,1.31834712649652,1,-3.75
434,14,1,2,1625.86153154595,0.198512685426977,2,0.331259505694106,1.93919487414678,0.881945174040084,1,-3.75
435,254,2,6,1628.97804204878,0.198274759579363,3,0.395432467541468,1.88680758237206,0.946507655329697,1,-2.9926844162543
436,361,2,1,1631.97832036057,0.198271540410133,3,0.227931206945868,1.9020921964111,0.77889811359637,1,2.9926844162543
437,393,2,1,1635.16120515149,0.19831221899949,3,0.0240024161321344,1.61525956305377,0.5750717508854,1,2.9926844162543
438,415,3,1,1638.26106699061,0.198760561435847,3,0.553924152281979,2.21156875661836,1.10441813375473,1,-3.75
439,130,1,2,1641.42742954337,0.198887572281819,2,0.452543743384012,1.86086400737986,1.00355045066863,1,-3.75
440,62,1,2,1644.34419500438,0.198699982529433,2,0.178162562764555,1.53617921523073,0.728738779367632,1,-3.75
441,346,2,2,1647.21095038353,0.198281783221319,3,0.0276845600765228,1.68528936377879,0.578622494207593,1,2.9926844162543
442,178,1,2,1650.37710105644,0.198285002388729,2,0.250695120997989,1.97539208745911,0.801562526065027,1,-3.75
443,53,1,1,1653.61046563523,0.198274466927614,1,0.372543298553865,2.01377950624374,0.92361263330713,1,3.75
444,362,2,2,1656.76078355742,0.198373968512897,3,0.292427548944033,1.98328431904702,0.843509760374218,1,2.9926844162543
445,402,3,1,1659.9644173553,0.199339426537335,3,0.798566943056358,2.20380412117993,1.34988883624465,1,-3.75
446,2,1,2,1662.87834994766,0.199037702614078,2,0.357046804667334,1.91364169654844,0.907718718384785,1,-3.75
447,73,1,1,1665.94385944991,0.198419036876658,1,0.39460543378118,1.95197029233896,0.945248960280878,1,3.75
448,54,1,2,1669.00990187095,0.198286758299218,2,0.314934514788547,1.8062361740358,0.865991558168389,1,-3.75
449,125,1,1,1672.01019510798,0.198277686095025,1,0.465677659933135,1.98987015335842,1.01674845794332,1,3.75
450,171,1,1,1675.04350736063,0.19863764771253,1,0.510411523922812,1.88450002355785,1.06101203061917,1,3.75
